13 -664.901367 269.676513 13.124999 0.000000 -89.000000 0.000000 0.000000 0.000000 1.000000 0.000000 -89.000000 1.000000 0 0 0.000000
13 -666.449340 402.557556 13.124999 0.000000 -89.000000 0.000000 0.000000 0.000000 1.000000 0.000000 -89.000000 1.000000 0 0 0.000000
13 -675.612182 223.539840 13.124999 0.000000 -2.000000 0.000000 0.000000 0.000000 1.000000 0.000000 -2.000000 1.000000 0 0 0.000000
13 -665.839172 349.063415 13.124999 0.000000 -89.000000 0.000000 0.000000 0.000000 1.000000 0.000000 -89.000000 1.000000 0 0 0.000000
13 -653.109680 449.793029 13.124999 0.000000 -84.000000 0.000000 0.000000 0.000000 1.000000 0.000000 -84.000000 1.000000 0 0 0.000000
13 307.606048 527.183410 13.125000 0.000000 -93.000000 0.000000 0.000000 0.000000 1.000000 0.000000 -93.000000 1.000000 0 0 0.000000
16 -756.524597 1453.537109 -48.875000 0.000000 -1.000000 0.000000 0.000000 0.000000 1.000000 0.000000 -1.000000 1.000000 0 0 0.000000
11 516.450195 184.339477 72.125000 0.000000 177.000000 0.000000 0.000000 0.000000 1.000000 0.000000 177.000000 1.000000 0 0 0.000000
14 477.115814 -450.521331 -256.875000 0.000000 -72.000000 0.000000 0.000000 0.000000 1.000000 0.000000 -72.000000 1.000000 0 0 0.000000
11 -968.572998 1401.341552 -247.875000 0.000000 124.000000 0.000000 0.000000 0.000000 1.000000 0.000000 124.000000 1.000000 0 0 0.000000
16 -220.610794 -554.681457 47.125000 0.000000 122.000000 0.000000 0.000000 0.000000 1.000000 0.000000 122.000000 1.000000 0 0 0.000000
16 -325.211822 -622.997497 47.125000 0.000000 -10.000000 0.000000 0.000000 0.000000 1.000000 0.000000 -10.000000 1.000000 0 0 0.000000
14 -561.599182 -634.725524 119.125000 0.000000 -178.000000 0.000000 0.000000 0.000000 1.000000 0.000000 -178.000000 1.000000 0 0 0.000000
15 -933.273437 1481.366333 -304.875000 0.000000 88.000000 0.000000 0.000000 0.000000 1.000000 0.000000 88.000000 1.000000 0 0 0.000000
11 -944.092712 1100.340454 -279.875000 0.000000 123.000000 0.000000 0.000000 0.000000 1.000000 0.000000 123.000000 1.000000 0 0 0.000000
11 -513.104309 1059.398925 -223.875000 0.000000 -18.000000 0.000000 0.000000 0.000000 1.000000 0.000000 -18.000000 1.000000 0 0 0.000000
13 -547.353942 740.623352 181.125000 0.000000 -164.000000 0.000000 0.000000 0.000000 1.000000 0.000000 -164.000000 1.000000 0 0 0.000000
11 -358.906646 707.757507 208.125000 0.000000 -35.000000 0.000000 0.000000 0.000000 1.000000 0.000000 -35.000000 1.000000 0 0 0.000000
11 -576.699157 696.216613 92.125000 0.000000 -45.000000 0.000000 0.000000 0.000000 1.000000 0.000000 -45.000000 1.000000 0 0 0.000000
5 685.991638 1099.265014 79.125000 0.000000 2.000000 0.000000 0.000000 0.000000 1.000000 0.000000 2.000000 1.000000 0 0 0.000000
1 747.143066 1183.357421 367.125000 0.000000 67.000000 0.000000 0.000000 0.000000 1.000000 0.000000 67.000000 1.000000 0 0 0.000000
11 520.345947 205.246170 80.125000 0.000000 166.000000 0.000000 0.000000 0.000000 1.000000 0.000000 166.000000 1.000000 0 0 0.000000
11 -625.519653 709.555114 40.125000 0.000000 -58.000000 0.000000 0.000000 0.000000 1.000000 0.000000 -58.000000 1.000000 0 0 0.000000
13 270.698394 -403.213165 45.125000 0.000000 -88.000000 0.000000 0.000000 0.000000 1.000000 0.000000 -88.000000 1.000000 0 0 0.000000
10 234.311004 -736.618652 92.125000 0.000000 -94.000000 0.000000 0.000000 0.000000 1.000000 0.000000 -94.000000 1.000000 0 0 0.000000
10 237.655853 -685.479003 92.125000 0.000000 -174.000000 0.000000 0.000000 0.000000 1.000000 0.000000 -174.000000 1.000000 0 0 0.000000
14 457.067382 -716.540161 143.125000 0.000000 -100.000000 0.000000 0.000000 0.000000 1.000000 0.000000 -100.000000 1.000000 0 0 0.000000
10 468.495086 -654.542175 156.125000 0.000000 -78.000000 0.000000 0.000000 0.000000 1.000000 0.000000 -78.000000 1.000000 0 0 0.000000
15 -389.900787 -2005.490600 -144.875000 0.000000 -93.000000 0.000000 0.000000 0.000000 1.000000 0.000000 -93.000000 1.000000 0 0 0.000000
15 -270.026550 -2018.212890 -240.875000 0.000000 -92.000000 0.000000 0.000000 0.000000 1.000000 0.000000 -92.000000 1.000000 0 0 0.000000
10 -988.176452 870.511657 60.125000 0.000000 178.000000 0.000000 0.000000 0.000000 1.000000 0.000000 178.000000 1.000000 0 0 0.000000
10 -1808.385253 855.315490 -139.875000 0.000000 -115.000000 0.000000 0.000000 0.000000 1.000000 0.000000 -115.000000 1.000000 0 0 0.000000
15 495.302093 -1218.596679 -176.875000 0.000000 -83.000000 0.000000 0.000000 0.000000 1.000000 0.000000 -83.000000 1.000000 0 0 0.000000
14 -562.073547 -1463.249755 -24.875000 0.000000 -114.000000 0.000000 0.000000 0.000000 1.000000 0.000000 -114.000000 1.000000 0 0 0.000000
11 426.236816 -1192.934326 -127.875000 0.000000 -129.000000 0.000000 0.000000 0.000000 1.000000 0.000000 -129.000000 1.000000 0 0 0.000000
15 -355.991607 -1486.581787 -144.875000 0.000000 -112.000000 0.000000 0.000000 0.000000 1.000000 0.000000 -112.000000 1.000000 0 0 0.000000
11 -425.073638 -1370.944335 8.125000 0.000000 -81.000000 0.000000 0.000000 0.000000 1.000000 0.000000 -81.000000 1.000000 0 0 0.000000
11 -479.475067 -1378.975708 8.125000 0.000000 -81.000000 0.000000 0.000000 0.000000 1.000000 0.000000 -81.000000 1.000000 0 0 0.000000
11 -529.520507 -1388.500122 8.125000 0.000000 -96.000000 0.000000 0.000000 0.000000 1.000000 0.000000 -96.000000 1.000000 0 0 0.000000
15 -335.588287 -1904.278808 -144.875000 0.000000 -77.000000 0.000000 0.000000 0.000000 1.000000 0.000000 -77.000000 1.000000 0 0 0.000000
11 -573.844970 -1381.942749 8.125000 0.000000 -100.000000 0.000000 0.000000 0.000000 1.000000 0.000000 -100.000000 1.000000 0 0 0.000000
15 -343.017883 -1810.398925 -144.875000 0.000000 -78.000000 0.000000 0.000000 0.000000 1.000000 0.000000 -78.000000 1.000000 0 0 0.000000
15 -161.202468 -1763.163452 -144.875000 0.000000 -62.000000 0.000000 0.000000 0.000000 1.000000 0.000000 -62.000000 1.000000 0 0 0.000000
15 -253.191604 -1766.623413 -144.875000 0.000000 -78.000000 0.000000 0.000000 0.000000 1.000000 0.000000 -78.000000 1.000000 0 0 0.000000
15 -56.031837 -1758.360351 -144.875000 0.000000 -58.000000 0.000000 0.000000 0.000000 1.000000 0.000000 -58.000000 1.000000 0 0 0.000000
11 -58.677036 -1641.907836 -119.875000 0.000000 -4.000000 0.000000 0.000000 0.000000 1.000000 0.000000 -4.000000 1.000000 0 0 0.000000
11 -53.081298 -1692.984863 -119.875000 0.000000 -12.000000 0.000000 0.000000 0.000000 1.000000 0.000000 -12.000000 1.000000 0 0 0.000000
10 -33.795825 336.556030 -107.875000 0.000000 -17.000000 0.000000 0.000000 0.000000 1.000000 0.000000 -17.000000 1.000000 0 0 0.000000
10 -78.182685 450.611816 -107.875000 0.000000 8.000000 0.000000 0.000000 0.000000 1.000000 0.000000 8.000000 1.000000 0 0 0.000000
11 -129.621826 428.669586 -87.875000 0.000000 -13.000000 0.000000 0.000000 0.000000 1.000000 0.000000 -13.000000 1.000000 0 0 0.000000
13 -1023.832397 807.367492 93.125000 0.000000 -177.000000 0.000000 0.000000 0.000000 1.000000 0.000000 -177.000000 1.000000 0 0 0.000000
15 -1100.485839 767.137939 15.125000 0.000000 -83.000000 0.000000 0.000000 0.000000 1.000000 0.000000 -83.000000 1.000000 0 0 0.000000
14 -1116.293212 643.419677 47.125000 0.000000 -144.000000 0.000000 0.000000 0.000000 1.000000 0.000000 -144.000000 1.000000 0 0 0.000000
11 -1842.123046 520.473327 -119.875000 0.000000 -173.000000 0.000000 0.000000 0.000000 1.000000 0.000000 -173.000000 1.000000 0 0 0.000000
15 -1031.193725 657.442077 55.125000 0.000000 -175.000000 0.000000 0.000000 0.000000 1.000000 0.000000 -175.000000 1.000000 0 0 0.000000
11 -1945.090209 809.245666 -119.875000 0.000000 169.000000 0.000000 0.000000 0.000000 1.000000 0.000000 169.000000 1.000000 0 0 0.000000
15 513.004211 611.965393 -240.875000 0.000000 -94.000000 0.000000 0.000000 0.000000 1.000000 0.000000 -94.000000 1.000000 0 0 0.000000
15 -1907.480834 1135.547119 -240.875000 0.000000 148.000000 0.000000 0.000000 0.000000 1.000000 0.000000 148.000000 1.000000 0 0 0.000000
11 357.802246 422.514312 -215.875000 0.000000 91.000000 0.000000 0.000000 0.000000 1.000000 0.000000 91.000000 1.000000 0 0 0.000000
11 424.746459 423.049713 -215.875000 0.000000 91.000000 0.000000 0.000000 0.000000 1.000000 0.000000 91.000000 1.000000 0 0 0.000000
11 484.650787 423.704986 -223.875000 0.000000 91.000000 0.000000 0.000000 0.000000 1.000000 0.000000 91.000000 1.000000 0 0 0.000000
11 544.262207 424.295715 -215.875000 0.000000 91.000000 0.000000 0.000000 0.000000 1.000000 0.000000 91.000000 1.000000 0 0 0.000000
11 604.038085 424.951385 -215.875000 0.000000 91.000000 0.000000 0.000000 0.000000 1.000000 0.000000 91.000000 1.000000 0 0 0.000000
10 410.572418 487.321685 -235.875000 0.000000 -89.000000 0.000000 0.000000 0.000000 1.000000 0.000000 -89.000000 1.000000 0 0 0.000000
11 464.432373 138.540542 -227.875000 0.000000 89.000000 0.000000 0.000000 0.000000 1.000000 0.000000 89.000000 1.000000 0 0 0.000000
10 356.602813 -113.708610 -235.875000 0.000000 120.000000 0.000000 0.000000 0.000000 1.000000 0.000000 120.000000 1.000000 0 0 0.000000
11 -311.939208 866.652954 -215.875000 0.000000 -86.000000 0.000000 0.000000 0.000000 1.000000 0.000000 -86.000000 1.000000 0 0 0.000000
11 -359.420684 869.565429 -215.875000 0.000000 -93.000000 0.000000 0.000000 0.000000 1.000000 0.000000 -93.000000 1.000000 0 0 0.000000
10 -338.856781 920.557495 -235.875000 0.000000 -92.000000 0.000000 0.000000 0.000000 1.000000 0.000000 -92.000000 1.000000 0 0 0.000000
11 -446.777160 923.823547 -215.875000 0.000000 -173.000000 0.000000 0.000000 0.000000 1.000000 0.000000 -173.000000 1.000000 0 0 0.000000
11 -443.556884 976.092529 -215.875000 0.000000 -150.000000 0.000000 0.000000 0.000000 1.000000 0.000000 -150.000000 1.000000 0 0 0.000000
11 -455.466766 1022.558654 -227.875000 0.000000 -175.000000 0.000000 0.000000 0.000000 1.000000 0.000000 -175.000000 1.000000 0 0 0.000000
11 -445.759552 1083.453369 -227.875000 0.000000 -164.000000 0.000000 0.000000 0.000000 1.000000 0.000000 -164.000000 1.000000 0 0 0.000000
11 -444.912414 1134.947998 -215.875000 0.000000 -151.000000 0.000000 0.000000 0.000000 1.000000 0.000000 -151.000000 1.000000 0 0 0.000000
11 -445.227600 1187.579711 -215.875000 0.000000 -178.000000 0.000000 0.000000 0.000000 1.000000 0.000000 -178.000000 1.000000 0 0 0.000000
10 -382.858032 1056.983154 -243.875000 0.000000 176.000000 0.000000 0.000000 0.000000 1.000000 0.000000 176.000000 1.000000 0 0 0.000000
10 -258.853302 702.036804 -235.875000 0.000000 57.000000 0.000000 0.000000 0.000000 1.000000 0.000000 57.000000 1.000000 0 0 0.000000
11 -472.368286 713.520080 -215.875000 0.000000 -2.000000 0.000000 0.000000 0.000000 1.000000 0.000000 -2.000000 1.000000 0 0 0.000000
15 -847.190185 656.990783 -240.875000 0.000000 -173.000000 0.000000 0.000000 0.000000 1.000000 0.000000 -173.000000 1.000000 0 0 0.000000
15 -562.481750 658.204528 -240.875000 0.000000 -4.000000 0.000000 0.000000 0.000000 1.000000 0.000000 -4.000000 1.000000 0 0 0.000000
11 -493.051788 601.682983 -215.875000 0.000000 178.000000 0.000000 0.000000 0.000000 1.000000 0.000000 178.000000 1.000000 0 0 0.000000
10 -629.863647 604.135742 -235.875000 0.000000 -27.000000 0.000000 0.000000 0.000000 1.000000 0.000000 -27.000000 1.000000 0 0 0.000000
10 -630.297729 708.383972 -235.875000 0.000000 14.000000 0.000000 0.000000 0.000000 1.000000 0.000000 14.000000 1.000000 0 0 0.000000
10 -710.599853 652.813659 -235.875000 0.000000 179.000000 0.000000 0.000000 0.000000 1.000000 0.000000 179.000000 1.000000 0 0 0.000000
11 -825.213378 724.201354 -215.875000 0.000000 -49.000000 0.000000 0.000000 0.000000 1.000000 0.000000 -49.000000 1.000000 0 0 0.000000
11 -822.086181 588.260803 -215.875000 0.000000 -8.000000 0.000000 0.000000 0.000000 1.000000 0.000000 -8.000000 1.000000 0 0 0.000000
10 -1016.615417 654.938232 -235.875000 0.000000 0.000000 0.000000 0.000000 0.000000 1.000000 0.000000 0.000000 1.000000 0 0 0.000000
10 -831.393432 476.145812 -235.875000 0.000000 -2.000000 0.000000 0.000000 0.000000 1.000000 0.000000 -2.000000 1.000000 0 0 0.000000
10 -829.431518 833.558654 -235.875000 0.000000 93.000000 0.000000 0.000000 0.000000 1.000000 0.000000 93.000000 1.000000 0 0 0.000000
10 -1088.799194 654.858642 -235.875000 0.000000 0.000000 0.000000 0.000000 0.000000 1.000000 0.000000 0.000000 1.000000 0 0 0.000000
15 -1253.397827 655.540405 -240.875000 0.000000 179.000000 0.000000 0.000000 0.000000 1.000000 0.000000 179.000000 1.000000 0 0 0.000000
11 -1318.440917 603.385009 -215.875000 0.000000 174.000000 0.000000 0.000000 0.000000 1.000000 0.000000 174.000000 1.000000 0 0 0.000000
11 -1322.237792 699.062683 -215.875000 0.000000 -168.000000 0.000000 0.000000 0.000000 1.000000 0.000000 -168.000000 1.000000 0 0 0.000000
10 -1049.976806 475.632171 -235.875000 0.000000 176.000000 0.000000 0.000000 0.000000 1.000000 0.000000 176.000000 1.000000 0 0 0.000000
10 -1162.151733 476.188323 -235.875000 0.000000 174.000000 0.000000 0.000000 0.000000 1.000000 0.000000 174.000000 1.000000 0 0 0.000000
10 -1037.897705 833.606445 -235.875000 0.000000 -179.000000 0.000000 0.000000 0.000000 1.000000 0.000000 -179.000000 1.000000 0 0 0.000000
10 -1312.261596 476.540435 -235.875000 0.000000 -1.000000 0.000000 0.000000 0.000000 1.000000 0.000000 -1.000000 1.000000 0 0 0.000000
10 -1149.308349 833.576477 -235.875000 0.000000 -179.000000 0.000000 0.000000 0.000000 1.000000 0.000000 -179.000000 1.000000 0 0 0.000000
11 -1416.670898 655.521972 -215.875000 0.000000 -1.000000 0.000000 0.000000 0.000000 1.000000 0.000000 -1.000000 1.000000 0 0 0.000000
10 -1303.225830 836.452758 -235.875000 0.000000 1.000000 0.000000 0.000000 0.000000 1.000000 0.000000 1.000000 1.000000 0 0 0.000000
11 -1574.433349 657.283996 -215.875000 0.000000 -1.000000 0.000000 0.000000 0.000000 1.000000 0.000000 -1.000000 1.000000 0 0 0.000000
15 -1813.056640 1124.812255 -240.875000 0.000000 92.000000 0.000000 0.000000 0.000000 1.000000 0.000000 92.000000 1.000000 0 0 0.000000
15 -1578.860107 1136.754150 -240.875000 0.000000 14.000000 0.000000 0.000000 0.000000 1.000000 0.000000 14.000000 1.000000 0 0 0.000000
11 -1749.199829 1058.799072 -215.875000 0.000000 87.000000 0.000000 0.000000 0.000000 1.000000 0.000000 87.000000 1.000000 0 0 0.000000
15 -1674.241210 1125.657226 -240.875000 0.000000 77.000000 0.000000 0.000000 0.000000 1.000000 0.000000 77.000000 1.000000 0 0 0.000000
10 -1744.495239 1136.533935 -235.875000 0.000000 -90.000000 0.000000 0.000000 0.000000 1.000000 0.000000 -90.000000 1.000000 0 0 0.000000
11 -1109.636718 701.474731 40.125000 0.000000 -167.000000 0.000000 0.000000 0.000000 1.000000 0.000000 -167.000000 1.000000 0 0 0.000000
14 -1948.204223 420.758483 -152.875000 0.000000 -100.000000 0.000000 0.000000 0.000000 1.000000 0.000000 -100.000000 1.000000 0 0 0.000000
11 -1676.065551 1383.396850 -175.875000 0.000000 89.000000 0.000000 0.000000 0.000000 1.000000 0.000000 89.000000 1.000000 0 0 0.000000
10 -1744.395385 1382.966918 -235.875000 0.000000 80.000000 0.000000 0.000000 0.000000 1.000000 0.000000 80.000000 1.000000 0 0 0.000000
11 -1797.143310 1324.438964 -215.875000 0.000000 97.000000 0.000000 0.000000 0.000000 1.000000 0.000000 97.000000 1.000000 0 0 0.000000
11 -1793.844360 1381.290283 -175.875000 0.000000 92.000000 0.000000 0.000000 0.000000 1.000000 0.000000 92.000000 1.000000 0 0 0.000000
11 -1495.017822 1343.011718 -215.875000 0.000000 88.000000 0.000000 0.000000 0.000000 1.000000 0.000000 88.000000 1.000000 0 0 0.000000
11 -1683.927856 1327.355346 -215.875000 0.000000 48.000000 0.000000 0.000000 0.000000 1.000000 0.000000 48.000000 1.000000 0 0 0.000000
11 -986.641357 1320.082275 -215.875000 0.000000 4.000000 0.000000 0.000000 0.000000 1.000000 0.000000 4.000000 1.000000 0 0 0.000000
11 -1440.555664 1382.614257 -215.875000 0.000000 170.000000 0.000000 0.000000 0.000000 1.000000 0.000000 170.000000 1.000000 0 0 0.000000
11 -1432.623657 1328.153442 -215.875000 0.000000 176.000000 0.000000 0.000000 0.000000 1.000000 0.000000 176.000000 1.000000 0 0 0.000000
11 -1435.756225 1282.257812 -215.875000 0.000000 176.000000 0.000000 0.000000 0.000000 1.000000 0.000000 176.000000 1.000000 0 0 0.000000
11 -1590.636230 1334.686889 -215.875000 0.000000 88.000000 0.000000 0.000000 0.000000 1.000000 0.000000 88.000000 1.000000 0 0 0.000000
10 -1363.020507 1457.875976 -211.875000 0.000000 150.000000 0.000000 0.000000 0.000000 1.000000 0.000000 150.000000 1.000000 0 0 0.000000
11 -985.016174 1264.179199 -215.875000 0.000000 -1.000000 0.000000 0.000000 0.000000 1.000000 0.000000 -1.000000 1.000000 0 0 0.000000
11 -1354.725219 1551.790893 -191.875000 0.000000 70.000000 0.000000 0.000000 0.000000 1.000000 0.000000 70.000000 1.000000 0 0 0.000000
11 -1313.154907 1488.591186 -191.875000 0.000000 -124.000000 0.000000 0.000000 0.000000 1.000000 0.000000 -124.000000 1.000000 0 0 0.000000
11 -1352.059326 1605.213745 -191.875000 0.000000 108.000000 0.000000 0.000000 0.000000 1.000000 0.000000 108.000000 1.000000 0 0 0.000000
15 -586.754333 954.371643 -240.875000 0.000000 159.000000 0.000000 0.000000 0.000000 1.000000 0.000000 159.000000 1.000000 0 0 0.000000
15 -995.316162 1501.355346 -48.875000 0.000000 -150.000000 0.000000 0.000000 0.000000 1.000000 0.000000 -150.000000 1.000000 0 0 0.000000
14 -1305.724853 1219.715209 -24.875000 0.000000 169.000000 0.000000 0.000000 0.000000 1.000000 0.000000 169.000000 1.000000 0 0 0.000000
11 -1242.730224 1208.044555 8.125000 0.000000 176.000000 0.000000 0.000000 0.000000 1.000000 0.000000 176.000000 1.000000 0 0 0.000000
15 -588.446472 1153.349365 -240.875000 0.000000 -164.000000 0.000000 0.000000 0.000000 1.000000 0.000000 -164.000000 1.000000 0 0 0.000000
11 -296.334381 1448.377197 -215.875000 0.000000 -116.000000 0.000000 0.000000 0.000000 1.000000 0.000000 -116.000000 1.000000 0 0 0.000000
15 -768.571105 1044.857543 -304.875000 0.000000 -176.000000 0.000000 0.000000 0.000000 1.000000 0.000000 -176.000000 1.000000 0 0 0.000000
11 -845.688476 1024.009155 -279.875000 0.000000 -73.000000 0.000000 0.000000 0.000000 1.000000 0.000000 -73.000000 1.000000 0 0 0.000000
10 -878.943054 1083.216796 -299.875000 0.000000 -28.000000 0.000000 0.000000 0.000000 1.000000 0.000000 -28.000000 1.000000 0 0 0.000000
12 -933.251647 1585.028930 -306.875000 0.000000 90.000000 0.000000 0.000000 0.000000 1.000000 0.000000 90.000000 1.000000 0 0 0.000000
10 -598.854003 1053.096679 -299.875000 0.000000 -176.000000 0.000000 0.000000 0.000000 1.000000 0.000000 -176.000000 1.000000 0 0 0.000000
14 979.255310 845.466979 7.125000 0.000000 1.000000 0.000000 0.000000 0.000000 1.000000 0.000000 1.000000 1.000000 0 0 0.000000
11 915.017822 868.960083 40.125000 0.000000 -6.000000 0.000000 0.000000 0.000000 1.000000 0.000000 -6.000000 1.000000 0 0 0.000000
10 866.736022 830.304260 20.125000 0.000000 -14.000000 0.000000 0.000000 0.000000 1.000000 0.000000 -14.000000 1.000000 0 0 0.000000
15 798.260314 849.843444 15.125000 0.000000 -13.000000 0.000000 0.000000 0.000000 1.000000 0.000000 -13.000000 1.000000 0 0 0.000000
15 -113.083358 1246.199829 -240.875000 0.000000 -100.000000 0.000000 0.000000 0.000000 1.000000 0.000000 -100.000000 1.000000 0 0 0.000000
13 634.468505 198.629257 13.125000 0.000000 -88.000000 0.000000 0.000000 0.000000 1.000000 0.000000 -88.000000 1.000000 0 0 0.000000
15 614.276672 108.675354 23.125000 0.000000 -92.000000 0.000000 0.000000 0.000000 1.000000 0.000000 -92.000000 1.000000 0 0 0.000000
13 305.067382 437.255371 13.125000 0.000000 -91.000000 0.000000 0.000000 0.000000 1.000000 0.000000 -91.000000 1.000000 0 0 0.000000
10 249.082946 1333.233154 20.125000 0.000000 97.000000 0.000000 0.000000 0.000000 1.000000 0.000000 97.000000 1.000000 0 0 0.000000
11 297.250732 1329.138427 40.125000 0.000000 71.000000 0.000000 0.000000 0.000000 1.000000 0.000000 71.000000 1.000000 0 0 0.000000
14 269.402893 1267.290893 7.125000 0.000000 84.000000 0.000000 0.000000 0.000000 1.000000 0.000000 84.000000 1.000000 0 0 0.000000
15 270.099365 1165.270874 15.125000 0.000000 78.000000 0.000000 0.000000 0.000000 1.000000 0.000000 78.000000 1.000000 0 0 0.000000
10 -52.708137 1167.447998 36.125000 0.000000 -110.000000 0.000000 0.000000 0.000000 1.000000 0.000000 -110.000000 1.000000 0 0 0.000000
11 -54.131462 1092.276123 56.125000 0.000000 102.000000 0.000000 0.000000 0.000000 1.000000 0.000000 102.000000 1.000000 0 0 0.000000
11 -10.021757 1119.770019 56.125000 0.000000 90.000000 0.000000 0.000000 0.000000 1.000000 0.000000 90.000000 1.000000 0 0 0.000000
13 -33.493518 1250.790893 21.181110 0.000000 -89.000000 0.000000 0.000000 0.242535 0.970142 0.000000 -89.000000 1.000000 0 0 0.000000
11 -621.344665 1402.811767 -23.875000 0.000000 -176.000000 0.000000 0.000000 0.000000 1.000000 0.000000 -176.000000 1.000000 0 0 0.000000
10 -121.157646 1362.790893 4.125000 0.000000 -167.000000 0.000000 0.000000 0.000000 1.000000 0.000000 -167.000000 1.000000 0 0 0.000000
15 -272.344085 1370.131591 -40.875000 0.000000 158.000000 0.000000 0.000000 0.000000 1.000000 0.000000 158.000000 1.000000 0 0 0.000000
11 -573.920288 1446.221801 -23.875000 0.000000 179.000000 0.000000 0.000000 0.000000 1.000000 0.000000 179.000000 1.000000 0 0 0.000000
11 -606.675659 1500.209838 -23.875000 0.000000 174.000000 0.000000 0.000000 0.000000 1.000000 0.000000 174.000000 1.000000 0 0 0.000000
14 -680.887817 1453.236206 -56.875000 0.000000 -8.000000 0.000000 0.000000 0.000000 1.000000 0.000000 -8.000000 1.000000 0 0 0.000000
11 61.564823 1506.110229 -143.875000 0.000000 -17.000000 0.000000 0.000000 0.000000 1.000000 0.000000 -17.000000 1.000000 0 0 0.000000
11 61.645729 1574.998535 -143.875000 0.000000 0.000000 0.000000 0.000000 0.000000 1.000000 0.000000 0.000000 1.000000 0 0 0.000000
14 -192.369842 1550.164916 -244.875000 0.000000 107.000000 0.000000 0.000000 0.000000 1.000000 0.000000 107.000000 1.000000 0 0 0.000000
11 -133.555923 1510.485839 -215.875000 0.000000 100.000000 0.000000 0.000000 0.000000 1.000000 0.000000 100.000000 1.000000 0 0 0.000000
11 -186.426208 1490.984863 -215.875000 0.000000 100.000000 0.000000 0.000000 0.000000 1.000000 0.000000 100.000000 1.000000 0 0 0.000000
11 -251.086410 1466.454956 -211.875000 0.000000 127.000000 0.000000 0.000000 0.000000 1.000000 0.000000 127.000000 1.000000 0 0 0.000000
11 -243.721801 1358.647705 -215.875000 0.000000 -164.000000 0.000000 0.000000 0.000000 1.000000 0.000000 -164.000000 1.000000 0 0 0.000000
14 -155.704116 1017.758483 103.125000 0.000000 157.000000 0.000000 0.000000 0.000000 1.000000 0.000000 157.000000 1.000000 0 0 0.000000
10 -162.094909 950.757080 76.125000 0.000000 166.000000 0.000000 0.000000 0.000000 1.000000 0.000000 166.000000 1.000000 0 0 0.000000
10 -1094.628906 706.658996 372.125000 0.000000 -177.000000 0.000000 0.000000 0.000000 1.000000 0.000000 -177.000000 1.000000 0 0 0.000000
15 -33.576660 754.203125 15.125000 0.000000 -15.000000 0.000000 0.000000 0.000000 1.000000 0.000000 -15.000000 1.000000 0 0 0.000000
15 64.787811 732.973022 15.125000 0.000000 -8.000000 0.000000 0.000000 0.000000 1.000000 0.000000 -8.000000 1.000000 0 0 0.000000
15 -126.240264 799.365844 15.125000 0.000000 -11.000000 0.000000 0.000000 0.000000 1.000000 0.000000 -11.000000 1.000000 0 0 0.000000
10 20.057806 927.228515 36.125000 0.000000 -164.000000 0.000000 0.000000 0.000000 1.000000 0.000000 -164.000000 1.000000 0 0 0.000000
11 -60.021160 833.933227 40.125000 0.000000 176.000000 0.000000 0.000000 0.000000 1.000000 0.000000 176.000000 1.000000 0 0 0.000000
10 -4.098670 826.757507 20.125000 0.000000 168.000000 0.000000 0.000000 0.000000 1.000000 0.000000 168.000000 1.000000 0 0 0.000000
15 269.508483 210.811065 256.036163 0.000000 -15.000000 0.000000 0.175790 0.000000 0.984427 0.000000 -15.000000 1.000000 0 0 0.000000
13 -215.057937 817.603454 13.125000 0.000000 -7.000000 0.000000 0.000000 0.000000 1.000000 0.000000 -7.000000 1.000000 0 0 0.000000
13 -272.426086 909.952575 13.125000 0.000000 -90.000000 0.000000 0.000000 0.000000 1.000000 0.000000 -90.000000 1.000000 0 0 0.000000
13 236.560241 887.489379 13.125000 0.000000 171.000000 0.000000 0.000000 0.000000 1.000000 0.000000 171.000000 1.000000 0 0 0.000000
13 242.889633 961.181640 13.125000 0.000000 171.000000 0.000000 0.000000 0.000000 1.000000 0.000000 171.000000 1.000000 0 0 0.000000
10 -259.020629 1205.201293 20.125000 0.000000 75.000000 0.000000 0.000000 0.000000 1.000000 0.000000 75.000000 1.000000 0 0 0.000000
15 157.963775 718.958984 15.125000 0.000000 143.000000 0.000000 0.000000 0.000000 1.000000 0.000000 143.000000 1.000000 0 0 0.000000
15 169.352783 198.952392 273.921112 0.000000 -89.000000 0.000000 0.175790 0.000000 0.984427 0.000000 -89.000000 1.000000 0 0 0.000000
15 -616.091918 153.066741 23.125001 0.000000 -5.000000 0.000000 0.000000 0.000000 1.000000 0.000000 -5.000000 1.000000 0 0 0.000000
11 -448.843383 512.460815 -71.875000 0.000000 62.000000 0.000000 0.000000 0.000000 1.000000 0.000000 62.000000 1.000000 0 0 0.000000
15 202.197235 808.939758 15.125000 0.000000 171.000000 0.000000 0.000000 0.000000 1.000000 0.000000 171.000000 1.000000 0 0 0.000000
2 298.285156 297.915588 251.611785 0.000000 59.000000 0.000000 0.175790 0.000000 0.984427 0.000000 59.000000 1.000000 0 0 0.000000
15 -6.671882 405.262512 -112.875000 0.000000 -158.000000 0.000000 0.000000 0.000000 1.000000 0.000000 -158.000000 1.000000 0 0 0.000000
15 79.704650 347.772583 -112.875000 0.000000 148.000000 0.000000 0.000000 0.000000 1.000000 0.000000 148.000000 1.000000 0 0 0.000000
15 76.235054 450.711517 -112.875000 0.000000 117.000000 0.000000 0.000000 0.000000 1.000000 0.000000 117.000000 1.000000 0 0 0.000000
11 -186.306182 404.325286 -87.875000 0.000000 -1.000000 0.000000 0.000000 0.000000 1.000000 0.000000 -1.000000 1.000000 0 0 0.000000
10 165.329406 450.924682 -107.875000 0.000000 84.000000 0.000000 0.000000 0.000000 1.000000 -35.709915 84.000000 1.000000 0 0 0.000000
11 -178.636901 454.422607 -87.875000 0.000000 0.000000 0.000000 0.000000 0.000000 1.000000 0.000000 0.000000 1.000000 0 0 0.000000
13 -121.136154 369.848052 -114.875000 0.000000 177.000000 0.000000 0.000000 0.000000 1.000000 0.000000 177.000000 1.000000 0 0 0.000000
14 156.107025 383.103027 -120.875000 0.000000 85.000000 0.000000 0.000000 0.000000 1.000000 0.000000 85.000000 1.000000 0 0 0.000000
11 157.753662 301.309020 -87.875000 0.000000 -95.000000 0.000000 0.000000 0.000000 1.000000 0.000000 -95.000000 1.000000 0 0 0.000000
5 -31.645469 411.723205 16.875000 0.000000 1.000000 179.000000 0.000000 0.000000 -1.000000 1.000000 1.000000 0.000000 0 0 0.000000
11 -307.761413 424.639312 -87.875000 0.000000 97.000000 0.000000 0.000000 0.000000 1.000000 0.000000 97.000000 1.000000 0 0 0.000000
14 -262.546569 1207.997070 271.125000 0.000000 102.000000 0.000000 0.000000 0.000000 1.000000 0.000000 102.000000 1.000000 0 0 0.000000
15 69.716262 194.878295 291.713348 0.000000 -86.000000 0.000000 0.175790 0.000000 0.984427 0.000000 -86.000000 1.000000 0 0 0.000000
10 -249.671844 1137.139160 284.125000 0.000000 95.000000 0.000000 0.000000 0.000000 1.000000 0.000000 95.000000 1.000000 0 0 0.000000
15 -861.848754 1028.212890 15.125000 0.000000 -7.000000 0.000000 0.000000 0.000000 1.000000 0.000000 -7.000000 1.000000 0 0 0.000000
9 -1349.558349 1025.558349 164.125000 0.000000 -169.000000 0.000000 0.000000 0.000000 1.000000 0.000000 -169.000000 1.000000 0 0 0.000000
15 -457.658386 944.054504 15.125000 0.000000 -82.000000 0.000000 0.000000 0.000000 1.000000 0.000000 -82.000000 1.000000 0 0 0.000000
15 -553.768981 849.375671 15.125000 0.000000 -86.000000 0.000000 0.000000 0.000000 1.000000 0.000000 -86.000000 1.000000 0 0 0.000000
15 -380.364288 850.242492 15.125000 0.000000 -84.000000 0.000000 0.000000 0.000000 1.000000 0.000000 -84.000000 1.000000 0 0 0.000000
15 -338.627227 825.415710 183.125000 0.000000 25.000000 0.000000 0.000000 0.000000 1.000000 0.000000 25.000000 1.000000 0 0 0.000000
11 -449.266479 838.280517 40.125000 0.000000 -85.000000 0.000000 0.000000 0.000000 1.000000 0.000000 -85.000000 1.000000 0 0 0.000000
10 -480.576995 701.565185 180.125000 0.000000 179.000000 0.000000 0.000000 0.000000 1.000000 -39.943618 179.000000 1.000000 0 0 0.000000
15 -381.928283 434.205841 -112.875000 0.000000 76.000000 0.000000 0.000000 0.000000 1.000000 0.000000 76.000000 1.000000 0 0 0.000000
15 -387.358093 326.986022 -112.875000 0.000000 -1.000000 0.000000 0.000000 0.000000 1.000000 0.000000 -1.000000 1.000000 0 0 0.000000
11 -451.325683 427.790618 -87.875000 0.000000 82.000000 0.000000 0.000000 0.000000 1.000000 0.000000 82.000000 1.000000 0 0 0.000000
10 -157.361724 287.414855 -27.875000 0.000000 -3.000000 0.000000 0.000000 0.000000 1.000000 -1.035458 -3.000000 1.000000 0 0 0.000000
15 -569.685668 65.471199 23.125001 0.000000 -38.000000 0.000000 0.000000 0.000000 1.000000 0.000000 -38.000000 1.000000 0 0 0.000000
14 420.187744 580.594238 47.125000 0.000000 97.000000 0.000000 0.000000 0.000000 1.000000 0.000000 97.000000 1.000000 0 0 0.000000
15 -665.685668 8.063934 15.125000 0.000000 -37.000000 0.000000 0.000000 0.000000 1.000000 0.000000 -37.000000 1.000000 0 0 0.000000
13 308.574371 256.192413 13.125000 0.000000 -88.000000 0.000000 0.000000 0.000000 1.000000 0.000000 -88.000000 1.000000 0 0 0.000000
15 304.750488 173.655883 23.125001 0.000000 -89.000000 0.000000 0.000000 0.000000 1.000000 0.000000 -89.000000 1.000000 0 0 0.000000
13 299.369781 344.740417 13.125000 0.000000 -89.000000 0.000000 0.000000 0.000000 1.000000 0.000000 -89.000000 1.000000 0 0 0.000000
10 289.133239 1080.873413 20.125000 0.000000 77.000000 0.000000 0.000000 0.000000 1.000000 0.000000 77.000000 1.000000 0 0 0.000000
15 -23.445058 196.738769 308.349304 0.000000 -87.000000 0.000000 0.175790 0.000000 0.984427 0.000000 -87.000000 1.000000 0 0 0.000000
15 -132.258468 193.636077 327.780273 0.000000 -87.000000 0.000000 0.175790 0.000000 0.984427 0.000000 -87.000000 1.000000 0 0 0.000000
13 620.834228 289.457305 13.125000 0.000000 -98.000000 0.000000 0.000000 0.000000 1.000000 0.000000 -98.000000 1.000000 0 0 0.000000
15 -216.282791 276.687286 399.125000 0.000000 -93.000000 0.000000 0.000000 0.000000 1.000000 0.000000 -93.000000 1.000000 0 0 0.000000
2 -1615.216796 1328.426513 -80.875000 0.000000 -1.000000 0.000000 0.000000 0.000000 1.000000 0.000000 -1.000000 1.000000 0 0 0.000000
15 -217.128585 186.570983 399.125000 0.000000 -100.000000 0.000000 0.000000 0.000000 1.000000 0.000000 -100.000000 1.000000 0 0 0.000000
10 -451.383758 766.291992 20.125000 0.000000 65.000000 0.000000 0.000000 0.000000 1.000000 0.000000 65.000000 1.000000 0 0 0.000000
11 -483.844055 579.536560 -39.875000 0.000000 -91.000000 0.000000 0.000000 0.000000 1.000000 0.000000 -91.000000 1.000000 0 0 0.000000
15 -305.006530 271.874450 399.125000 0.000000 -100.000000 0.000000 0.000000 0.000000 1.000000 0.000000 -100.000000 1.000000 0 0 0.000000
15 -388.399658 223.783294 375.125000 0.000000 -85.000000 0.000000 0.000000 0.000000 1.000000 0.000000 -85.000000 1.000000 0 0 0.000000
15 -486.998321 228.894912 375.125000 0.000000 -85.000000 0.000000 0.000000 0.000000 1.000000 0.000000 -85.000000 1.000000 0 0 0.000000
15 -571.534729 179.175628 375.125000 0.000000 -69.000000 0.000000 0.000000 0.000000 1.000000 0.000000 -69.000000 1.000000 0 0 0.000000
15 -671.285766 176.772811 375.125000 0.000000 -119.000000 0.000000 0.000000 0.000000 1.000000 0.000000 -119.000000 1.000000 0 0 0.000000
15 -786.135498 169.280792 375.125000 0.000000 -42.000000 0.000000 0.000000 0.000000 1.000000 0.000000 -42.000000 1.000000 0 0 0.000000
11 -859.979370 152.456390 392.125000 0.000000 -99.000000 0.000000 0.000000 0.000000 1.000000 0.000000 -99.000000 1.000000 0 0 0.000000
15 -650.196350 -78.958282 15.125000 0.000000 -16.000000 0.000000 0.000000 0.000000 1.000000 0.000000 -16.000000 1.000000 0 0 0.000000
15 -732.827514 -148.148590 15.125000 0.000000 -80.000000 0.000000 0.000000 0.000000 1.000000 0.000000 -80.000000 1.000000 0 0 0.000000
15 -676.345153 279.643737 375.125000 0.000000 -159.000000 0.000000 0.000000 0.000000 1.000000 0.000000 -159.000000 1.000000 0 0 0.000000
15 -771.878601 -260.020385 23.125001 0.000000 90.000000 0.000000 0.000000 0.000000 1.000000 0.000000 90.000000 1.000000 0 0 0.000000
15 -858.978515 257.391723 375.125000 0.000000 -60.000000 0.000000 0.000000 0.000000 1.000000 0.000000 -60.000000 1.000000 0 0 0.000000
15 -66.345993 1114.584472 447.125000 0.000000 -17.000000 0.000000 0.000000 0.000000 1.000000 0.000000 -17.000000 1.000000 0 0 0.000000
11 -1256.081298 517.435241 400.125000 0.000000 91.000000 0.000000 0.000000 0.000000 1.000000 0.000000 91.000000 1.000000 0 0 0.000000
10 1054.794677 864.774536 372.125000 0.000000 79.000000 0.000000 0.000000 0.000000 1.000000 0.000000 79.000000 1.000000 0 0 0.000000
11 1059.278076 803.296752 392.125000 0.000000 88.000000 0.000000 0.000000 0.000000 1.000000 0.000000 88.000000 1.000000 0 0 0.000000
15 -914.061462 562.218017 375.125000 0.000000 -163.000000 0.000000 0.000000 0.000000 1.000000 0.000000 -163.000000 1.000000 0 0 0.000000
15 -1003.962524 559.799011 375.125000 0.000000 -97.000000 0.000000 0.000000 0.000000 1.000000 0.000000 -97.000000 1.000000 0 0 0.000000
15 -1091.638916 532.926879 375.125000 0.000000 -117.000000 0.000000 0.000000 0.000000 1.000000 0.000000 -117.000000 1.000000 0 0 0.000000
15 -1186.372802 515.819641 375.125000 0.000000 -44.000000 0.000000 0.000000 0.000000 1.000000 0.000000 -44.000000 1.000000 0 0 0.000000
11 1040.749633 923.279113 392.125000 0.000000 65.000000 0.000000 0.000000 0.000000 1.000000 0.000000 65.000000 1.000000 0 0 0.000000
11 969.090637 727.531005 392.125000 0.000000 -141.000000 0.000000 0.000000 0.000000 1.000000 0.000000 -141.000000 1.000000 0 0 0.000000
11 1049.953369 651.583007 392.125000 0.000000 -47.000000 0.000000 0.000000 0.000000 1.000000 0.000000 -47.000000 1.000000 0 0 0.000000
11 1001.783874 632.507812 392.125000 0.000000 -78.000000 0.000000 0.000000 0.000000 1.000000 0.000000 -78.000000 1.000000 0 0 0.000000
11 921.664611 678.441162 392.125000 0.000000 -142.000000 0.000000 0.000000 0.000000 1.000000 0.000000 -142.000000 1.000000 0 0 0.000000
11 895.631347 728.528930 392.125000 0.000000 -153.000000 0.000000 0.000000 0.000000 1.000000 0.000000 -153.000000 1.000000 0 0 0.000000
11 883.902038 776.108947 392.125000 0.000000 -179.000000 0.000000 0.000000 0.000000 1.000000 0.000000 -179.000000 1.000000 0 0 0.000000
11 867.560180 823.044189 400.125000 0.000000 165.000000 0.000000 0.000000 0.000000 1.000000 0.000000 165.000000 1.000000 0 0 0.000000
15 797.059448 823.731689 375.125000 0.000000 -97.000000 0.000000 0.000000 0.000000 1.000000 0.000000 -97.000000 1.000000 0 0 0.000000
11 727.454528 804.201965 400.125000 0.000000 -87.000000 0.000000 0.000000 0.000000 1.000000 0.000000 -87.000000 1.000000 0 0 0.000000
15 826.030212 0.814926 367.125000 0.000000 -104.000000 0.000000 0.000000 0.000000 1.000000 0.000000 -104.000000 1.000000 0 0 0.000000
15 739.223388 2.952323 367.125000 0.000000 -93.000000 0.000000 0.000000 0.000000 1.000000 0.000000 -93.000000 1.000000 0 0 0.000000
15 848.803649 275.242828 447.125000 0.000000 -91.000000 0.000000 0.000000 0.000000 1.000000 0.000000 -91.000000 1.000000 0 0 0.000000
15 914.078002 8.508646 367.125000 0.000000 -92.000000 0.000000 0.000000 0.000000 1.000000 0.000000 -92.000000 1.000000 0 0 0.000000
14 311.988281 473.580688 367.125000 0.000000 111.000000 0.000000 0.000000 0.000000 1.000000 0.000000 111.000000 1.000000 0 0 0.000000
15 715.646301 -903.603454 375.125000 0.000000 85.000000 0.000000 0.000000 0.000000 1.000000 0.000000 85.000000 1.000000 0 0 0.000000
15 801.414733 -911.364562 367.125000 0.000000 77.000000 0.000000 0.000000 0.000000 1.000000 0.000000 77.000000 1.000000 0 0 0.000000
15 894.715087 -941.954528 367.125000 0.000000 33.000000 0.000000 0.000000 0.000000 1.000000 0.000000 33.000000 1.000000 0 0 0.000000
15 44.097400 -521.976318 397.298278 0.000000 -54.000000 0.000000 0.000000 0.000000 1.000000 0.000000 -54.000000 1.000000 0 0 0.000000
15 384.501037 -521.117858 263.125000 0.000000 -176.000000 0.000000 0.000000 0.000000 1.000000 0.000000 -176.000000 1.000000 0 0 0.000000
15 302.166412 -457.424682 263.125000 0.000000 -156.000000 0.000000 0.000000 0.000000 1.000000 0.000000 -156.000000 1.000000 0 0 0.000000
15 272.894683 -603.042541 263.125000 0.000000 137.000000 0.000000 0.000000 0.000000 1.000000 0.000000 137.000000 1.000000 0 0 0.000000
15 216.288619 -416.057281 271.125000 0.000000 -140.000000 0.000000 0.000000 0.000000 1.000000 0.000000 -140.000000 1.000000 0 0 0.000000
14 -857.026672 52.283828 367.125000 0.000000 88.000000 0.000000 0.000000 0.000000 1.000000 0.000000 88.000000 1.000000 0 0 0.000000
11 179.245590 -485.017395 328.125000 0.000000 -115.000000 0.000000 0.000000 0.000000 1.000000 0.000000 -115.000000 1.000000 0 0 0.000000
10 -1124.223754 -804.833618 20.125000 0.000000 -179.000000 0.000000 0.000000 0.000000 1.000000 0.000000 -179.000000 1.000000 0 0 0.000000
11 -1126.915405 -756.394531 40.125000 0.000000 156.000000 0.000000 0.000000 0.000000 1.000000 0.000000 156.000000 1.000000 0 0 0.000000
14 -1056.216796 -787.392211 7.125000 0.000000 178.000000 0.000000 0.000000 0.000000 1.000000 0.000000 178.000000 1.000000 0 0 0.000000
15 -943.931091 -762.919921 15.125000 0.000000 173.000000 0.000000 0.000000 0.000000 1.000000 0.000000 173.000000 1.000000 0 0 0.000000
10 987.123352 -772.031616 20.125000 0.000000 -1.000000 0.000000 0.000000 0.000000 1.000000 0.000000 -1.000000 1.000000 0 0 0.000000
11 985.344665 -827.315124 40.125000 0.000000 -6.000000 0.000000 0.000000 0.000000 1.000000 0.000000 -6.000000 1.000000 0 0 0.000000
15 909.069458 -800.833251 15.125000 0.000000 -3.000000 0.000000 0.000000 0.000000 1.000000 0.000000 -3.000000 1.000000 0 0 0.000000
14 -434.187683 -1278.812011 199.125000 0.000000 0.000000 0.000000 0.000000 0.000000 1.000000 0.000000 0.000000 1.000000 0 0 0.000000
10 -546.942504 -124.880943 62.125000 0.000000 8.000000 0.000000 0.000000 0.000000 1.000000 0.000000 8.000000 1.000000 0 0 0.000000
11 -121.830451 -635.927734 72.125000 0.000000 -8.000000 0.000000 0.000000 0.000000 1.000000 0.000000 -8.000000 1.000000 0 0 0.000000
10 -35.098831 -416.825683 52.125000 0.000000 -3.000000 0.000000 0.000000 0.000000 1.000000 0.000000 -3.000000 1.000000 0 0 0.000000
10 -126.065734 -503.477081 52.125000 0.000000 -86.000000 0.000000 0.000000 0.000000 1.000000 0.000000 -86.000000 1.000000 0 0 0.000000
14 -121.917694 -432.817382 39.125000 0.000000 88.000000 0.000000 0.000000 0.000000 1.000000 0.000000 88.000000 1.000000 0 0 0.000000
13 -129.700469 -568.816406 45.125000 0.000000 11.000000 0.000000 0.000000 0.000000 1.000000 0.000000 11.000000 1.000000 0 0 0.000000
11 -310.834381 -511.606903 72.125000 0.000000 0.000000 0.000000 0.000000 0.000000 1.000000 0.000000 0.000000 1.000000 0 0 0.000000
10 -235.592376 -502.355712 92.125000 0.000000 2.000000 0.000000 0.000000 0.000000 1.000000 0.000000 2.000000 1.000000 0 0 0.000000
10 -295.646514 -456.617584 92.125000 0.000000 4.000000 0.000000 0.000000 0.000000 1.000000 0.000000 4.000000 1.000000 0 0 0.000000
11 -289.224884 -556.237731 72.125000 0.000000 27.000000 0.000000 0.000000 0.000000 1.000000 0.000000 27.000000 1.000000 0 0 0.000000
11 -352.928680 -421.111816 112.125000 0.000000 28.000000 0.000000 0.000000 0.000000 1.000000 0.000000 28.000000 1.000000 0 0 0.000000
11 -398.275817 -434.531555 112.125000 0.000000 82.000000 0.000000 0.000000 0.000000 1.000000 0.000000 82.000000 1.000000 0 0 0.000000
11 -258.572814 -603.236755 72.125000 0.000000 7.000000 0.000000 0.000000 0.000000 1.000000 0.000000 7.000000 1.000000 0 0 0.000000
11 -267.720214 -647.606140 72.125000 0.000000 -17.000000 0.000000 0.000000 0.000000 1.000000 0.000000 -17.000000 1.000000 0 0 0.000000
11 -215.523223 -514.898864 216.125000 0.000000 -3.000000 0.000000 0.000000 0.000000 1.000000 0.000000 -3.000000 1.000000 0 0 0.000000
11 -256.133239 -467.452056 216.125000 0.000000 -3.000000 0.000000 0.000000 0.000000 1.000000 0.000000 -3.000000 1.000000 0 0 0.000000
11 -291.274902 -411.052886 216.125000 0.000000 -3.000000 0.000000 0.000000 0.000000 1.000000 0.000000 -3.000000 1.000000 0 0 0.000000
13 -31.993589 229.854461 53.125000 0.000000 89.000000 0.000000 0.000000 0.000000 1.000000 0.000000 89.000000 1.000000 0 0 0.000000
10 33.852966 132.007293 28.125000 0.000000 58.000000 0.000000 0.000000 0.000000 1.000000 0.000000 58.000000 1.000000 0 0 0.000000
10 -93.484199 132.831237 28.125000 0.000000 89.000000 0.000000 0.000000 0.000000 1.000000 0.000000 89.000000 1.000000 0 0 0.000000
15 -479.109497 513.241455 167.125000 0.000000 -105.000000 0.000000 0.000000 0.000000 1.000000 0.000000 -105.000000 1.000000 0 0 0.000000
10 -390.319885 328.839385 100.125000 0.000000 -108.000000 0.000000 0.000000 0.000000 1.000000 0.000000 -108.000000 1.000000 0 0 0.000000
15 -566.154968 514.884521 167.125000 0.000000 -92.000000 0.000000 0.000000 0.000000 1.000000 0.000000 -92.000000 1.000000 0 0 0.000000
15 -387.167755 513.178161 167.125000 0.000000 -75.000000 0.000000 0.000000 0.000000 1.000000 0.000000 -75.000000 1.000000 0 0 0.000000
14 -528.691040 291.456298 175.125000 0.000000 174.000000 0.000000 0.000000 0.000000 1.000000 0.000000 174.000000 1.000000 0 0 0.000000
14 -552.889465 601.644653 159.125000 0.000000 177.000000 0.000000 0.000000 0.000000 1.000000 0.000000 177.000000 1.000000 0 0 0.000000
15 127.909278 425.370880 55.125000 0.000000 64.000000 0.000000 0.000000 0.000000 1.000000 0.000000 64.000000 1.000000 0 0 0.000000
15 -165.293701 383.575866 55.125000 0.000000 -3.000000 0.000000 0.000000 0.000000 1.000000 0.000000 -3.000000 1.000000 0 0 0.000000
14 118.111763 503.658782 87.125000 0.000000 -2.000000 0.000000 0.000000 0.000000 1.000000 0.000000 -2.000000 1.000000 0 0 0.000000
11 199.635650 453.070892 120.125000 0.000000 72.000000 0.000000 0.000000 0.000000 1.000000 0.000000 72.000000 1.000000 0 0 0.000000
11 -93.442146 438.601715 80.125000 0.000000 179.000000 0.000000 0.000000 0.000000 1.000000 0.000000 179.000000 1.000000 0 0 0.000000
15 -160.446578 496.492980 55.125000 0.000000 -4.000000 0.000000 0.000000 0.000000 1.000000 0.000000 -4.000000 1.000000 0 0 0.000000
10 -271.146545 441.060852 60.125000 0.000000 -2.000000 0.000000 0.000000 0.000000 1.000000 0.000000 -2.000000 1.000000 0 0 0.000000
15 -480.480682 90.351753 23.125001 0.000000 -10.000000 0.000000 0.000000 0.000000 1.000000 0.000000 -10.000000 1.000000 0 0 0.000000
10 402.450683 685.635864 140.125000 0.000000 105.000000 0.000000 0.000000 0.000000 1.000000 0.000000 105.000000 1.000000 0 0 0.000000
14 483.833282 716.082092 167.125000 0.000000 -7.000000 0.000000 0.000000 0.000000 1.000000 0.000000 -7.000000 1.000000 0 0 0.000000
10 273.954681 -798.538818 289.222045 0.000000 89.000000 0.000000 0.000000 0.000000 1.000000 0.000000 89.000000 1.000000 0 0 0.000000
10 -719.768310 -1261.381713 -43.875000 0.000000 -78.000000 0.000000 0.000000 0.000000 1.000000 0.000000 -78.000000 1.000000 0 0 0.000000
10 -580.897338 -539.640625 196.125000 0.000000 83.000000 0.000000 0.000000 0.000000 1.000000 0.000000 83.000000 1.000000 0 0 0.000000
10 56.137817 -2023.105224 -187.875000 0.000000 -72.000000 0.000000 0.000000 0.000000 1.000000 0.000000 -72.000000 1.000000 0 0 0.000000
10 -65.157333 -2078.030273 -187.875000 0.000000 -67.000000 0.000000 0.000000 0.000000 1.000000 0.000000 -67.000000 1.000000 0 0 0.000000
14 55.765975 -2104.785400 -152.875000 0.000000 -91.000000 0.000000 0.000000 0.000000 1.000000 0.000000 -91.000000 1.000000 0 0 0.000000
15 266.601745 -239.415771 -240.875000 0.000000 177.000000 0.000000 0.000000 0.000000 1.000000 0.000000 177.000000 1.000000 0 0 0.000000
10 65.404739 -153.831207 -267.875000 0.000000 6.000000 0.000000 0.000000 0.000000 1.000000 0.000000 6.000000 1.000000 0 0 0.000000
11 30.739318 -240.658386 -247.875000 0.000000 -117.000000 0.000000 0.000000 0.000000 1.000000 0.000000 -117.000000 1.000000 0 0 0.000000
11 -2.004940 -421.869201 -247.875000 0.000000 -100.000000 0.000000 0.000000 0.000000 1.000000 0.000000 -100.000000 1.000000 0 0 0.000000
11 131.239410 -610.501159 -247.875000 0.000000 -27.000000 0.000000 0.000000 0.000000 1.000000 0.000000 -27.000000 1.000000 0 0 0.000000
11 64.320121 -723.489807 -223.875000 0.000000 -123.000000 0.000000 0.000000 0.000000 1.000000 0.000000 -123.000000 1.000000 0 0 0.000000
11 41.127197 -975.372314 -215.875000 0.000000 58.000000 0.000000 0.000000 0.000000 1.000000 0.000000 58.000000 1.000000 0 0 0.000000
11 -37.922142 -970.470886 -215.875000 0.000000 94.000000 0.000000 0.000000 0.000000 1.000000 0.000000 94.000000 1.000000 0 0 0.000000
11 10.669075 -929.690124 -215.875000 0.000000 75.000000 0.000000 0.000000 0.000000 1.000000 0.000000 75.000000 1.000000 0 0 0.000000
11 69.826026 -917.767700 -215.875000 0.000000 89.000000 0.000000 0.000000 0.000000 1.000000 0.000000 89.000000 1.000000 0 0 0.000000
10 4.787878 -1064.437866 -235.875000 0.000000 87.000000 0.000000 0.000000 0.000000 1.000000 0.000000 87.000000 1.000000 0 0 0.000000
10 51.061233 -1565.473144 -43.875000 0.000000 -88.000000 0.000000 0.000000 0.000000 1.000000 0.000000 -88.000000 1.000000 0 0 0.000000
11 -9.323356 -1558.894165 -23.875000 0.000000 -90.000000 0.000000 0.000000 0.000000 1.000000 0.000000 -90.000000 1.000000 0 0 0.000000
14 26.303379 -1493.171875 -56.875000 0.000000 -90.000000 0.000000 0.000000 0.000000 1.000000 0.000000 -90.000000 1.000000 0 0 0.000000
15 49.850166 -1400.824340 -48.875000 0.000000 -91.000000 0.000000 0.000000 0.000000 1.000000 0.000000 -91.000000 1.000000 0 0 0.000000
11 -29.369337 -1386.804931 -23.875000 0.000000 -91.000000 0.000000 0.000000 0.000000 1.000000 0.000000 -91.000000 1.000000 0 0 0.000000
11 517.372741 204.096191 160.250000 0.000000 177.000000 0.000000 0.000000 0.000000 1.000000 0.000000 177.000000 1.000000 0 1 0.000000
11 516.450195 184.339477 160.250000 0.000000 177.000000 0.000000 0.000000 0.000000 1.000000 0.000000 177.000000 1.000000 0 1 0.000000
15 613.131530 124.634605 23.125000 0.000000 86.000000 0.000000 0.000000 0.000000 1.000000 0.000000 86.000000 1.000000 0 0 0.000000
