9 3281.479492 1029.715576 168.125000 0.000000 -90.000000 0.000000 0.000000 0.000000 1.000000 0.000000 -90.000000 1.000000 1 0 0.000000
12 -129.540206 972.466674 13.125000 0.000000 3.000000 0.000000 0.000000 0.000000 1.000000 0.000000 3.000000 1.000000 0 0 0.000000
14 -226.258117 974.492736 7.125000 0.000000 7.000000 0.000000 0.000000 0.000000 1.000000 0.000000 7.000000 1.000000 0 0 0.000000
9 -757.384704 886.225219 4.125000 0.000000 -118.000000 0.000000 0.000000 0.000000 1.000000 0.000000 -118.000000 1.000000 1 0 0.000000
15 2863.817871 1449.265747 207.125000 0.000000 -11.000000 0.000000 0.000000 0.000000 1.000000 0.000000 -11.000000 1.000000 0 0 0.000000
15 2874.501953 1544.592285 207.125000 0.000000 -12.000000 0.000000 0.000000 0.000000 1.000000 0.000000 -12.000000 1.000000 0 0 0.000000
15 2875.183837 1639.646240 207.125000 0.000000 18.000000 0.000000 0.000000 0.000000 1.000000 0.000000 18.000000 1.000000 0 0 0.000000
14 1915.945922 1800.130249 -248.875000 0.000000 6.000000 0.000000 0.000000 0.000000 1.000000 0.000000 6.000000 1.000000 0 0 0.000000
11 2660.629150 -836.878967 -195.875000 0.000000 179.000000 0.000000 0.000000 0.000000 1.000000 0.000000 179.000000 1.000000 0 0 0.000000
15 2428.067871 -332.321014 271.125000 0.000000 65.000000 0.000000 0.000000 0.000000 1.000000 0.000000 65.000000 1.000000 0 0 0.000000
11 2666.116699 -828.587524 -207.875015 0.000000 -177.000000 0.000000 0.000000 0.000000 1.000000 0.000000 -177.000000 1.000000 0 0 0.000000
11 868.737731 -623.876647 264.125000 0.000000 -164.000000 0.000000 0.000000 0.000000 1.000000 0.000000 -164.000000 1.000000 0 0 0.000000
15 2410.784423 -260.555023 228.613418 0.000000 51.000000 0.000000 0.000000 -0.316227 0.948683 0.000000 51.000000 1.000000 0 0 0.000000
15 2467.502929 -140.657867 66.326141 0.000000 83.000000 0.000000 0.000000 0.000000 1.000000 0.000000 83.000000 1.000000 0 0 0.000000
10 1082.769042 -571.920288 244.125000 0.000000 -151.000000 0.000000 0.000000 0.000000 1.000000 0.000000 -151.000000 1.000000 0 0 0.000000
15 685.977539 -618.851440 239.125000 0.000000 179.000000 0.000000 0.000000 0.000000 1.000000 0.000000 179.000000 1.000000 0 0 0.000000
13 705.858642 -612.415893 347.250000 0.000000 -175.000000 0.000000 0.000000 0.000000 1.000000 0.000000 -175.000000 1.000000 0 0 0.000000
15 684.620178 -672.290710 271.125000 0.000000 -174.000000 0.000000 0.000000 0.000000 1.000000 0.000000 -174.000000 1.000000 0 0 0.000000
15 674.282287 -548.308471 239.125015 0.000000 169.000000 0.000000 0.000000 0.000000 1.000000 0.000000 169.000000 1.000000 0 0 0.000000
15 677.927795 -471.948638 239.125015 0.000000 172.000000 0.000000 0.000000 0.000000 1.000000 0.000000 172.000000 1.000000 0 0 0.000000
15 686.141845 -385.310485 239.125000 0.000000 159.000000 0.000000 0.000000 0.000000 1.000000 0.000000 159.000000 1.000000 0 0 0.000000
13 680.855102 -532.968505 347.250000 0.000000 179.000000 0.000000 0.000000 0.000000 1.000000 0.000000 179.000000 1.000000 0 0 0.000000
13 686.373107 -447.037689 347.250000 0.000000 179.000000 0.000000 0.000000 0.000000 1.000000 0.000000 179.000000 1.000000 0 0 0.000000
13 692.760375 -363.137786 347.250000 0.000000 165.000000 0.000000 0.000000 0.000000 1.000000 0.000000 165.000000 1.000000 0 0 0.000000
15 773.883422 -541.274536 239.125000 0.000000 -170.000000 0.000000 0.000000 0.000000 1.000000 0.000000 -170.000000 1.000000 0 0 0.000000
14 294.390228 -657.836853 245.125000 0.000000 -49.000000 0.000000 0.000000 0.000000 1.000000 0.000000 -49.000000 1.000000 0 0 0.000000
15 1890.881591 -1248.144165 -240.875000 0.000000 -111.000000 0.000000 0.000000 0.000000 1.000000 0.000000 -111.000000 1.000000 0 0 0.000000
13 375.564483 -523.066650 9.125000 0.000000 -179.000000 0.000000 0.000000 0.000000 1.000000 0.000000 -179.000000 1.000000 0 0 0.000000
13 370.794158 -443.419433 9.125000 0.000000 -178.000000 0.000000 0.000000 0.000000 1.000000 0.000000 -178.000000 1.000000 0 0 0.000000
13 369.143341 -373.957580 9.125000 0.000000 -178.000000 0.000000 0.000000 0.000000 1.000000 0.000000 -178.000000 1.000000 0 0 0.000000
13 302.920288 -531.063964 9.125000 0.000000 90.000000 0.000000 0.000000 0.000000 1.000000 0.000000 90.000000 1.000000 0 0 0.000000
14 2001.776367 -1294.833862 -376.875000 0.000000 -40.000000 0.000000 0.000000 0.000000 1.000000 0.000000 -40.000000 1.000000 0 0 0.000000
15 1411.678833 -1069.680786 -240.875000 0.000000 -179.000000 0.000000 0.000000 0.000000 1.000000 0.000000 -179.000000 1.000000 0 0 0.000000
14 305.809234 -475.766418 3.125000 0.000000 36.000000 0.000000 0.000000 0.000000 1.000000 0.000000 36.000000 1.000000 0 0 0.000000
15 1774.207275 -1247.438964 -240.875000 0.000000 -82.000000 0.000000 0.000000 0.000000 1.000000 0.000000 -82.000000 1.000000 0 0 0.000000
15 1418.533325 -1169.129394 -240.875000 0.000000 -176.000000 0.000000 0.000000 0.000000 1.000000 0.000000 -176.000000 1.000000 0 0 0.000000
15 1836.188232 -1250.354248 -240.875000 0.000000 -85.000000 0.000000 0.000000 0.000000 1.000000 0.000000 -85.000000 1.000000 0 0 0.000000
15 2002.035156 -1328.184204 -240.875000 0.000000 -86.000000 0.000000 0.000000 0.000000 1.000000 0.000000 -86.000000 1.000000 0 0 0.000000
15 1938.666992 -1235.415161 -240.875000 0.000000 158.000000 0.000000 0.000000 0.000000 1.000000 0.000000 158.000000 1.000000 0 0 0.000000
1 1890.151977 -582.475219 -240.875000 0.000000 -65.000000 0.000000 0.000000 0.000000 1.000000 0.000000 -65.000000 1.000000 0 0 0.000000
15 679.042663 -1288.425903 -168.875000 0.000000 -103.000000 0.000000 0.000000 0.000000 1.000000 0.000000 -103.000000 1.000000 0 0 0.000000
15 779.127563 -1286.748901 -168.875000 0.000000 -11.000000 0.000000 0.000000 0.000000 1.000000 0.000000 -11.000000 1.000000 0 0 0.000000
15 663.916076 -991.063659 -168.875000 0.000000 132.000000 0.000000 0.000000 0.000000 1.000000 0.000000 132.000000 1.000000 0 0 0.000000
13 1472.562133 560.609619 -242.875000 0.000000 -92.000000 0.000000 0.000000 0.000000 1.000000 0.000000 -92.000000 1.000000 0 0 0.000000
15 656.278381 -1192.531372 -168.875000 0.000000 -173.000000 0.000000 0.000000 0.000000 1.000000 0.000000 -173.000000 1.000000 0 0 0.000000
11 738.320678 -1299.253417 40.125000 0.000000 -102.000000 0.000000 0.000000 0.000000 1.000000 0.000000 -102.000000 1.000000 0 0 0.000000
15 648.074829 -1085.213867 -168.875000 0.000000 145.000000 0.000000 0.000000 0.000000 1.000000 0.000000 145.000000 1.000000 0 0 0.000000
15 767.596130 -946.638061 -168.875000 0.000000 64.000000 0.000000 0.000000 0.000000 1.000000 0.000000 64.000000 1.000000 0 0 0.000000
11 573.600952 -1610.029541 -55.875000 0.000000 85.000000 0.000000 0.000000 0.000000 1.000000 0.000000 85.000000 1.000000 0 0 0.000000
11 686.252258 -1610.906127 -53.875000 0.000000 90.000000 0.000000 0.000000 0.000000 1.000000 0.000000 90.000000 1.000000 0 0 0.000000
11 509.580627 -1601.428344 -55.875000 0.000000 88.000000 0.000000 0.000000 0.000000 1.000000 0.000000 88.000000 1.000000 0 0 0.000000
11 642.102661 -1323.492187 24.125000 0.000000 149.000000 0.000000 0.000000 0.000000 1.000000 0.000000 149.000000 1.000000 0 0 0.000000
11 629.656250 -1614.137207 -55.875000 0.000000 85.000000 0.000000 0.000000 0.000000 1.000000 0.000000 85.000000 1.000000 0 0 0.000000
11 847.136352 -1302.871582 40.125000 0.000000 -61.000000 0.000000 0.000000 0.000000 1.000000 0.000000 -61.000000 1.000000 0 0 0.000000
11 376.001586 -1293.946533 40.125000 0.000000 -153.000000 0.000000 0.000000 0.000000 1.000000 0.000000 -153.000000 1.000000 0 0 0.000000
11 794.458312 -1300.125610 40.125000 0.000000 -73.000000 0.000000 0.000000 0.000000 1.000000 0.000000 -73.000000 1.000000 0 0 0.000000
11 448.006500 -1618.262695 -53.875000 0.000000 76.000000 0.000000 0.000000 0.000000 1.000000 0.000000 76.000000 1.000000 0 0 0.000000
11 315.572509 -1284.422607 40.125000 0.000000 -122.000000 0.000000 0.000000 0.000000 1.000000 0.000000 -122.000000 1.000000 0 0 0.000000
11 683.833374 -1312.756225 24.125000 0.000000 131.000000 0.000000 0.000000 0.000000 1.000000 0.000000 131.000000 1.000000 0 0 0.000000
5 490.952056 -140.609634 297.128814 0.000000 -60.000000 0.000000 -0.707106 0.000000 0.707106 0.000000 -60.000000 1.000000 0 0 0.000000
11 603.402526 -1300.319458 40.125000 0.000000 -87.000000 0.000000 0.000000 0.000000 1.000000 0.000000 -87.000000 1.000000 0 0 0.000000
15 353.708984 -881.024536 15.125001 0.000000 -152.000000 0.000000 0.000000 0.000000 1.000000 0.000000 -152.000000 1.000000 0 0 0.000000
11 484.516845 -1309.690795 40.125000 0.000000 -170.000000 0.000000 0.000000 0.000000 1.000000 0.000000 -170.000000 1.000000 0 0 0.000000
10 631.182067 -975.000854 20.125000 0.000000 -75.000000 0.000000 0.000000 0.000000 1.000000 0.000000 -75.000000 1.000000 0 0 0.000000
11 546.122375 -1304.168945 40.125000 0.000000 -93.000000 0.000000 0.000000 0.000000 1.000000 0.000000 -93.000000 1.000000 0 0 0.000000
14 304.738983 -983.706665 175.035293 0.000000 96.000000 0.000000 0.994388 0.000000 0.105786 0.000000 96.000000 1.000000 0 0 0.000000
11 432.874084 -1308.152832 40.125000 0.000000 -133.000000 0.000000 0.000000 0.000000 1.000000 0.000000 -133.000000 1.000000 0 0 0.000000
5 287.813110 -978.770080 154.138504 0.000000 105.000000 0.000000 0.994388 0.000000 0.105786 0.000000 105.000000 1.000000 0 0 0.000000
14 474.139190 -143.117385 319.253814 0.000000 -89.000000 0.000000 0.000000 0.000000 1.000000 0.000000 -89.000000 1.000000 0 0 0.000000
11 299.961730 357.556884 355.125000 0.000000 174.000000 0.000000 0.000000 0.000000 1.000000 0.000000 174.000000 1.000000 0 0 0.000000
5 221.887527 -194.899642 259.638336 0.000000 -168.000000 0.000000 0.000000 0.994388 0.105786 0.000000 -168.000000 1.000000 0 0 0.000000
15 118.542358 -180.955581 79.125000 0.000000 -172.000000 0.000000 0.000000 0.000000 1.000000 0.000000 -172.000000 1.000000 0 0 0.000000
15 116.125755 -177.127624 189.250000 0.000000 -179.000000 0.000000 0.000000 0.000000 1.000000 0.000000 -179.000000 1.000000 0 0 0.000000
5 -16.496191 -199.679443 304.568481 0.000000 -152.000000 0.000000 0.000000 0.994388 0.105786 0.000000 -152.000000 1.000000 0 0 0.000000
13 -409.312835 -52.651897 353.125000 0.000000 175.000000 0.000000 0.000000 0.000000 1.000000 0.000000 175.000000 1.000000 0 0 0.000000
14 -79.354553 346.561584 343.125000 0.000000 -2.000000 0.000000 0.000000 0.000000 1.000000 0.000000 -2.000000 1.000000 0 0 0.000000
15 -393.849029 -148.796890 363.125000 0.000000 -99.000000 0.000000 0.000000 0.000000 1.000000 0.000000 -99.000000 1.000000 0 0 0.000000
10 -402.254455 20.510467 360.125000 0.000000 -98.000000 0.000000 0.000000 0.000000 1.000000 0.000000 -98.000000 1.000000 0 0 0.000000
10 -318.351287 -129.012649 360.125000 0.000000 -92.000000 0.000000 0.000000 0.000000 1.000000 0.000000 -92.000000 1.000000 0 0 0.000000
15 -318.805480 -35.392890 355.125000 0.000000 -78.000000 0.000000 0.000000 0.000000 1.000000 0.000000 -78.000000 1.000000 0 0 0.000000
15 -31.319076 708.320800 63.125000 0.000000 -43.000000 0.000000 0.000000 0.000000 1.000000 0.000000 -43.000000 1.000000 0 0 0.000000
10 -464.635314 658.261352 68.125000 0.000000 176.000000 0.000000 0.000000 0.000000 1.000000 0.000000 176.000000 1.000000 0 0 0.000000
13 -5.137184 631.023864 13.124999 0.000000 1.000000 0.000000 0.000000 0.000000 1.000000 0.000000 1.000000 1.000000 0 0 0.000000
15 941.536254 -53.943595 63.125000 0.000000 160.000000 0.000000 0.000000 0.000000 1.000000 0.000000 160.000000 1.000000 0 0 0.000000
11 -15.265727 568.505371 88.125000 0.000000 85.000000 0.000000 0.000000 0.000000 1.000000 0.000000 85.000000 1.000000 0 0 0.000000
14 -40.020801 698.862976 165.250000 0.000000 70.000000 0.000000 0.000000 0.000000 1.000000 0.000000 70.000000 1.000000 0 0 0.000000
11 1186.895629 127.715393 88.125000 0.000000 69.000000 0.000000 0.000000 0.000000 1.000000 0.000000 69.000000 1.000000 0 0 0.000000
15 942.731872 -53.958580 63.125000 0.000000 159.000000 0.000000 0.000000 0.000000 1.000000 0.000000 159.000000 1.000000 0 0 0.000000
11 1123.658325 360.464447 88.125000 0.000000 107.000000 0.000000 0.000000 0.000000 1.000000 0.000000 107.000000 1.000000 0 0 0.000000
13 1055.486694 -63.951431 61.125000 0.000000 88.000000 0.000000 0.000000 0.000000 1.000000 0.000000 88.000000 1.000000 0 0 0.000000
15 639.342346 830.322570 15.125000 0.000000 157.000000 0.000000 0.000000 0.000000 1.000000 0.000000 157.000000 1.000000 0 0 0.000000
11 1188.750244 535.811645 88.125000 0.000000 -73.000000 0.000000 0.000000 0.000000 1.000000 0.000000 -73.000000 1.000000 0 0 0.000000
15 1007.807250 319.338684 77.125000 0.000000 172.000000 0.000000 0.000000 0.000000 1.000000 0.000000 172.000000 1.000000 0 0 0.000000
15 1161.381713 749.512329 63.125000 0.000000 80.000000 0.000000 0.000000 0.000000 1.000000 0.000000 80.000000 1.000000 0 0 0.000000
15 1082.076782 699.425537 63.125000 0.000000 128.000000 0.000000 0.000000 0.000000 1.000000 0.000000 128.000000 1.000000 0 0 0.000000
11 613.806152 763.711181 40.125000 0.000000 161.000000 0.000000 0.000000 0.000000 1.000000 0.000000 161.000000 1.000000 0 0 0.000000
10 555.314819 781.869445 20.125000 0.000000 -136.000000 0.000000 0.000000 0.000000 1.000000 0.000000 -136.000000 1.000000 0 0 0.000000
14 859.244506 1306.510986 7.125000 0.000000 35.000000 0.000000 0.000000 0.000000 1.000000 0.000000 35.000000 1.000000 0 0 0.000000
14 1066.946533 1473.353759 183.166458 0.000000 150.000000 0.000000 0.447213 0.000000 0.894427 0.000000 150.000000 1.000000 0 0 0.000000
15 1282.786865 1833.294189 111.124992 0.000000 -95.000000 0.000000 0.000000 0.000000 1.000000 0.000000 -95.000000 1.000000 0 0 0.000000
10 -11.065608 496.363525 68.125000 0.000000 44.000000 0.000000 0.000000 0.000000 1.000000 0.000000 44.000000 1.000000 0 0 0.000000
13 1074.441528 1080.676879 77.125000 0.000000 -178.000000 0.000000 0.000000 0.000000 1.000000 0.000000 -178.000000 1.000000 0 0 0.000000
11 1269.437133 1039.290893 40.125000 0.000000 -101.000000 0.000000 0.000000 0.000000 1.000000 0.000000 -101.000000 1.000000 0 0 0.000000
11 -250.673004 430.296112 40.125000 0.000000 -137.000000 0.000000 0.000000 0.000000 1.000000 0.000000 -137.000000 1.000000 0 0 0.000000
14 1542.538330 804.348571 55.125000 0.000000 97.000000 0.000000 0.000000 0.000000 1.000000 0.000000 97.000000 1.000000 0 0 0.000000
11 1482.992187 1234.692016 52.125000 0.000000 113.000000 0.000000 0.000000 0.000000 1.000000 0.000000 113.000000 1.000000 0 0 0.000000
6 2478.174072 1181.422485 201.125000 0.000000 0.000000 0.000000 0.000000 0.000000 1.000000 0.000000 0.000000 1.000000 0 0 0.000000
15 1211.457397 1855.947021 111.124992 0.000000 -115.000000 0.000000 0.000000 0.000000 1.000000 0.000000 -115.000000 1.000000 0 0 0.000000
15 748.067504 898.565673 15.125000 0.000000 84.000000 0.000000 0.000000 0.000000 1.000000 0.000000 84.000000 1.000000 0 0 0.000000
13 1544.169921 933.049194 13.124999 0.000000 -89.000000 0.000000 0.000000 0.000000 1.000000 0.000000 -89.000000 1.000000 0 0 0.000000
15 1489.374633 1432.113403 -240.875000 0.000000 -99.000000 0.000000 0.000000 0.000000 1.000000 0.000000 -99.000000 1.000000 0 0 0.000000
11 1339.608520 1848.954467 168.125000 0.000000 -112.000000 0.000000 0.000000 0.000000 1.000000 0.000000 -112.000000 1.000000 0 0 0.000000
15 2585.580810 756.582336 207.125000 0.000000 120.000000 0.000000 0.000000 0.000000 1.000000 0.000000 120.000000 1.000000 0 0 0.000000
15 2566.871093 861.892333 207.125000 0.000000 165.000000 0.000000 0.000000 0.000000 1.000000 0.000000 165.000000 1.000000 0 0 0.000000
15 1598.984741 1404.954956 -240.875000 0.000000 -94.000000 0.000000 0.000000 0.000000 1.000000 0.000000 -94.000000 1.000000 0 0 0.000000
11 2489.591064 912.690551 241.801483 0.000000 -160.000000 0.000000 0.000000 -0.242535 0.970142 0.000000 -160.000000 1.000000 0 0 0.000000
15 2287.321289 64.281631 239.125000 0.000000 -90.000000 0.000000 0.000000 0.000000 1.000000 0.000000 -90.000000 1.000000 0 0 0.000000
15 2190.049804 57.281829 239.125000 0.000000 -89.000000 0.000000 0.000000 0.000000 1.000000 0.000000 -89.000000 1.000000 0 0 0.000000
11 2493.977783 724.268005 240.561828 0.000000 152.000000 0.000000 0.000000 0.242535 0.970142 0.000000 152.000000 1.000000 0 0 0.000000
15 2084.560791 53.792907 239.125000 0.000000 -97.000000 0.000000 0.000000 0.000000 1.000000 0.000000 -97.000000 1.000000 0 0 0.000000
11 2396.449218 1189.185180 232.125000 0.000000 -177.000000 0.000000 0.000000 0.000000 1.000000 0.000000 -177.000000 1.000000 0 0 0.000000
11 2401.271972 1141.056762 232.125000 0.000000 179.000000 0.000000 0.000000 0.000000 1.000000 0.000000 179.000000 1.000000 0 0 0.000000
11 2397.274902 1240.520996 232.125000 0.000000 164.000000 0.000000 0.000000 0.000000 1.000000 0.000000 164.000000 1.000000 0 0 0.000000
14 3271.357666 909.466186 171.125000 0.000000 -48.000000 0.000000 0.000000 0.000000 1.000000 0.000000 -48.000000 1.000000 0 0 0.000000
14 3274.229492 1135.610473 171.125000 0.000000 -81.000000 0.000000 0.000000 0.000000 1.000000 0.000000 -81.000000 1.000000 0 0 0.000000
11 3453.993408 1007.832702 204.125000 0.000000 55.000000 0.000000 0.000000 0.000000 1.000000 0.000000 55.000000 1.000000 0 0 0.000000
14 3357.314453 1012.046142 307.124450 0.000000 -172.000000 0.000000 0.000000 0.000000 1.000000 0.000000 -172.000000 1.000000 0 0 0.000000
14 3197.199218 991.170471 307.125000 0.000000 123.000000 0.000000 0.000000 0.000000 1.000000 0.000000 123.000000 1.000000 0 0 0.000000
11 3098.966308 997.488891 204.125000 0.000000 108.000000 0.000000 0.000000 0.000000 1.000000 0.000000 108.000000 1.000000 0 0 0.000000
14 3541.874267 1010.850158 307.123657 0.000000 18.000000 0.000000 0.000000 0.000000 1.000000 0.000000 18.000000 1.000000 0 0 0.000000
14 3015.119140 988.539001 307.125640 0.000000 134.000000 0.000000 0.000000 0.000000 1.000000 0.000000 134.000000 1.000000 0 0 0.000000
13 2992.546386 506.285614 205.125000 0.000000 3.000000 0.000000 0.000000 0.000000 1.000000 0.000000 3.000000 1.000000 0 0 0.000000
13 3000.269042 425.256408 205.125000 0.000000 -6.000000 0.000000 0.000000 0.000000 1.000000 0.000000 -6.000000 1.000000 0 0 0.000000
14 3472.055419 1653.178833 345.908233 0.000000 30.000000 0.000000 0.000000 0.613940 0.789352 0.000000 30.000000 1.000000 0 0 0.000000
15 4004.621582 -843.929016 -240.875000 0.000000 0.000000 0.000000 0.000000 0.000000 1.000000 0.000000 0.000000 1.000000 0 0 0.000000
15 4009.790283 -654.560424 -240.875000 0.000000 1.000000 0.000000 0.000000 0.000000 1.000000 0.000000 1.000000 1.000000 0 0 0.000000
13 1818.656616 -691.285522 -242.875000 0.000000 -91.000000 0.000000 0.000000 0.000000 1.000000 0.000000 -91.000000 1.000000 0 0 0.000000
1 1757.520996 -587.203857 -240.875000 0.000000 -91.000000 0.000000 0.000000 0.000000 1.000000 0.000000 -91.000000 1.000000 0 0 0.000000
15 4007.989746 -270.964324 -240.875000 0.000000 1.000000 0.000000 0.000000 0.000000 1.000000 0.000000 1.000000 1.000000 0 0 0.000000
15 4009.887695 -465.973480 -240.875000 0.000000 0.000000 0.000000 0.000000 0.000000 1.000000 0.000000 0.000000 1.000000 0 0 0.000000
11 3391.388183 -336.976562 902.125000 0.000000 -155.000000 0.000000 0.000000 0.000000 1.000000 0.000000 -155.000000 1.000000 0 0 0.000000
11 3337.520263 -349.537841 888.125000 0.000000 -88.000000 0.000000 0.000000 0.000000 1.000000 0.000000 -88.000000 1.000000 0 0 0.000000
11 3297.977783 -344.756134 920.125000 0.000000 -104.000000 0.000000 0.000000 0.000000 1.000000 0.000000 -104.000000 1.000000 0 0 0.000000
11 3417.638183 -333.298034 902.125000 0.000000 -85.000000 0.000000 0.000000 0.000000 1.000000 0.000000 -85.000000 1.000000 0 0 0.000000
15 2042.305419 1906.648925 -240.875000 0.000000 2.000000 0.000000 0.000000 0.000000 1.000000 0.000000 2.000000 1.000000 0 0 0.000000
15 2045.870117 1813.304931 -240.875000 0.000000 0.000000 0.000000 0.000000 0.000000 1.000000 0.000000 0.000000 1.000000 0 0 0.000000
15 2046.789184 1720.203491 -240.875000 0.000000 0.000000 0.000000 0.000000 0.000000 1.000000 0.000000 0.000000 1.000000 0 0 0.000000
14 1547.531982 818.708251 55.125000 0.000000 88.000000 0.000000 0.000000 0.000000 1.000000 0.000000 88.000000 1.000000 0 0 0.000000
15 3273.489013 353.656860 207.125000 0.000000 -90.000000 0.000000 0.000000 0.000000 1.000000 0.000000 -90.000000 1.000000 0 0 0.000000
15 1772.561157 -697.207092 -240.875000 0.000000 -97.000000 0.000000 0.000000 0.000000 1.000000 0.000000 -97.000000 1.000000 0 0 0.000000
15 1867.845947 -706.939025 -240.875000 0.000000 -91.000000 0.000000 0.000000 0.000000 1.000000 0.000000 -91.000000 1.000000 0 0 0.000000
15 1904.558349 -693.155456 -200.875000 0.000000 -78.000000 0.000000 0.000000 0.000000 1.000000 0.000000 -78.000000 1.000000 0 0 0.000000
15 1717.044433 -692.127868 -200.875000 0.000000 -111.000000 0.000000 0.000000 0.000000 1.000000 0.000000 -111.000000 1.000000 0 0 0.000000
9 1384.809936 354.373291 -251.875000 0.000000 -89.000000 0.000000 0.000000 0.000000 1.000000 0.000000 -89.000000 1.000000 0 0 0.000000
3 1364.370117 752.955688 -192.875000 0.000000 174.000000 0.000000 0.000000 0.000000 1.000000 0.000000 174.000000 1.000000 0 0 0.000000
15 1545.121582 398.612915 -240.875000 0.000000 -90.000000 0.000000 0.000000 0.000000 1.000000 0.000000 -90.000000 1.000000 0 0 0.000000
11 1458.279174 440.585754 -167.875000 0.000000 0.000000 0.000000 0.000000 0.000000 1.000000 0.000000 0.000000 1.000000 0 0 0.000000
15 1804.475219 453.872772 -240.875000 0.000000 1.000000 0.000000 0.000000 0.000000 1.000000 0.000000 1.000000 1.000000 0 0 0.000000
15 1806.585571 372.829650 -240.875000 0.000000 1.000000 0.000000 0.000000 0.000000 1.000000 0.000000 1.000000 1.000000 0 0 0.000000
15 1707.043457 1194.174804 -240.875000 0.000000 2.000000 0.000000 0.000000 0.000000 1.000000 0.000000 2.000000 1.000000 0 0 0.000000
3 1565.781494 1228.086791 -240.875000 0.000000 90.000000 0.000000 0.000000 0.000000 1.000000 0.000000 90.000000 1.000000 0 0 0.000000
3 1566.265258 1224.375122 -165.750000 0.000000 91.000000 0.000000 0.000000 0.000000 1.000000 0.000000 91.000000 1.000000 0 0 0.000000
15 2614.399902 428.580383 -240.875000 0.000000 -1.000000 0.000000 0.000000 0.000000 1.000000 0.000000 -1.000000 1.000000 0 0 0.000000
14 1710.508544 1075.079101 -120.875000 0.000000 66.000000 0.000000 0.000000 0.000000 1.000000 0.000000 66.000000 1.000000 0 0 0.000000
13 1349.009033 834.854858 -194.875000 0.000000 179.000000 0.000000 0.000000 0.000000 1.000000 0.000000 179.000000 1.000000 0 0 0.000000
1 2496.000000 1344.000000 -64.875000 0.000000 270.000000 0.000000 0.000000 0.000000 1.000000 0.000000 270.000000 0.000000 0 0 0.000000
1 2688.000000 2112.000000 -280.875000 0.000000 450.000000 0.000000 0.000000 0.000000 1.000000 0.000000 450.000000 0.000000 0 0 0.000000
2 2368.000000 1344.000000 -240.875000 0.000000 270.000000 0.000000 0.000000 0.000000 1.000000 0.000000 270.000000 0.000000 0 0 0.000000
4 2768.000000 1392.000000 -240.875000 0.000000 0.000000 0.000000 0.000000 0.000000 1.000000 0.000000 0.000000 0.000000 0 0 0.000000
4 2304.000000 1904.000000 -240.875000 0.000000 0.000000 0.000000 0.000000 0.000000 1.000000 0.000000 0.000000 0.000000 0 0 0.000000
4 2304.000000 1696.000000 -240.875000 0.000000 0.000000 0.000000 0.000000 0.000000 1.000000 0.000000 0.000000 0.000000 0 0 0.000000
4 2928.000000 1392.000000 -240.875000 0.000000 0.000000 0.000000 0.000000 0.000000 1.000000 0.000000 0.000000 0.000000 0 0 0.000000
14 1459.562744 362.184387 -162.875000 0.000000 -44.000000 0.000000 0.000000 0.000000 1.000000 0.000000 -44.000000 1.000000 0 0 0.000000
15 2619.701416 358.689727 -240.875000 0.000000 0.000000 0.000000 0.000000 0.000000 1.000000 0.000000 0.000000 1.000000 0 0 0.000000
11 2741.777099 -170.479980 -247.875000 0.000000 0.000000 0.000000 0.000000 0.000000 1.000000 0.000000 0.000000 1.000000 0 0 0.000000
11 2173.394042 -48.699516 -215.875000 0.000000 174.000000 0.000000 0.000000 0.000000 1.000000 0.000000 174.000000 1.000000 0 0 0.000000
15 2245.296875 140.400573 -240.875000 0.000000 62.000000 0.000000 0.000000 0.000000 1.000000 0.000000 62.000000 1.000000 0 0 0.000000
14 2318.577880 533.428222 -104.875000 0.000000 171.000000 0.000000 0.000000 0.000000 1.000000 0.000000 171.000000 1.000000 0 0 0.000000
5 2468.692138 515.809448 -136.766586 0.000000 80.000000 0.000000 -0.997199 0.000000 0.074789 0.000000 80.000000 1.000000 2 0 0.000000
14 2010.822021 496.799987 -116.875000 0.000000 39.000000 0.000000 0.000000 0.000000 1.000000 0.000000 39.000000 1.000000 0 0 0.000000
13 1963.114990 331.765716 -226.875000 0.000000 -90.000000 0.000000 0.000000 0.000000 1.000000 0.000000 -90.000000 1.000000 0 0 0.000000
16 1846.938964 458.830413 -240.875000 0.000000 124.000000 0.000000 0.000000 0.000000 1.000000 0.000000 124.000000 1.000000 0 0 0.000000
16 2693.865966 -56.436267 -188.875000 0.000000 31.000000 0.000000 0.000000 0.000000 1.000000 0.000000 31.000000 1.000000 0 0 0.000000
14 2640.737548 -18.902656 -96.875000 0.000000 134.000000 0.000000 0.000000 0.000000 1.000000 0.000000 134.000000 1.000000 0 0 0.000000
13 2458.798095 -233.769592 -242.875000 0.000000 179.000000 0.000000 0.000000 0.000000 1.000000 0.000000 179.000000 1.000000 0 0 0.000000
5 2794.046386 -342.898773 -232.375000 0.000000 -93.000000 0.000000 0.000000 0.000000 1.000000 0.000000 -93.000000 1.000000 0 0 0.000000
5 2754.102539 -342.036987 -232.375000 0.000000 -90.000000 0.000000 0.000000 0.000000 1.000000 0.000000 -90.000000 1.000000 0 0 0.000000
5 2712.411132 -342.073089 -232.875000 0.000000 -89.000000 0.000000 0.000000 0.000000 1.000000 0.000000 -89.000000 1.000000 0 0 0.000000
5 2663.962402 -344.775970 -232.875000 0.000000 -86.000000 0.000000 0.000000 0.000000 1.000000 0.000000 -86.000000 1.000000 0 0 0.000000
15 2558.384033 -685.248046 -240.875000 0.000000 0.000000 0.000000 0.000000 0.000000 1.000000 0.000000 0.000000 1.000000 0 0 0.000000
15 2691.491943 -777.023315 -240.875000 0.000000 2.000000 0.000000 0.000000 0.000000 1.000000 0.000000 2.000000 1.000000 0 0 0.000000
13 2659.316162 -694.562988 -242.875000 0.000000 55.000000 0.000000 0.000000 0.000000 1.000000 0.000000 55.000000 1.000000 0 0 0.000000
10 2545.973144 -788.207702 -235.875000 0.000000 0.000000 0.000000 0.000000 0.000000 1.000000 0.000000 0.000000 1.000000 0 0 0.000000
15 2824.771728 -689.867248 -240.875000 0.000000 -9.000000 0.000000 0.000000 0.000000 1.000000 0.000000 -9.000000 1.000000 0 0 0.000000
13 2790.062011 -772.454223 -242.875000 0.000000 -63.000000 0.000000 0.000000 0.000000 1.000000 0.000000 -63.000000 1.000000 0 0 0.000000
6 3288.318359 -740.644165 -246.875000 0.000000 0.000000 0.000000 0.000000 0.000000 1.000000 0.000000 0.000000 1.000000 0 0 0.000000
11 3194.261962 -771.984436 -215.875000 0.000000 -166.000000 0.000000 0.000000 0.000000 1.000000 0.000000 -166.000000 1.000000 0 0 0.000000
14 3272.170654 -262.529785 -204.875000 0.000000 98.000000 0.000000 0.000000 0.000000 1.000000 0.000000 98.000000 1.000000 0 0 0.000000
15 3636.427490 -489.584686 -240.875000 0.000000 118.000000 0.000000 0.000000 0.000000 1.000000 0.000000 118.000000 1.000000 0 0 0.000000
15 3554.381591 -524.172302 -208.875000 0.000000 -109.000000 0.000000 0.000000 0.000000 1.000000 0.000000 -109.000000 1.000000 0 0 0.000000
16 3565.462402 -523.183105 -240.875000 0.000000 -106.000000 0.000000 0.000000 0.000000 1.000000 0.000000 -106.000000 1.000000 0 0 0.000000
13 3746.631591 -573.408264 -242.875000 0.000000 -5.000000 0.000000 0.000000 0.000000 1.000000 0.000000 -5.000000 1.000000 0 0 0.000000
15 3681.004150 -756.461669 -240.875000 0.000000 179.000000 0.000000 0.000000 0.000000 1.000000 0.000000 179.000000 1.000000 0 0 0.000000
15 3693.183593 -857.516906 -240.875000 0.000000 -6.000000 0.000000 0.000000 0.000000 1.000000 0.000000 -6.000000 1.000000 0 0 0.000000
11 3190.009033 -712.685485 -215.875000 0.000000 163.000000 0.000000 0.000000 0.000000 1.000000 0.000000 163.000000 1.000000 0 0 0.000000
15 3708.428466 -657.844360 -240.875000 0.000000 175.000000 0.000000 0.000000 0.000000 1.000000 0.000000 175.000000 1.000000 0 0 0.000000
11 3197.627197 -741.300354 -215.875000 0.000000 3.000000 0.000000 0.000000 0.000000 1.000000 0.000000 3.000000 1.000000 0 0 0.000000
14 3938.511230 -905.276611 -120.875000 0.000000 -65.000000 0.000000 0.000000 0.000000 1.000000 0.000000 -65.000000 1.000000 0 0 0.000000
15 3368.472900 -589.662963 -16.875000 0.000000 -100.000000 0.000000 0.000000 0.000000 1.000000 0.000000 -100.000000 1.000000 0 0 0.000000
11 3735.277832 -911.367248 48.125000 0.000000 -179.000000 0.000000 0.000000 0.000000 1.000000 0.000000 -179.000000 1.000000 0 0 0.000000
11 3712.301513 -498.655395 -151.875000 0.000000 91.000000 0.000000 0.000000 0.000000 1.000000 0.000000 91.000000 1.000000 0 0 0.000000
1 3755.341796 -391.846313 -240.875000 0.000000 -145.000000 0.000000 0.000000 0.000000 1.000000 0.000000 -145.000000 1.000000 0 0 0.000000
11 3779.278808 -499.911743 -151.875000 0.000000 88.000000 0.000000 0.000000 0.000000 1.000000 0.000000 88.000000 1.000000 0 0 0.000000
11 3824.049560 -482.318481 -152.970794 0.000000 80.000000 0.000000 0.000000 0.554700 0.832050 0.000000 80.000000 1.000000 0 0 0.000000
11 3788.542968 -911.718383 48.125000 0.000000 -179.000000 0.000000 0.000000 0.000000 1.000000 0.000000 -179.000000 1.000000 0 0 0.000000
15 3876.882812 -329.492462 111.125000 0.000000 92.000000 0.000000 0.000000 0.000000 1.000000 0.000000 92.000000 1.000000 0 0 0.000000
11 3951.737548 -340.873016 176.125000 0.000000 83.000000 0.000000 0.000000 0.000000 1.000000 0.000000 83.000000 1.000000 0 0 0.000000
11 3953.029785 -342.165130 176.125000 0.000000 83.000000 0.000000 0.000000 0.000000 1.000000 0.000000 83.000000 1.000000 0 0 0.000000
14 3972.734375 -495.766418 -120.875000 0.000000 -49.000000 0.000000 0.000000 0.000000 1.000000 0.000000 -49.000000 1.000000 0 0 0.000000
11 3992.259521 -514.251342 93.316009 0.000000 -38.000000 0.000000 0.000000 -0.554700 0.832050 0.000000 -38.000000 1.000000 0 0 0.000000
14 3429.672851 -213.703201 575.125000 0.000000 33.000000 0.000000 0.000000 0.000000 1.000000 0.000000 33.000000 1.000000 0 0 0.000000
11 3266.658447 -237.521224 264.125000 0.000000 121.000000 0.000000 0.000000 0.000000 1.000000 0.000000 121.000000 1.000000 0 0 0.000000
14 3800.129150 -202.819305 841.125000 0.000000 121.000000 0.000000 0.000000 0.000000 1.000000 0.000000 121.000000 1.000000 0 0 0.000000
14 3637.180664 -400.259887 887.125000 0.000000 -176.000000 0.000000 0.000000 0.000000 1.000000 0.000000 -176.000000 1.000000 0 0 0.000000
15 3328.628173 -361.597625 722.125000 0.000000 78.000000 0.000000 0.000000 0.000000 1.000000 0.000000 78.000000 1.000000 0 0 0.000000
15 3421.160156 -411.913299 747.125000 0.000000 9.000000 0.000000 0.000000 0.000000 1.000000 0.000000 9.000000 1.000000 0 0 0.000000
14 3442.452392 -919.761474 575.125000 0.000000 -130.000000 0.000000 0.000000 0.000000 1.000000 0.000000 -130.000000 1.000000 0 0 0.000000
14 3927.272705 -749.093688 705.215576 0.000000 62.000000 0.000000 0.341743 0.000000 0.939793 0.000000 62.000000 1.000000 0 0 0.000000
14 3285.344726 -816.993286 161.136398 0.000000 179.000000 0.000000 0.000000 0.447213 0.894427 0.000000 179.000000 1.000000 0 0 0.000000
13 3231.042724 84.358917 229.125000 0.000000 -90.000000 0.000000 0.000000 0.000000 1.000000 0.000000 -90.000000 1.000000 0 0 0.000000
11 3303.406250 -565.456665 8.125000 0.000000 81.000000 0.000000 0.000000 0.000000 1.000000 0.000000 81.000000 1.000000 0 0 0.000000
11 3449.059570 -571.061462 8.125000 0.000000 57.000000 0.000000 0.000000 0.000000 1.000000 0.000000 57.000000 1.000000 0 0 0.000000
15 3330.653564 -661.172668 -16.875000 0.000000 87.000000 0.000000 0.000000 0.000000 1.000000 0.000000 87.000000 1.000000 0 0 0.000000
14 3407.481445 -358.987701 -224.875000 0.000000 75.000000 0.000000 0.000000 0.000000 1.000000 0.000000 75.000000 1.000000 0 0 0.000000
13 3500.629394 -400.123657 -204.875000 0.000000 2.000000 0.000000 0.000000 0.000000 1.000000 0.000000 2.000000 1.000000 0 0 0.000000
14 3404.892333 -219.370407 -84.875000 0.000000 -172.000000 0.000000 0.000000 0.000000 1.000000 0.000000 -172.000000 1.000000 0 0 0.000000
4 3565.938232 -1028.163330 239.125000 0.000000 3.000000 0.000000 0.000000 0.000000 1.000000 0.000000 3.000000 1.000000 0 0 0.000000
4 3335.458984 -1028.613525 239.125000 0.000000 -155.000000 0.000000 0.000000 0.000000 1.000000 0.000000 -155.000000 1.000000 0 0 0.000000
4 3449.932128 -1143.838745 239.125000 0.000000 -88.000000 0.000000 0.000000 0.000000 1.000000 0.000000 -88.000000 1.000000 0 0 0.000000
15 3439.075439 -1287.878906 239.125000 0.000000 91.000000 0.000000 0.000000 0.000000 1.000000 0.000000 91.000000 1.000000 0 0 0.000000
15 2508.747070 -1531.203979 275.126861 0.000000 63.000000 0.000000 0.000000 0.000000 1.000000 0.000000 63.000000 1.000000 0 0 0.000000
14 2508.747070 -1531.203979 377.251861 0.000000 63.000000 0.000000 0.000000 0.000000 1.000000 0.000000 63.000000 1.000000 0 0 0.000000
15 2976.833496 -1703.580200 239.125000 0.000000 -10.000000 0.000000 0.000000 0.000000 1.000000 0.000000 -10.000000 1.000000 0 0 0.000000
15 2984.292968 -1612.670288 239.125000 0.000000 5.000000 0.000000 0.000000 0.000000 1.000000 0.000000 5.000000 1.000000 0 0 0.000000
15 2998.042480 -1515.793579 239.125000 0.000000 7.000000 0.000000 0.000000 0.000000 1.000000 0.000000 7.000000 1.000000 0 0 0.000000
15 2999.488769 -1425.308349 239.125000 0.000000 12.000000 0.000000 0.000000 0.000000 1.000000 0.000000 12.000000 1.000000 0 0 0.000000
3 3337.781494 -1691.524047 239.125000 0.000000 -89.000000 0.000000 0.000000 0.000000 1.000000 0.000000 -89.000000 1.000000 0 0 0.000000
3 3558.009521 -1700.121093 239.125000 0.000000 -91.000000 0.000000 0.000000 0.000000 1.000000 0.000000 -91.000000 1.000000 0 0 0.000000
3 3334.501953 -1691.532226 314.250000 0.000000 -90.000000 0.000000 0.000000 0.000000 1.000000 0.000000 -90.000000 1.000000 0 0 0.000000
11 3764.881347 -1433.941406 312.125000 0.000000 68.000000 0.000000 0.000000 0.000000 1.000000 0.000000 68.000000 1.000000 0 0 0.000000
6 3220.587646 -1419.092773 233.125000 0.000000 90.000000 0.000000 0.000000 0.000000 1.000000 0.000000 90.000000 1.000000 0 0 0.000000
3 3560.906250 -1707.921142 314.250000 0.000000 -86.000000 0.000000 0.000000 0.000000 1.000000 0.000000 -86.000000 1.000000 0 0 0.000000
3 3766.750000 -1686.366455 239.125015 0.000000 -92.000000 0.000000 0.000000 0.000000 1.000000 0.000000 -92.000000 1.000000 0 0 0.000000
14 3129.651367 -1554.796875 267.125488 0.000000 143.000000 0.000000 0.000000 0.000000 1.000000 0.000000 143.000000 1.000000 0 0 0.000000
3 3769.399169 -1690.419433 239.125000 0.000000 -89.000000 0.000000 0.000000 0.000000 1.000000 0.000000 -89.000000 1.000000 0 0 0.000000
5 3789.137695 -1537.121582 239.125000 0.000000 -1.000000 0.000000 0.000000 0.000000 1.000000 0.000000 -1.000000 1.000000 0 0 0.000000
3 2458.406982 -1661.569458 262.125000 0.000000 172.000000 0.000000 0.000000 0.000000 1.000000 0.000000 172.000000 1.000000 0 0 0.000000
11 2699.630859 -1234.059326 264.125000 0.000000 91.000000 0.000000 0.000000 0.000000 1.000000 0.000000 91.000000 1.000000 0 0 0.000000
11 2749.738281 -1230.432006 264.125000 0.000000 91.000000 0.000000 0.000000 0.000000 1.000000 0.000000 91.000000 1.000000 0 0 0.000000
15 2611.712646 -764.687194 239.125000 0.000000 91.000000 0.000000 0.000000 0.000000 1.000000 0.000000 91.000000 1.000000 0 0 0.000000
11 2796.911132 -1229.645996 264.125000 0.000000 91.000000 0.000000 0.000000 0.000000 1.000000 0.000000 91.000000 1.000000 0 0 0.000000
11 2851.170654 -1224.631713 264.125000 0.000000 91.000000 0.000000 0.000000 0.000000 1.000000 0.000000 91.000000 1.000000 0 0 0.000000
15 2704.422851 -750.804321 239.125000 0.000000 90.000000 0.000000 0.000000 0.000000 1.000000 0.000000 90.000000 1.000000 0 0 0.000000
11 2592.456787 -918.477783 264.125000 0.000000 147.000000 0.000000 0.000000 0.000000 1.000000 0.000000 147.000000 1.000000 0 0 0.000000
15 2804.992919 -764.422668 239.125000 0.000000 88.000000 0.000000 0.000000 0.000000 1.000000 0.000000 88.000000 1.000000 0 0 0.000000
15 2899.062255 -754.561645 239.125000 0.000000 83.000000 0.000000 0.000000 0.000000 1.000000 0.000000 83.000000 1.000000 0 0 0.000000
1 2616.330810 -848.398071 239.125000 0.000000 125.000000 0.000000 0.000000 0.000000 1.000000 0.000000 125.000000 1.000000 0 0 0.000000
13 2692.469482 -274.768035 237.125000 0.000000 88.000000 0.000000 0.000000 0.000000 1.000000 0.000000 88.000000 1.000000 0 0 0.000000
15 1965.183593 -1253.515625 271.125000 0.000000 -159.000000 0.000000 0.000000 0.000000 1.000000 0.000000 -159.000000 1.000000 0 0 0.000000
14 2867.208007 -252.665237 231.125000 0.000000 -47.000000 0.000000 0.000000 0.000000 1.000000 0.000000 -47.000000 1.000000 0 0 0.000000
13 2775.016357 -281.505584 237.125000 0.000000 90.000000 0.000000 0.000000 0.000000 1.000000 0.000000 90.000000 1.000000 0 0 0.000000
14 2603.657714 -252.206649 231.125000 0.000000 139.000000 0.000000 0.000000 0.000000 1.000000 0.000000 139.000000 1.000000 0 0 0.000000
10 2732.365722 -192.874816 244.125000 0.000000 22.000000 0.000000 0.000000 0.000000 1.000000 0.000000 22.000000 1.000000 0 0 0.000000
11 1364.904418 -383.957031 296.125000 0.000000 163.000000 0.000000 0.000000 0.000000 1.000000 0.000000 163.000000 1.000000 0 0 0.000000
15 1368.379394 -768.875976 291.125000 0.000000 -76.000000 0.000000 0.000000 0.000000 1.000000 0.000000 -76.000000 1.000000 0 0 0.000000
14 1393.723388 -1177.984375 283.125000 0.000000 -70.000000 0.000000 0.000000 0.000000 1.000000 0.000000 -70.000000 1.000000 0 0 0.000000
10 1589.834106 -403.022277 276.125000 0.000000 29.000000 0.000000 0.000000 0.000000 1.000000 0.000000 29.000000 1.000000 0 0 0.000000
14 1959.340942 -509.304382 7.125000 0.000000 -48.000000 0.000000 0.000000 0.000000 1.000000 0.000000 -48.000000 1.000000 0 0 0.000000
14 2197.841308 -508.408325 7.125000 0.000000 -54.000000 0.000000 0.000000 0.000000 1.000000 0.000000 -54.000000 1.000000 0 0 0.000000
14 1701.424926 -510.873382 7.125000 0.000000 -51.000000 0.000000 0.000000 0.000000 1.000000 0.000000 -51.000000 1.000000 0 0 0.000000
14 1482.612792 -524.563171 7.125000 0.000000 128.000000 0.000000 0.000000 0.000000 1.000000 0.000000 128.000000 1.000000 0 0 0.000000
15 2359.095214 -942.559448 239.125000 0.000000 4.000000 0.000000 0.000000 0.000000 1.000000 0.000000 4.000000 1.000000 0 0 0.000000
11 2293.048583 -887.836059 296.125000 0.000000 52.000000 0.000000 0.000000 0.000000 1.000000 0.000000 52.000000 1.000000 0 0 0.000000
15 2359.256835 -1035.517211 239.125000 0.000000 -6.000000 0.000000 0.000000 0.000000 1.000000 0.000000 -6.000000 1.000000 0 0 0.000000
1 1481.175292 -525.576843 26.250000 0.000000 121.000000 0.000000 0.000000 0.000000 1.000000 0.000000 121.000000 1.000000 0 0 0.000000
1 1699.561157 -509.922882 26.250000 0.000000 68.000000 0.000000 0.000000 0.000000 1.000000 0.000000 68.000000 1.000000 0 0 0.000000
1 1960.454467 -506.063293 26.250000 0.000000 60.000000 0.000000 0.000000 0.000000 1.000000 0.000000 60.000000 1.000000 0 0 0.000000
1 2199.218261 -507.297058 26.250000 0.000000 67.000000 0.000000 0.000000 0.000000 1.000000 0.000000 67.000000 1.000000 0 0 0.000000
13 2526.253417 -190.978042 433.125000 0.000000 87.000000 0.000000 0.000000 0.000000 1.000000 0.000000 87.000000 1.000000 0 0 0.000000
10 2793.662109 -234.270614 440.125000 0.000000 2.000000 0.000000 0.000000 0.000000 1.000000 0.000000 2.000000 1.000000 0 0 0.000000
14 2448.718994 -985.389465 231.125000 0.000000 -97.000000 0.000000 0.000000 0.000000 1.000000 0.000000 -97.000000 1.000000 0 0 0.000000
1 2780.863525 -589.478515 531.125000 0.000000 48.000000 0.000000 0.000000 0.000000 1.000000 0.000000 48.000000 1.000000 0 0 0.000000
13 2297.884033 -185.429077 269.125000 0.000000 85.000000 0.000000 0.000000 0.000000 1.000000 0.000000 85.000000 1.000000 0 0 0.000000
13 2524.606689 -265.833282 433.125000 0.000000 179.000000 0.000000 0.000000 0.000000 1.000000 0.000000 179.000000 1.000000 0 0 0.000000
14 2780.238769 -591.216552 523.125000 0.000000 48.000000 0.000000 0.000000 0.000000 1.000000 0.000000 48.000000 1.000000 0 0 0.000000
5 2279.716796 -271.906036 271.125000 0.000000 92.000000 0.000000 0.000000 0.000000 1.000000 0.000000 92.000000 1.000000 0 0 0.000000
