14 -2157.539306 2311.870605 -1016.775024 0.000000 0.000000 0.000000 0.000000 0.000000 0.000000 0.000000 0.000000 1.000000 1 0 0.000000
14 -2363.820312 1994.125732 -152.774993 0.000000 0.000000 0.000000 0.000000 0.000000 0.000000 0.000000 0.000000 1.000000 1 0 0.000000
9 -1055.426513 1831.745239 -127.275398 0.000000 -155.000000 0.000000 -0.083724 -0.258693 0.962324 0.000000 -155.000000 1.000000 3 0 0.000000
11 -607.667175 1791.405517 116.125000 0.000000 92.000000 0.000000 0.000000 0.000000 1.000000 0.000000 92.000000 1.000000 0 0 0.000000
11 -668.565246 1762.008300 116.125000 0.000000 93.000000 0.000000 0.000000 0.000000 1.000000 0.000000 93.000000 1.000000 0 0 0.000000
11 -739.471130 1801.989990 116.125000 0.000000 -82.000000 0.000000 0.000000 0.000000 1.000000 0.000000 -82.000000 1.000000 0 0 0.000000
10 -642.502258 1829.997680 296.125000 0.000000 -96.000000 0.000000 0.000000 0.000000 1.000000 0.000000 -96.000000 1.000000 0 0 0.000000
4 -570.425476 1792.624633 -340.401336 0.000000 -132.000000 -131.000000 0.029338 -0.219484 0.975174 1.000000 -132.000000 0.000000 0 0 0.000000
10 -705.391052 1829.949340 296.125000 0.000000 -91.000000 0.000000 0.000000 0.000000 1.000000 0.000000 -91.000000 1.000000 0 0 0.000000
14 -729.783691 1882.025756 83.125000 0.000000 -18.000000 0.000000 0.000000 0.000000 1.000000 0.000000 -18.000000 1.000000 0 0 0.000000
16 -524.045166 1550.137695 271.125000 0.000000 -174.000000 0.000000 0.000000 0.000000 1.000000 0.000000 -174.000000 1.000000 0 0 0.000000
16 -567.579956 1547.057861 271.125000 0.000000 2.000000 0.000000 0.000000 0.000000 1.000000 0.000000 2.000000 1.000000 0 0 0.000000
1 -2451.567138 818.774230 479.125000 0.000000 178.000000 0.000000 0.000000 0.000000 1.000000 0.000000 178.000000 1.000000 0 0 0.000000
16 -2719.770751 578.944274 31.125000 0.000000 92.000000 0.000000 0.000000 0.000000 1.000000 0.000000 92.000000 1.000000 0 0 0.000000
16 -3102.080322 540.717224 31.125000 0.000000 94.000000 0.000000 0.000000 0.000000 1.000000 0.000000 94.000000 1.000000 0 0 0.000000
16 -2810.393310 1667.069946 -1168.875000 0.000000 40.000000 0.000000 0.000000 0.000000 1.000000 0.000000 40.000000 1.000000 0 0 0.000000
16 -1589.469360 876.271057 15.125000 0.000000 132.000000 0.000000 0.000000 0.000000 1.000000 0.000000 132.000000 1.000000 0 0 0.000000
16 -3233.044921 562.363647 31.125000 0.000000 -93.000000 0.000000 0.000000 0.000000 1.000000 0.000000 -93.000000 1.000000 0 0 0.000000
14 -1235.763305 1223.770874 -24.875000 0.000000 0.000000 0.000000 0.000000 0.000000 1.000000 0.000000 0.000000 1.000000 0 0 0.000000
16 -1669.738769 873.408508 47.125000 0.000000 123.000000 0.000000 0.000000 0.000000 1.000000 0.000000 123.000000 1.000000 0 0 0.000000
13 -1314.033325 1670.540161 477.125000 0.000000 -91.000000 0.000000 0.000000 0.000000 1.000000 0.000000 -91.000000 1.000000 0 0 0.000000
16 -1625.473632 852.268676 15.125000 0.000000 133.000000 0.000000 0.000000 0.000000 1.000000 0.000000 133.000000 1.000000 0 0 0.000000
16 -947.944335 83.190071 255.125000 0.000000 -2.000000 0.000000 0.000000 0.000000 1.000000 0.000000 -2.000000 1.000000 0 0 0.000000
16 -3070.756347 2112.720947 -1168.875000 0.000000 -75.000000 0.000000 0.000000 0.000000 1.000000 0.000000 -75.000000 1.000000 0 0 0.000000
16 -2642.091552 2252.746826 -232.875000 0.000000 31.000000 0.000000 0.000000 0.000000 1.000000 0.000000 31.000000 1.000000 0 0 0.000000
3 138.373657 270.998443 167.125000 0.000000 -104.000000 0.000000 0.000000 0.000000 1.000000 0.000000 -104.000000 1.000000 0 0 0.000000
3 144.265213 414.741912 167.125000 0.000000 -105.000000 0.000000 0.000000 0.000000 1.000000 0.000000 -105.000000 1.000000 0 0 0.000000
16 -1302.519531 620.117126 -16.875000 0.000000 -45.000000 0.000000 0.000000 0.000000 1.000000 0.000000 -45.000000 1.000000 0 0 0.000000
10 -75.306762 750.211669 84.125000 0.000000 65.000000 0.000000 0.000000 0.000000 1.000000 0.000000 65.000000 1.000000 2 0 0.000000
10 291.324707 -355.566619 84.125000 0.000000 120.000000 0.000000 0.000000 0.000000 1.000000 0.000000 120.000000 1.000000 2 0 0.000000
11 -45.042236 752.348144 172.125000 0.000000 54.000000 0.000000 0.000000 0.000000 1.000000 0.000000 54.000000 1.000000 0 0 0.000000
15 102.861968 701.787536 79.125000 0.000000 72.000000 0.000000 0.000000 0.000000 1.000000 0.000000 72.000000 1.000000 0 0 0.000000
11 -189.451583 -647.666503 104.125000 0.000000 -80.000000 0.000000 0.000000 0.000000 1.000000 0.000000 -80.000000 1.000000 0 0 0.000000
15 -346.411407 -647.327514 79.125000 0.000000 -102.000000 0.000000 0.000000 0.000000 1.000000 0.000000 -102.000000 1.000000 0 0 0.000000
11 -262.824798 -588.533325 104.125000 0.000000 92.000000 0.000000 0.000000 0.000000 1.000000 0.000000 92.000000 1.000000 0 0 0.000000
13 457.027648 727.387756 165.125000 0.000000 89.000000 0.000000 0.000000 0.000000 1.000000 0.000000 89.000000 1.000000 0 0 0.000000
13 375.883666 740.115661 165.125000 0.000000 -92.000000 0.000000 0.000000 0.000000 1.000000 0.000000 -92.000000 1.000000 0 0 0.000000
13 290.719512 735.561950 165.125000 0.000000 86.000000 0.000000 0.000000 0.000000 1.000000 0.000000 86.000000 1.000000 0 0 0.000000
7 372.904785 472.184783 177.125000 0.000000 95.000000 0.000000 0.000000 0.000000 1.000000 0.000000 95.000000 1.000000 2 0 0.000000
7 294.892883 284.925781 177.125000 0.000000 88.000000 0.000000 0.000000 0.000000 1.000000 0.000000 88.000000 1.000000 2 0 0.000000
7 372.334381 64.386802 177.125000 0.000000 93.000000 0.000000 0.000000 0.000000 1.000000 0.000000 93.000000 1.000000 2 0 0.000000
7 290.286315 -145.929183 177.125000 0.000000 91.000000 0.000000 0.000000 0.000000 1.000000 0.000000 91.000000 1.000000 2 0 0.000000
7 352.835235 -375.614318 177.125000 0.000000 86.000000 0.000000 0.000000 0.000000 1.000000 0.000000 86.000000 1.000000 2 0 0.000000
11 -113.052818 800.031677 104.125000 0.000000 -175.000000 0.000000 0.000000 0.000000 1.000000 0.000000 -175.000000 1.000000 0 0 0.000000
10 -109.466964 798.831542 164.250000 0.000000 86.000000 0.000000 0.000000 0.000000 1.000000 0.000000 86.000000 1.000000 2 0 0.000000
10 428.405303 -569.583374 172.125000 0.000000 -90.000000 0.000000 0.000000 0.000000 1.000000 0.000000 -90.000000 1.000000 2 0 0.000000
4 159.897186 -640.691955 79.125000 0.000000 -58.000000 0.000000 0.000000 0.000000 1.000000 0.000000 -58.000000 1.000000 0 0 0.000000
11 220.390014 611.862670 192.125000 0.000000 93.000000 0.000000 0.000000 0.000000 1.000000 0.000000 93.000000 1.000000 0 0 0.000000
11 -39.849506 846.276672 104.125000 0.000000 159.000000 0.000000 0.000000 0.000000 1.000000 0.000000 159.000000 1.000000 0 0 0.000000
13 297.491333 658.425170 165.125000 0.000000 89.000000 0.000000 0.000000 0.000000 1.000000 0.000000 89.000000 1.000000 0 0 0.000000
13 -1174.817626 -1194.637207 -40.075004 0.000000 88.000000 0.000000 0.000000 0.000000 1.000000 0.000000 88.000000 1.000000 0 0 0.000000
13 14.484991 700.836059 145.125000 0.000000 53.000000 0.000000 0.000000 0.000000 1.000000 0.000000 53.000000 1.000000 0 0 0.000000
16 -1102.744628 -1218.964355 -38.075004 0.000000 40.000000 0.000000 0.000000 0.000000 1.000000 0.000000 40.000000 1.000000 0 0 0.000000
6 -1662.932006 856.085205 473.125000 0.000000 84.000000 0.000000 0.000000 0.000000 1.000000 0.000000 84.000000 1.000000 0 0 0.000000
10 -260.707000 -663.018676 84.125000 0.000000 82.000000 0.000000 0.000000 0.000000 1.000000 0.000000 82.000000 1.000000 2 0 0.000000
16 -2228.580078 1016.927734 -24.875000 0.000000 -92.000000 0.000000 0.000000 0.000000 1.000000 0.000000 -92.000000 1.000000 0 0 0.000000
13 -589.249145 1850.412719 125.124992 0.000000 -2.000000 0.000000 0.000000 0.000000 1.000000 0.000000 -2.000000 1.000000 0 0 0.000000
13 -587.560485 1923.927001 125.124992 0.000000 0.000000 0.000000 0.000000 0.000000 1.000000 0.000000 0.000000 1.000000 0 0 0.000000
13 -394.554290 1823.511230 125.124992 0.000000 -171.000000 0.000000 0.000000 0.000000 1.000000 0.000000 -171.000000 1.000000 0 0 0.000000
13 -489.667663 1826.041259 125.124992 0.000000 -174.000000 0.000000 0.000000 0.000000 1.000000 0.000000 -174.000000 1.000000 0 0 0.000000
11 775.174133 1246.498657 224.125000 0.000000 89.000000 0.000000 0.000000 0.000000 1.000000 0.000000 89.000000 1.000000 0 0 0.000000
15 762.960693 1607.114990 199.125000 0.000000 94.000000 0.000000 0.000000 0.000000 1.000000 0.000000 94.000000 1.000000 0 0 0.000000
14 767.670654 1736.136596 191.125000 0.000000 -20.000000 0.000000 0.000000 0.000000 1.000000 0.000000 -20.000000 1.000000 0 0 0.000000
10 -496.992706 -688.135681 84.125000 0.000000 -88.000000 0.000000 0.000000 0.000000 1.000000 0.000000 -88.000000 1.000000 2 0 0.000000
10 -549.549499 -689.043151 84.125000 0.000000 -111.000000 0.000000 0.000000 0.000000 1.000000 0.000000 -111.000000 1.000000 2 0 0.000000
10 -437.032531 -313.147277 84.125000 0.000000 93.000000 0.000000 0.000000 0.000000 1.000000 0.000000 93.000000 1.000000 2 0 0.000000
10 -435.583404 -363.274444 84.125000 0.000000 91.000000 0.000000 0.000000 0.000000 1.000000 0.000000 91.000000 1.000000 2 0 0.000000
10 -491.753204 -314.542816 84.125000 0.000000 88.000000 0.000000 0.000000 0.000000 1.000000 0.000000 88.000000 1.000000 2 0 0.000000
10 -489.226928 -367.030242 84.125000 0.000000 86.000000 0.000000 0.000000 0.000000 1.000000 0.000000 86.000000 1.000000 2 0 0.000000
10 -407.602905 -11.894920 84.125000 0.000000 91.000000 0.000000 0.000000 0.000000 1.000000 0.000000 91.000000 1.000000 2 0 0.000000
10 -406.082672 -66.522399 84.125000 0.000000 91.000000 0.000000 0.000000 0.000000 1.000000 0.000000 91.000000 1.000000 2 0 0.000000
10 -459.272918 -12.750207 84.125000 0.000000 94.000000 0.000000 0.000000 0.000000 1.000000 0.000000 94.000000 1.000000 2 0 0.000000
10 -457.487579 -67.895996 84.125000 0.000000 92.000000 0.000000 0.000000 0.000000 1.000000 0.000000 92.000000 1.000000 2 0 0.000000
10 -509.549865 -13.868583 84.125000 0.000000 90.000000 0.000000 0.000000 0.000000 1.000000 0.000000 90.000000 1.000000 2 0 0.000000
10 -508.196563 -68.707908 84.125000 0.000000 89.000000 0.000000 0.000000 0.000000 1.000000 0.000000 89.000000 1.000000 2 0 0.000000
10 -408.853851 371.010314 84.125000 0.000000 91.000000 0.000000 0.000000 0.000000 1.000000 0.000000 91.000000 1.000000 2 0 0.000000
10 -406.783416 318.284484 84.125000 0.000000 91.000000 0.000000 0.000000 0.000000 1.000000 0.000000 91.000000 1.000000 2 0 0.000000
10 -459.097686 370.736419 84.125000 0.000000 92.000000 0.000000 0.000000 0.000000 1.000000 0.000000 92.000000 1.000000 2 0 0.000000
10 -458.622009 315.014312 84.125000 0.000000 93.000000 0.000000 0.000000 0.000000 1.000000 0.000000 93.000000 1.000000 2 0 0.000000
10 -509.953582 371.599853 84.125000 0.000000 91.000000 0.000000 0.000000 0.000000 1.000000 0.000000 91.000000 1.000000 2 0 0.000000
10 -509.985778 310.518127 84.125000 0.000000 92.000000 0.000000 0.000000 0.000000 1.000000 0.000000 92.000000 1.000000 2 0 0.000000
14 7.169297 1194.043945 263.125000 0.000000 152.000000 0.000000 0.000000 0.000000 1.000000 0.000000 152.000000 1.000000 0 0 0.000000
5 636.875000 1198.030151 412.833007 0.000000 82.000000 -89.000000 -1.000000 0.000000 0.000000 -1.000000 82.000000 0.000000 0 0 0.000000
5 541.005004 1355.568969 440.875000 0.000000 86.000000 180.000000 0.000000 0.000000 -1.000000 -1.000000 86.000000 0.000000 0 0 0.000000
5 506.644958 1355.560913 440.875000 0.000000 84.000000 180.000000 0.000000 0.000000 -1.000000 -1.000000 84.000000 0.000000 0 0 0.000000
5 -32.875000 1211.665161 412.489685 0.000000 90.000000 89.000000 1.000000 0.000000 0.000000 1.000000 90.000000 0.000000 0 0 0.000000
14 594.404235 1274.142700 263.125000 0.000000 -62.000000 0.000000 0.000000 0.000000 1.000000 0.000000 -62.000000 1.000000 0 0 0.000000
5 546.438232 1391.027709 440.875000 0.000000 -6.000000 179.000000 0.000000 0.000000 -1.000000 1.000000 -6.000000 0.000000 0 0 0.000000
5 505.319793 1389.964355 440.875000 0.000000 -8.000000 179.000000 0.000000 0.000000 -1.000000 1.000000 -8.000000 0.000000 0 0 0.000000
5 314.960388 1398.785278 440.875000 0.000000 -2.000000 179.000000 0.000000 0.000000 -1.000000 1.000000 -2.000000 0.000000 0 0 0.000000
5 306.139373 1361.416381 440.875000 0.000000 -3.000000 179.000000 0.000000 0.000000 -1.000000 1.000000 -3.000000 0.000000 0 0 0.000000
5 262.660675 1399.570190 440.875000 0.000000 1.000000 179.000000 0.000000 0.000000 -1.000000 1.000000 1.000000 0.000000 0 0 0.000000
5 263.449981 1365.840942 440.875000 0.000000 -2.000000 179.000000 0.000000 0.000000 -1.000000 1.000000 -2.000000 0.000000 0 0 0.000000
5 186.660003 1213.387817 440.875000 0.000000 79.000000 180.000000 0.000000 0.000000 -1.000000 1.000000 79.000000 0.000000 0 0 0.000000
5 143.818771 1215.629516 440.875000 0.000000 81.000000 180.000000 0.000000 0.000000 -1.000000 1.000000 81.000000 0.000000 0 0 0.000000
5 142.532562 1172.708374 440.875000 0.000000 93.000000 180.000000 0.000000 0.000000 -1.000000 1.000000 93.000000 0.000000 0 0 0.000000
5 182.523635 1166.362915 440.875000 0.000000 90.000000 180.000000 0.000000 0.000000 -1.000000 1.000000 90.000000 0.000000 0 0 0.000000
5 351.761718 1251.044921 440.875000 0.000000 103.000000 180.000000 0.000000 0.000000 -1.000000 1.000000 103.000000 0.000000 0 0 0.000000
5 390.165771 1247.841918 440.875000 0.000000 94.000000 180.000000 0.000000 0.000000 -1.000000 1.000000 94.000000 0.000000 0 0 0.000000
5 351.270935 1206.101806 440.875000 0.000000 92.000000 180.000000 0.000000 0.000000 -1.000000 1.000000 92.000000 0.000000 0 0 0.000000
5 386.988372 1213.919311 440.875000 0.000000 97.000000 180.000000 0.000000 0.000000 -1.000000 1.000000 97.000000 0.000000 0 0 0.000000
5 540.316650 1103.750976 440.875000 0.000000 -2.000000 -179.000000 0.000000 0.000000 -1.000000 -1.000000 -2.000000 0.000000 0 0 0.000000
7 280.367004 1219.158325 430.875000 0.000000 -124.000000 179.000000 0.000000 0.000000 -1.000000 -1.000000 -124.000000 0.000000 0 0 0.000000
5 501.376525 1101.271850 440.875000 0.000000 93.000000 180.000000 0.000000 0.000000 -1.000000 -1.000000 93.000000 0.000000 0 0 0.000000
5 504.133483 1065.066162 440.875000 0.000000 176.000000 179.000000 0.000000 0.000000 -1.000000 -1.000000 176.000000 0.000000 0 0 0.000000
5 539.390808 1068.352905 440.875000 0.000000 132.000000 179.000000 0.000000 0.000000 -1.000000 -1.000000 132.000000 0.000000 0 0 0.000000
5 115.223449 1029.186889 440.875000 0.000000 -7.000000 179.000000 0.000000 0.000000 -1.000000 1.000000 -7.000000 0.000000 0 0 0.000000
5 120.138961 994.721374 440.875000 0.000000 -6.000000 179.000000 0.000000 0.000000 -1.000000 1.000000 -6.000000 0.000000 0 0 0.000000
5 86.638687 997.023864 440.875000 0.000000 -92.000000 180.000000 0.000000 0.000000 -1.000000 1.000000 -92.000000 0.000000 0 0 0.000000
5 85.044097 1031.724609 440.875000 0.000000 -93.000000 180.000000 0.000000 0.000000 -1.000000 1.000000 -93.000000 0.000000 0 0 0.000000
5 48.752861 1425.258666 440.875000 0.000000 80.000000 180.000000 0.000000 0.000000 -1.000000 1.000000 80.000000 0.000000 0 0 0.000000
5 15.109180 1422.041137 440.875000 0.000000 98.000000 180.000000 0.000000 0.000000 -1.000000 1.000000 98.000000 0.000000 0 0 0.000000
5 47.807197 1389.383544 440.875000 0.000000 80.000000 -179.000000 0.000000 0.000000 -1.000000 0.000000 80.000000 0.000000 0 0 0.000000
5 13.986539 1381.626098 440.875000 0.000000 80.000000 -179.000000 0.000000 0.000000 -1.000000 0.000000 80.000000 0.000000 0 0 0.000000
13 622.723693 1757.024902 197.125000 0.000000 0.000000 0.000000 0.000000 0.000000 1.000000 0.000000 0.000000 1.000000 0 0 0.000000
4 699.125000 1281.446655 210.426361 0.000000 83.000000 89.000000 1.000000 0.000000 0.000000 1.000000 83.000000 0.000000 2 0 0.000000
4 683.125000 1600.343505 358.831756 0.000000 92.000000 89.000000 1.000000 0.000000 0.000000 1.000000 92.000000 0.000000 2 0 0.000000
4 683.125000 1594.601074 320.300689 0.000000 92.000000 89.000000 1.000000 0.000000 0.000000 1.000000 92.000000 0.000000 2 0 0.000000
4 683.125000 1608.552490 395.075805 0.000000 98.000000 84.000000 1.000000 0.000000 0.000000 1.000000 98.000000 0.000000 2 0 0.000000
4 683.125000 1592.755493 244.431793 0.000000 93.000000 90.000000 1.000000 0.000000 0.000000 1.000000 93.000000 0.000000 2 0 0.000000
4 683.125000 1595.077880 205.404174 0.000000 92.000000 90.000000 1.000000 0.000000 0.000000 1.000000 92.000000 0.000000 2 0 0.000000
4 683.125000 1597.192016 283.607696 0.000000 94.000000 90.000000 1.000000 0.000000 0.000000 1.000000 94.000000 0.000000 2 0 0.000000
4 699.125000 1426.161010 211.327865 0.000000 -143.000000 -143.000000 1.000000 0.000000 0.000000 1.000000 -143.000000 0.000000 2 0 0.000000
14 -366.850280 2195.691162 -32.875000 0.000000 87.000000 0.000000 0.000000 0.000000 1.000000 0.000000 87.000000 1.000000 0 0 0.000000
9 -189.477844 1962.220825 72.125000 0.000000 124.000000 0.000000 0.000000 0.000000 1.000000 0.000000 124.000000 1.000000 3 0 0.000000
14 -1098.960327 1633.076293 279.125000 0.000000 -133.000000 0.000000 0.000000 0.000000 1.000000 0.000000 -133.000000 1.000000 0 0 0.000000
13 -912.118652 1596.075683 317.125000 0.000000 177.000000 0.000000 0.000000 0.000000 1.000000 0.000000 177.000000 1.000000 0 0 0.000000
13 -911.114013 1663.057617 377.250000 0.000000 178.000000 0.000000 0.000000 0.000000 1.000000 0.000000 178.000000 1.000000 0 0 0.000000
13 -911.978027 1724.898315 317.125000 0.000000 -178.000000 0.000000 0.000000 0.000000 1.000000 0.000000 -178.000000 1.000000 0 0 0.000000
13 -910.822509 1804.525634 317.125000 0.000000 178.000000 0.000000 0.000000 0.000000 1.000000 0.000000 178.000000 1.000000 0 0 0.000000
15 116.178428 1732.578979 91.124992 0.000000 171.000000 0.000000 0.000000 0.000000 1.000000 0.000000 171.000000 1.000000 0 0 0.000000
15 106.106338 1732.304931 201.250000 0.000000 1.000000 0.000000 0.000000 0.000000 1.000000 0.000000 1.000000 1.000000 0 0 0.000000
11 236.163055 1767.611206 192.125000 0.000000 178.000000 0.000000 0.000000 0.000000 1.000000 0.000000 178.000000 1.000000 0 0 0.000000
11 695.338867 1769.132202 224.125000 0.000000 -4.000000 0.000000 0.000000 0.000000 1.000000 0.000000 -4.000000 1.000000 0 0 0.000000
11 -776.611511 -115.256355 272.125000 0.000000 90.000000 0.000000 0.000000 0.000000 1.000000 0.000000 90.000000 1.000000 0 0 0.000000
11 -715.153625 -112.272354 272.125000 0.000000 96.000000 0.000000 0.000000 0.000000 1.000000 0.000000 96.000000 1.000000 0 0 0.000000
11 -656.078308 -111.406044 272.125000 0.000000 92.000000 0.000000 0.000000 0.000000 1.000000 0.000000 92.000000 1.000000 0 0 0.000000
13 -847.632995 80.625946 253.125000 0.000000 -179.000000 0.000000 0.000000 0.000000 1.000000 0.000000 -179.000000 1.000000 0 0 0.000000
15 -3357.410888 663.604370 -96.875000 0.000000 -93.000000 0.000000 0.000000 0.000000 1.000000 0.000000 -93.000000 1.000000 0 0 0.000000
14 -3257.158691 657.587585 -104.875000 0.000000 -143.000000 0.000000 0.000000 0.000000 1.000000 0.000000 -143.000000 1.000000 0 0 0.000000
14 -1214.607788 -66.751220 551.125000 0.000000 -170.000000 0.000000 0.000000 0.000000 1.000000 0.000000 -170.000000 1.000000 0 0 0.000000
6 -1314.352539 -19.885601 241.125000 0.000000 -65.000000 0.000000 0.000000 0.000000 1.000000 0.000000 -65.000000 1.000000 0 0 0.000000
5 -1376.875000 79.008300 517.388061 0.000000 161.000000 160.000000 1.000000 0.000000 0.000000 1.000000 161.000000 0.000000 2 0 0.000000
10 -1199.114746 160.140609 476.125000 0.000000 -167.000000 0.000000 0.000000 0.000000 1.000000 0.000000 -167.000000 1.000000 2 0 0.000000
4 -2312.875000 1991.469116 -511.695312 0.000000 148.000000 148.000000 1.000000 0.000000 0.000000 1.000000 148.000000 0.000000 2 0 0.000000
7 -2719.125000 2312.642578 -859.202880 0.000000 -107.000000 127.000000 -1.000000 0.000000 0.000000 -0.768216 -107.000000 -0.640184 2 0 0.000000
7 -2719.125000 2317.852539 -917.804077 0.000000 -80.000000 85.000000 -1.000000 0.000000 0.000000 -1.000000 -80.000000 0.000000 2 0 0.000000
14 -2793.395019 2450.644775 -1044.875000 0.000000 85.000000 0.000000 0.000000 0.000000 1.000000 0.000000 85.000000 1.000000 0 0 0.000000
11 -337.753723 862.387084 104.125000 0.000000 93.000000 0.000000 0.000000 0.000000 1.000000 0.000000 93.000000 1.000000 0 0 0.000000
6 -466.082946 -467.831726 73.125000 0.000000 -43.000000 0.000000 0.000000 0.000000 1.000000 0.000000 -43.000000 1.000000 0 0 0.000000
11 -293.694213 862.406250 104.125000 0.000000 69.000000 0.000000 0.000000 0.000000 1.000000 0.000000 69.000000 1.000000 0 0 0.000000
11 -248.947143 866.603454 104.125000 0.000000 -84.000000 0.000000 0.000000 0.000000 1.000000 0.000000 -84.000000 1.000000 0 0 0.000000
11 -185.131927 877.367004 104.125000 0.000000 -68.000000 0.000000 0.000000 0.000000 1.000000 0.000000 -68.000000 1.000000 0 0 0.000000
6 460.644531 841.070495 241.125000 0.000000 91.000000 0.000000 0.000000 0.000000 1.000000 0.000000 91.000000 1.000000 0 0 0.000000
11 -2448.927490 1470.606811 366.125000 0.000000 121.000000 0.000000 0.000000 0.000000 1.000000 0.000000 121.000000 1.000000 0 0 0.000000
3 -2254.870361 1541.216796 479.125000 0.000000 89.000000 0.000000 0.000000 0.000000 1.000000 0.000000 89.000000 1.000000 0 0 0.000000
3 -2254.649169 1451.907470 479.125000 0.000000 89.000000 0.000000 0.000000 0.000000 1.000000 0.000000 89.000000 1.000000 0 0 0.000000
3 -2254.384033 1378.533935 479.125000 0.000000 89.000000 0.000000 0.000000 0.000000 1.000000 0.000000 89.000000 1.000000 0 0 0.000000
3 -2255.291748 1291.326904 479.125000 0.000000 90.000000 0.000000 0.000000 0.000000 1.000000 0.000000 90.000000 1.000000 0 0 0.000000
11 -2081.463378 826.973022 504.125000 0.000000 1.000000 0.000000 0.000000 0.000000 1.000000 0.000000 1.000000 1.000000 0 0 0.000000
3 -2244.932128 1629.834350 479.125000 0.000000 -179.000000 0.000000 0.000000 0.000000 1.000000 0.000000 -179.000000 1.000000 0 0 0.000000
13 -2093.887695 900.143066 477.125000 0.000000 -1.000000 0.000000 0.000000 0.000000 1.000000 0.000000 -1.000000 1.000000 0 0 0.000000
14 -2435.348144 1600.379150 333.125000 0.000000 151.000000 0.000000 0.000000 0.000000 1.000000 0.000000 151.000000 1.000000 0 0 0.000000
3 -2241.703125 1705.996582 479.125000 0.000000 -177.000000 0.000000 0.000000 0.000000 1.000000 0.000000 -177.000000 1.000000 0 0 0.000000
3 -2142.700195 1705.406127 479.125000 0.000000 96.000000 0.000000 0.000000 0.000000 1.000000 0.000000 96.000000 1.000000 0 0 0.000000
3 -2251.260498 1208.986206 479.125000 0.000000 176.000000 0.000000 0.000000 0.000000 1.000000 0.000000 176.000000 1.000000 0 0 0.000000
6 -2118.074951 1317.781738 473.125000 0.000000 -38.000000 0.000000 0.000000 0.000000 1.000000 0.000000 -38.000000 1.000000 0 0 0.000000
1 -2092.920410 851.893371 648.875000 0.000000 -10.000000 -179.000000 0.000000 0.000000 -1.000000 -1.000000 -10.000000 0.000000 0 0 0.000000
9 -2658.990722 2036.238769 133.127075 0.000000 -16.000000 0.000000 0.000000 0.000000 1.000000 0.000000 -16.000000 1.000000 1 0 0.000000
14 -1964.736206 1617.952514 51.125000 0.000000 91.000000 0.000000 0.000000 0.000000 1.000000 0.000000 91.000000 1.000000 0 0 0.000000
7 -2654.276855 1844.703979 156.240142 0.000000 61.000000 -82.000000 -0.976801 0.000000 -0.214145 -1.000000 61.000000 0.000000 2 0 0.000000
6 -2663.843994 1328.850952 -341.859222 0.000000 78.000000 0.000000 -0.085777 0.139920 0.986440 0.000000 78.000000 1.000000 0 0 0.000000
10 -2644.881835 2181.315429 149.127075 0.000000 88.000000 0.000000 0.000000 0.000000 1.000000 0.000000 88.000000 1.000000 0 0 0.000000
14 -2651.920410 2266.314208 136.127075 0.000000 -2.000000 0.000000 0.000000 0.000000 1.000000 0.000000 -2.000000 1.000000 0 0 0.000000
4 243.286041 -561.561340 79.125000 0.000000 7.000000 0.000000 0.000000 0.000000 1.000000 0.000000 7.000000 1.000000 0 0 0.000000
14 -2737.138183 2221.566162 -448.875000 0.000000 5.000000 0.000000 0.000000 0.000000 1.000000 0.000000 5.000000 1.000000 0 0 0.000000
11 -2049.958007 1640.552978 84.125000 0.000000 81.000000 0.000000 0.000000 0.000000 1.000000 0.000000 81.000000 1.000000 0 0 0.000000
10 -1950.487182 1554.378906 64.125000 0.000000 72.000000 0.000000 0.000000 0.000000 1.000000 -19.128925 72.000000 1.000000 0 0 0.000000
11 -2048.795410 1573.102294 84.125000 0.000000 119.000000 0.000000 0.000000 0.000000 1.000000 0.000000 119.000000 1.000000 0 0 0.000000
11 -2003.701293 1506.254760 84.125000 0.000000 121.000000 0.000000 0.000000 0.000000 1.000000 0.000000 121.000000 1.000000 0 0 0.000000
16 -2229.120605 1434.025634 -24.875000 0.000000 97.000000 0.000000 0.000000 0.000000 1.000000 0.000000 97.000000 1.000000 0 0 0.000000
11 -1949.071289 1477.518432 84.125000 0.000000 97.000000 0.000000 0.000000 0.000000 1.000000 0.000000 97.000000 1.000000 0 0 0.000000
11 -1098.778076 -1084.991088 104.125000 0.000000 -2.000000 0.000000 0.000000 0.000000 1.000000 0.000000 -2.000000 1.000000 0 0 0.000000
11 -1860.346923 1684.726196 504.125000 0.000000 -143.000000 0.000000 0.000000 0.000000 1.000000 0.000000 -143.000000 1.000000 0 0 0.000000
11 -1095.447021 -1028.827758 104.125000 0.000000 -2.000000 0.000000 0.000000 0.000000 1.000000 0.000000 -2.000000 1.000000 0 0 0.000000
11 -1790.800048 1658.212280 504.125000 0.000000 -85.000000 0.000000 0.000000 0.000000 1.000000 0.000000 -85.000000 1.000000 0 0 0.000000
14 -1901.564941 -1466.904418 271.125000 0.000000 -97.000000 0.000000 0.000000 0.000000 1.000000 0.000000 -97.000000 1.000000 0 0 0.000000
13 -1718.711791 -1460.394653 277.125000 0.000000 174.000000 0.000000 0.000000 0.000000 1.000000 0.000000 174.000000 1.000000 0 0 0.000000
11 -1770.244018 -1399.429931 304.125000 0.000000 175.000000 0.000000 0.000000 0.000000 1.000000 0.000000 175.000000 1.000000 0 0 0.000000
14 -1745.058959 -1081.589599 63.125000 0.000000 4.000000 0.000000 0.000000 0.000000 1.000000 0.000000 4.000000 1.000000 0 0 0.000000
15 -1761.280273 -919.140441 74.931121 0.000000 -72.000000 0.000000 0.000000 0.548026 0.836461 0.000000 -72.000000 1.000000 0 0 0.000000
15 -291.226196 1784.005859 83.125000 0.000000 174.000000 0.000000 0.000000 0.000000 1.000000 0.000000 174.000000 1.000000 2 0 0.000000
13 -447.913421 1693.143310 167.125000 0.000000 89.000000 0.000000 0.000000 0.000000 1.000000 0.000000 89.000000 1.000000 0 0 0.000000
11 -1342.208007 890.805969 232.125000 0.000000 0.000000 0.000000 0.000000 0.000000 1.000000 0.000000 0.000000 1.000000 0 0 0.000000
16 -1631.093505 1752.675781 487.125000 0.000000 -111.000000 0.000000 0.000000 0.000000 1.000000 0.000000 -111.000000 1.000000 0 0 0.000000
14 -1658.763549 1476.286743 599.125732 0.000000 -79.000000 0.000000 0.000000 0.000000 1.000000 0.000000 -79.000000 1.000000 0 0 0.000000
15 -1656.850341 -863.254699 79.125000 0.000000 0.000000 0.000000 0.000000 0.000000 1.000000 0.000000 0.000000 1.000000 0 0 0.000000
7 -2723.229248 651.125000 -294.865051 0.000000 -84.000000 -173.000000 0.000000 1.000000 0.000000 0.000000 -84.000000 0.000000 1 0 0.000000
7 -2723.729003 651.125000 -186.818771 0.000000 -86.000000 -175.000000 0.000000 1.000000 0.000000 0.000000 -86.000000 0.000000 2 0 0.000000
7 -2723.148193 651.125000 -83.507240 0.000000 -91.000000 178.000000 0.000000 1.000000 0.000000 0.000000 -91.000000 0.000000 2 0 0.000000
7 -2724.648193 651.125000 -27.376913 0.000000 -95.000000 174.000000 0.000000 1.000000 0.000000 0.000000 -95.000000 0.000000 2 0 0.000000
14 -2655.241455 509.350524 87.125000 0.000000 50.000000 0.000000 0.000000 0.000000 1.000000 0.000000 50.000000 1.000000 0 0 0.000000
10 -2720.797607 613.075622 94.130928 0.000000 -93.000000 0.000000 0.000000 0.000000 1.000000 0.000000 -93.000000 1.000000 0 0 0.000000
14 -3067.986083 373.425384 47.125000 0.000000 -142.000000 0.000000 0.000000 0.000000 1.000000 0.000000 -142.000000 1.000000 0 0 0.000000
16 -3362.589843 577.660156 31.125000 0.000000 -88.000000 0.000000 0.000000 0.000000 1.000000 0.000000 -88.000000 1.000000 0 0 0.000000
14 -22.133766 1840.645629 426.593322 0.000000 13.000000 0.000000 0.000000 -0.384561 0.923099 0.000000 13.000000 1.000000 0 0 0.000000
5 -62.274513 1919.616088 338.757080 0.000000 -35.000000 77.000000 -0.810231 -0.586093 0.004399 -0.812689 -35.000000 0.000000 2 0 0.000000
2 -1152.000000 -840.000000 79.125000 0.000000 36.015899 0.000000 0.000000 0.000000 1.000000 0.000000 36.015899 0.000000 0 0 0.000000
1 -296.139099 1516.701782 440.875000 0.000000 -96.000000 180.000000 0.000000 0.000000 -1.000000 -0.957826 -96.000000 0.000000 0 0 0.000000
4 -1400.874877 1639.444335 202.425994 0.000000 -120.000000 -65.000000 1.000000 0.000000 0.000000 1.000000 -120.000000 0.000000 2 0 0.000000
11 -1342.640014 947.390197 232.125000 0.000000 3.000000 0.000000 0.000000 0.000000 1.000000 0.000000 3.000000 1.000000 0 0 0.000000
11 -1349.112182 1002.685852 232.125000 0.000000 -1.000000 0.000000 0.000000 0.000000 1.000000 0.000000 -1.000000 1.000000 0 0 0.000000
9 -1536.000000 848.000000 196.125000 0.000000 270.000000 0.000000 0.000000 0.000000 1.000000 0.000000 270.000000 0.000000 0 0 0.000000
11 -1340.515991 1058.473999 232.125000 0.000000 0.000000 0.000000 0.000000 0.000000 1.000000 0.000000 0.000000 1.000000 0 0 0.000000
9 -1440.000000 848.000000 196.125000 0.000000 270.000000 0.000000 0.000000 0.000000 1.000000 0.000000 270.000000 0.000000 0 0 0.000000
4 -1400.874755 1681.093505 220.376586 0.000000 -149.000000 -31.000000 1.000000 0.000000 0.000000 1.000000 -149.000000 0.000000 2 0 0.000000
5 -1279.125000 1541.896972 100.381782 0.000000 24.000000 -155.000000 -1.000000 0.000000 0.000000 -1.000000 24.000000 0.000000 2 0 0.000000
4 -1476.005737 1735.125854 227.585403 0.000000 160.000000 109.000000 0.000000 1.000000 0.000000 0.000000 160.000000 0.000000 2 0 0.000000
13 -3420.079345 571.571166 93.125000 0.000000 -90.000000 0.000000 0.000000 0.000000 1.000000 0.000000 -90.000000 1.000000 0 0 0.000000
13 -3326.066162 577.433532 93.125000 0.000000 -91.000000 0.000000 0.000000 0.000000 1.000000 0.000000 -91.000000 1.000000 0 0 0.000000
13 -3249.179199 580.467773 93.125000 0.000000 -91.000000 0.000000 0.000000 0.000000 1.000000 0.000000 -91.000000 1.000000 0 0 0.000000
13 -3162.410400 589.657653 93.125000 0.000000 -92.000000 0.000000 0.000000 0.000000 1.000000 0.000000 -92.000000 1.000000 0 0 0.000000
13 -3069.508544 586.606140 93.125000 0.000000 -87.000000 0.000000 0.000000 0.000000 1.000000 0.000000 -87.000000 1.000000 0 0 0.000000
14 -3109.140869 588.958435 147.250000 0.000000 89.000000 0.000000 0.000000 0.000000 1.000000 0.000000 89.000000 1.000000 0 0 0.000000
9 -3444.810058 657.589660 -107.875000 0.000000 -106.000000 0.000000 0.000000 0.000000 1.000000 0.000000 -106.000000 1.000000 1 0 0.000000
4 -1400.875000 1603.241699 189.058395 0.000000 -102.000000 -99.000000 1.000000 0.000000 0.000000 1.000000 -102.000000 0.000000 2 0 0.000000
4 -1509.896850 1735.125854 257.429687 0.000000 -20.000000 -101.000000 0.000000 1.000000 0.000000 0.000000 -20.000000 0.000000 2 0 0.000000
4 -1550.780883 1735.125854 291.821289 0.000000 -42.000000 -56.000000 0.000000 1.000000 0.000000 0.000000 -42.000000 0.000000 2 0 0.000000
4 -1604.084960 1706.091430 290.315887 0.000000 33.000000 -136.000000 -0.707118 0.707094 0.000000 -1.000000 33.000000 0.000000 2 0 0.000000
4 -1607.126098 1664.454345 328.462951 0.000000 32.000000 -143.000000 -1.000000 0.000000 0.000000 -1.000000 32.000000 0.000000 2 0 0.000000
4 -1607.126098 1631.040405 356.608032 0.000000 11.000000 -167.000000 -1.000000 0.000000 0.000000 -1.000000 11.000000 0.000000 2 0 0.000000
4 -1607.126098 1597.117797 372.687713 0.000000 -30.000000 145.000000 -1.000000 0.000000 0.000000 -1.000000 -30.000000 0.000000 2 0 0.000000
4 -1572.184204 1560.873901 374.245178 0.000000 75.000000 164.000000 0.000000 -1.000000 0.000000 0.000000 75.000000 0.000000 2 0 0.000000
4 -1537.360961 1560.873901 405.729309 0.000000 48.000000 134.000000 0.000000 -1.000000 0.000000 0.000000 48.000000 0.000000 2 0 0.000000
4 -1500.064941 1560.873901 431.047332 0.000000 27.000000 108.000000 0.000000 -1.000000 0.000000 0.000000 27.000000 0.000000 2 0 0.000000
4 -1459.339355 1560.873901 458.336730 0.000000 41.000000 125.000000 0.000000 -1.000000 0.000000 0.000000 41.000000 0.000000 2 0 0.000000
4 -1404.654052 1589.170288 455.453735 0.000000 -121.000000 -108.000000 0.707118 -0.707094 0.000000 1.000000 -121.000000 0.000000 2 0 0.000000
4 -1400.873291 1628.698486 487.944244 0.000000 -124.000000 -119.000000 1.000000 0.000000 0.000000 1.000000 -124.000000 0.000000 2 0 0.000000
4 -1400.873291 1655.371215 521.434631 0.000000 -130.000000 -125.000000 1.000000 0.000000 0.000000 1.000000 -130.000000 0.000000 2 0 0.000000
4 -1400.873535 1697.955932 555.036437 0.000000 114.000000 94.000000 1.000000 0.000000 0.000000 1.000000 114.000000 0.000000 2 0 0.000000
4 -1431.779418 1733.956298 557.519653 0.000000 -17.000000 -87.000000 0.707094 0.707118 0.000000 0.000000 -17.000000 0.000000 2 0 0.000000
4 -1492.312744 1735.125610 556.585571 0.000000 -20.000000 -91.000000 0.000000 1.000000 0.000000 0.000000 -20.000000 0.000000 2 0 0.000000
4 -1560.727783 1735.125610 557.886962 0.000000 -20.000000 -92.000000 0.000000 1.000000 0.000000 0.000000 -20.000000 0.000000 2 0 0.000000
6 -1629.994018 1634.497680 -22.875000 0.000000 93.000000 0.000000 0.000000 0.000000 1.000000 0.000000 93.000000 1.000000 0 0 0.000000
4 -1693.455932 1729.796875 487.125000 0.000000 -93.000000 0.000000 0.000000 0.000000 1.000000 0.000000 -93.000000 1.000000 2 0 0.000000
4 -1603.717285 1735.125610 559.492736 0.000000 -31.000000 -77.000000 0.000000 1.000000 0.000000 0.000000 -31.000000 0.000000 2 0 0.000000
16 -1289.364257 1845.860351 79.125000 0.000000 9.000000 0.000000 0.000000 0.000000 1.000000 0.000000 9.000000 1.000000 0 0 0.000000
5 -1279.125000 1689.122680 127.097747 0.000000 -69.000000 109.000000 -1.000000 0.000000 0.000000 -1.000000 -69.000000 0.000000 2 0 0.000000
14 -1433.728637 1462.515747 175.125000 0.000000 167.000000 0.000000 0.000000 0.000000 1.000000 0.000000 167.000000 1.000000 0 0 0.000000
4 -1439.594116 1560.874755 192.441619 0.000000 -7.000000 88.000000 0.000000 -1.000000 0.000000 0.000000 -7.000000 0.000000 2 0 0.000000
5 -2464.875000 1371.074584 448.342498 0.000000 102.000000 89.000000 1.000000 0.000000 0.000000 1.000000 102.000000 0.000000 2 0 0.000000
4 -2079.793457 1577.809936 648.875000 0.000000 53.000000 -179.000000 0.000000 0.000000 -1.000000 0.000000 53.000000 0.000000 2 0 0.000000
13 -1304.744140 1813.844360 477.125000 0.000000 89.000000 0.000000 0.000000 0.000000 1.000000 0.000000 89.000000 1.000000 0 0 0.000000
13 -1322.889404 1741.356933 477.125000 0.000000 88.000000 0.000000 0.000000 0.000000 1.000000 0.000000 88.000000 1.000000 0 0 0.000000
15 -1296.562011 -242.085784 167.125000 0.000000 -74.000000 0.000000 0.000000 0.000000 1.000000 0.000000 -74.000000 1.000000 0 0 0.000000
15 -1299.422851 -373.578125 127.125000 0.000000 92.000000 0.000000 0.000000 0.000000 1.000000 0.000000 92.000000 1.000000 0 0 0.000000
14 -1481.822998 -200.918823 159.125000 0.000000 -173.000000 0.000000 0.000000 0.000000 1.000000 0.000000 -173.000000 1.000000 0 0 0.000000
15 -1560.610473 -818.726745 79.125000 0.000000 85.000000 0.000000 0.000000 0.000000 1.000000 0.000000 85.000000 1.000000 0 0 0.000000
15 -1460.010375 -798.425048 79.125000 0.000000 106.000000 0.000000 0.000000 0.000000 1.000000 0.000000 106.000000 1.000000 0 0 0.000000
14 -1498.494995 -204.314361 83.125000 0.000000 -34.000000 0.000000 0.000000 0.000000 1.000000 0.000000 -34.000000 1.000000 0 0 0.000000
7 -1463.037597 -588.875000 348.626525 0.000000 -146.000000 57.000000 0.000000 1.000000 0.000000 0.000000 -146.000000 0.000000 2 0 0.000000
11 -1340.383911 832.321350 232.125000 0.000000 0.000000 0.000000 0.000000 0.000000 1.000000 0.000000 0.000000 1.000000 0 0 0.000000
15 -1674.901855 -283.489685 167.125000 0.000000 76.000000 0.000000 0.000000 0.000000 1.000000 0.000000 76.000000 1.000000 0 0 0.000000
9 -1185.112182 1037.722290 196.125000 0.000000 90.000000 0.000000 0.000000 0.000000 1.000000 0.000000 90.000000 1.000000 2 0 0.000000
14 -1188.147216 963.620666 209.250000 0.000000 88.000000 0.000000 0.000000 0.000000 1.000000 0.000000 88.000000 1.000000 0 0 0.000000
16 -1195.084106 893.324890 207.125000 0.000000 0.000000 0.000000 0.000000 0.000000 1.000000 0.000000 0.000000 1.000000 0 0 0.000000
15 -1316.255859 473.908386 520.125000 0.000000 162.000000 0.000000 0.000000 0.000000 1.000000 0.000000 162.000000 1.000000 0 0 0.000000
13 -1307.392211 636.111511 554.125000 0.000000 -178.000000 0.000000 0.000000 0.000000 1.000000 0.000000 -178.000000 1.000000 0 0 0.000000
13 -1515.523315 660.873046 551.125000 0.000000 88.000000 0.000000 0.000000 0.000000 1.000000 0.000000 88.000000 1.000000 0 0 0.000000
16 -1359.317993 679.571166 556.125000 0.000000 68.000000 0.000000 0.000000 0.000000 1.000000 0.000000 68.000000 1.000000 0 0 0.000000
14 -1376.650512 675.663452 608.250000 0.000000 78.000000 0.000000 0.000000 0.000000 1.000000 0.000000 78.000000 1.000000 0 0 0.000000
13 -1343.460937 687.203125 -18.875000 0.000000 -89.000000 0.000000 0.000000 0.000000 1.000000 0.000000 -89.000000 1.000000 0 0 0.000000
14 -1284.291870 -196.278030 279.124938 0.000000 1.000000 0.000000 0.000000 0.000000 1.000000 0.000000 1.000000 1.000000 0 0 0.000000
14 -589.242614 1732.943969 279.125000 0.000000 0.000000 0.000000 0.000000 0.000000 1.000000 0.000000 0.000000 1.000000 0 0 0.000000
7 -2699.125000 2215.869628 -862.453674 0.000000 6.000000 -6.000000 -1.000000 0.000000 0.000000 -1.000000 6.000000 0.000000 2 0 0.000000
7 -2699.125000 2216.946533 -945.923706 0.000000 52.000000 -52.000000 -1.000000 0.000000 0.000000 -1.000000 52.000000 0.000000 2 0 0.000000
7 -2699.125000 2215.496582 -1016.087585 0.000000 46.000000 -46.000000 -1.000000 0.000000 0.000000 -1.000000 46.000000 0.000000 2 0 0.000000
14 -3402.040771 2104.137695 -984.875000 0.000000 155.000000 0.000000 0.000000 0.000000 1.000000 0.000000 155.000000 1.000000 0 0 0.000000
14 -3400.538085 2405.858398 -1064.875000 0.000000 89.000000 0.000000 0.000000 0.000000 1.000000 0.000000 89.000000 1.000000 0 0 0.000000
14 -2709.834228 1623.175292 -1176.875000 0.000000 12.000000 0.000000 0.000000 0.000000 1.000000 0.000000 12.000000 1.000000 0 0 0.000000
14 228.493408 -320.106719 71.125000 0.000000 -146.000000 0.000000 0.000000 0.000000 1.000000 0.000000 -146.000000 1.000000 0 0 0.000000
11 288.770812 -297.483703 104.125000 0.000000 115.000000 0.000000 0.000000 0.000000 1.000000 0.000000 115.000000 1.000000 0 0 0.000000
9 -136.835586 132.266479 -639.875000 0.000000 64.000000 0.000000 0.000000 0.000000 1.000000 0.000000 64.000000 1.000000 2 0 0.000000
6 -612.163452 -1037.647216 81.125000 0.000000 -178.000000 0.000000 0.000000 0.000000 1.000000 0.000000 -178.000000 1.000000 0 0 0.000000
13 -492.885681 684.445068 77.125000 0.000000 88.000000 0.000000 0.000000 0.000000 1.000000 0.000000 88.000000 1.000000 0 0 0.000000
13 -416.449157 689.156433 77.125000 0.000000 177.000000 0.000000 0.000000 0.000000 1.000000 0.000000 177.000000 1.000000 0 0 0.000000
11 -412.534088 752.844177 104.125000 0.000000 -173.000000 0.000000 0.000000 0.000000 1.000000 0.000000 -173.000000 1.000000 0 0 0.000000
11 -471.477386 754.543151 104.125000 0.000000 -165.000000 0.000000 0.000000 0.000000 1.000000 0.000000 -165.000000 1.000000 0 0 0.000000
14 -263.553283 32.959918 -636.875000 0.000000 -176.000000 0.000000 0.000000 0.000000 1.000000 0.000000 -176.000000 1.000000 0 0 0.000000
6 -91.704956 1221.260009 81.125000 0.000000 1.000000 0.000000 0.000000 0.000000 1.000000 0.000000 1.000000 1.000000 0 0 0.000000
16 -695.850952 1229.088745 31.713108 0.000000 3.000000 0.000000 -0.276179 0.000000 0.961105 0.000000 3.000000 1.000000 0 0 0.000000
11 -945.590087 1230.257202 8.125000 0.000000 -178.000000 0.000000 0.000000 0.000000 1.000000 0.000000 -178.000000 1.000000 0 0 0.000000
3 -1216.170898 1156.469360 -16.875000 0.000000 -1.000000 0.000000 0.000000 0.000000 1.000000 0.000000 -1.000000 1.000000 0 0 0.000000
14 -1356.795288 -967.423522 -88.875000 0.000000 92.000000 0.000000 0.000000 0.000000 1.000000 0.000000 92.000000 1.000000 0 0 0.000000
11 -1660.491088 -793.580322 104.125000 0.000000 0.000000 0.000000 0.000000 0.000000 1.000000 0.000000 0.000000 1.000000 0 0 0.000000
16 -1660.810058 1812.699096 -8.875000 0.000000 91.000000 0.000000 0.000000 0.000000 1.000000 0.000000 91.000000 1.000000 0 0 0.000000
3 -1218.926269 1228.317016 -16.875000 0.000000 2.000000 0.000000 0.000000 0.000000 1.000000 0.000000 2.000000 1.000000 0 0 0.000000
3 -1222.491210 1306.784790 -16.875000 0.000000 0.000000 0.000000 0.000000 0.000000 1.000000 0.000000 0.000000 1.000000 0 0 0.000000
1 -1052.528320 1245.491821 148.875000 0.000000 -50.000000 179.000000 0.000000 0.000000 -1.000000 1.000000 -50.000000 0.000000 0 0 0.000000
6 -1686.450927 -247.953247 73.125000 0.000000 136.000000 0.000000 0.000000 0.000000 1.000000 0.000000 136.000000 1.000000 0 0 0.000000
6 -1092.450561 -1440.964965 -90.875000 0.000000 -80.000000 0.000000 0.000000 0.000000 1.000000 0.000000 -80.000000 1.000000 0 0 0.000000
1 -1908.238403 -1405.738159 368.875000 0.000000 -149.000000 -179.000000 0.000000 0.000000 -1.000000 1.000000 -149.000000 0.000000 0 0 0.000000
5 -1392.546752 -600.875000 204.179885 0.000000 -173.000000 89.000000 0.000000 1.000000 0.000000 0.000000 -173.000000 0.000000 2 0 0.000000
14 -1555.678222 -599.839660 255.125000 0.000000 -85.000000 0.000000 0.000000 0.000000 1.000000 0.000000 -85.000000 1.000000 0 0 0.000000
10 -365.028320 1082.244262 92.125000 0.000000 -177.000000 0.000000 0.000000 0.000000 1.000000 -2.788573 -177.000000 1.000000 2 0 0.000000
15 -185.979965 801.048950 79.125000 0.000000 -178.000000 0.000000 0.000000 0.000000 1.000000 0.000000 -178.000000 1.000000 0 0 0.000000
15 -271.382995 716.728027 79.125000 0.000000 135.000000 0.000000 0.000000 0.000000 1.000000 0.000000 135.000000 1.000000 0 0 0.000000
