10 1480.831787 626.862976 124.625000 0.000000 -83.000000 0.000000 0.000000 0.000000 1.000000 0.000000 -83.000000 1.000000 0 0 0.000000
11 596.705017 1492.066406 64.125000 0.000000 -43.000000 0.000000 0.000000 0.000000 1.000000 0.000000 -43.000000 1.000000 0 0 0.000000
10 532.267822 1466.643920 44.125000 0.000000 -98.000000 0.000000 0.000000 0.000000 1.000000 0.000000 -98.000000 1.000000 0 0 0.000000
11 -775.269409 1010.554687 88.125000 0.000000 -91.000000 0.000000 0.000000 0.000000 1.000000 0.000000 -91.000000 1.000000 0 0 0.000000
11 -667.189575 1023.428283 88.125000 0.000000 -77.000000 0.000000 0.000000 0.000000 1.000000 0.000000 -77.000000 1.000000 0 0 0.000000
13 -717.337707 959.680847 45.125000 0.000000 -90.000000 0.000000 0.000000 0.000000 1.000000 0.000000 -90.000000 1.000000 0 0 0.000000
15 -986.309692 1022.352478 63.125000 0.000000 -94.000000 0.000000 0.000000 0.000000 1.000000 0.000000 -94.000000 1.000000 0 0 0.000000
10 -1019.119445 1009.645141 178.250000 0.000000 -110.000000 0.000000 0.000000 0.000000 1.000000 0.000000 -110.000000 1.000000 3 0 0.000000
10 -961.289306 1012.580688 178.250000 0.000000 -84.000000 0.000000 0.000000 0.000000 1.000000 0.000000 -84.000000 1.000000 3 0 0.000000
15 -67.201560 734.250976 47.125000 0.000000 -10.000000 0.000000 0.000000 0.000000 1.000000 0.000000 -10.000000 1.000000 0 0 0.000000
13 -113.862434 608.097534 45.125000 0.000000 -60.000000 0.000000 0.000000 0.000000 1.000000 0.000000 -60.000000 1.000000 0 0 0.000000
11 -7.925483 550.587707 88.125000 0.000000 32.000000 0.000000 0.000000 0.000000 1.000000 0.000000 32.000000 1.000000 0 0 0.000000
15 -67.201560 734.250976 157.250000 0.000000 -10.000000 0.000000 0.000000 0.000000 1.000000 0.000000 -10.000000 1.000000 0 0 0.000000
11 -9.782270 488.121368 88.125000 0.000000 -1.000000 0.000000 0.000000 0.000000 1.000000 0.000000 -1.000000 1.000000 0 0 0.000000
11 -11.630474 427.309417 88.125000 0.000000 0.000000 0.000000 0.000000 0.000000 1.000000 0.000000 0.000000 1.000000 0 0 0.000000
10 1015.867919 341.519592 124.125000 0.000000 -177.000000 0.000000 0.000000 0.000000 1.000000 0.000000 -177.000000 1.000000 0 0 0.000000
11 -72.697532 816.885131 72.125000 0.000000 -2.000000 0.000000 0.000000 0.000000 1.000000 0.000000 -2.000000 1.000000 0 0 0.000000
14 1686.374267 -170.472915 159.125000 0.000000 -103.000000 0.000000 0.000000 0.000000 1.000000 0.000000 -103.000000 1.000000 0 0 0.000000
13 3014.916259 1600.741821 13.125000 0.000000 -130.000000 0.000000 0.000000 0.000000 1.000000 0.000000 -130.000000 1.000000 0 0 0.000000
6 1437.022094 890.219177 113.125000 0.000000 88.000000 0.000000 0.000000 0.000000 1.000000 0.000000 88.000000 1.000000 0 0 0.000000
15 1379.424438 502.246917 119.124992 0.000000 93.000000 0.000000 0.000000 0.000000 1.000000 0.000000 93.000000 1.000000 0 0 0.000000
15 1476.899047 534.230529 119.124992 0.000000 79.000000 0.000000 0.000000 0.000000 1.000000 0.000000 79.000000 1.000000 0 0 0.000000
11 1421.059326 615.358642 144.125000 0.000000 -79.000000 0.000000 0.000000 0.000000 1.000000 0.000000 -79.000000 1.000000 0 0 0.000000
14 584.884521 1246.409545 207.125000 0.000000 -179.000000 0.000000 0.000000 0.000000 1.000000 0.000000 -179.000000 1.000000 0 0 0.000000
6 2554.928710 2477.401611 57.125000 0.000000 -179.000000 0.000000 0.000000 0.000000 1.000000 0.000000 -179.000000 1.000000 0 0 0.000000
11 -86.102790 -1541.925903 272.125000 0.000000 160.000000 0.000000 0.000000 0.000000 1.000000 0.000000 160.000000 1.000000 0 0 0.000000
14 -307.425537 -1599.336303 351.125000 0.000000 156.000000 0.000000 0.000000 0.000000 1.000000 0.000000 156.000000 1.000000 0 0 0.000000
6 -985.949462 -1558.427001 57.140625 0.000000 -90.000000 0.000000 0.000000 0.000000 1.000000 0.000000 -90.000000 1.000000 0 0 0.000000
15 3467.364990 2318.847656 207.125000 0.000000 -99.000000 0.000000 0.000000 0.000000 1.000000 0.000000 -99.000000 1.000000 0 0 0.000000
12 1630.889160 -2031.441528 553.125000 0.000000 -90.000000 0.000000 0.000000 0.000000 1.000000 0.000000 -90.000000 1.000000 0 0 0.000000
14 1632.219482 -1933.032226 547.125000 0.000000 -90.000000 0.000000 0.000000 0.000000 1.000000 0.000000 -90.000000 1.000000 0 0 0.000000
9 1543.974609 -1937.111083 544.125000 0.000000 -91.000000 0.000000 0.000000 0.000000 1.000000 0.000000 -91.000000 1.000000 6 0 0.000000
9 -157.992721 -441.596832 244.125000 0.000000 -178.000000 0.000000 0.000000 0.000000 1.000000 0.000000 -178.000000 1.000000 6 0 0.000000
14 1459.281860 -1871.439331 335.125000 0.000000 0.000000 0.000000 0.000000 0.000000 1.000000 0.000000 0.000000 1.000000 0 0 0.000000
13 1669.567504 -502.384490 253.125000 0.000000 -94.000000 0.000000 0.000000 0.000000 1.000000 0.000000 -94.000000 1.000000 0 0 0.000000
13 1653.164062 -374.569641 253.125000 0.000000 -166.000000 0.000000 0.000000 0.000000 1.000000 0.000000 -166.000000 1.000000 0 0 0.000000
14 1179.349853 2142.092529 -12.875000 0.000000 -179.000000 0.000000 0.000000 0.000000 1.000000 0.000000 -179.000000 1.000000 0 0 0.000000
14 883.914428 2146.215087 -12.875000 0.000000 179.000000 0.000000 0.000000 0.000000 1.000000 0.000000 179.000000 1.000000 0 0 0.000000
14 1458.070800 2141.315429 -12.875000 0.000000 179.000000 0.000000 0.000000 0.000000 1.000000 0.000000 179.000000 1.000000 0 0 0.000000
10 797.439697 -1390.741821 396.125000 0.000000 86.000000 0.000000 0.000000 0.000000 1.000000 0.000000 86.000000 1.000000 0 0 0.000000
15 223.057876 -1707.057373 247.125015 0.000000 -80.000000 0.000000 0.000000 0.000000 1.000000 0.000000 -80.000000 1.000000 0 0 0.000000
15 118.284927 -1708.986206 247.125000 0.000000 -71.000000 0.000000 0.000000 0.000000 1.000000 0.000000 -71.000000 1.000000 0 0 0.000000
13 204.365127 -1585.957397 245.125000 0.000000 178.000000 0.000000 0.000000 0.000000 1.000000 0.000000 178.000000 1.000000 0 0 0.000000
15 -103.062095 -1692.187500 247.125015 0.000000 -89.000000 0.000000 0.000000 0.000000 1.000000 0.000000 -89.000000 1.000000 0 0 0.000000
15 -203.140197 -1691.250000 247.125015 0.000000 -103.000000 0.000000 0.000000 0.000000 1.000000 0.000000 -103.000000 1.000000 0 0 0.000000
14 384.577880 -2016.343261 191.125000 0.000000 -107.000000 0.000000 0.000000 0.000000 1.000000 0.000000 -107.000000 1.000000 0 0 0.000000
15 -202.637634 -1698.288818 39.125000 0.000000 97.000000 0.000000 0.000000 0.000000 1.000000 0.000000 97.000000 1.000000 0 0 0.000000
15 -211.929306 -2015.713500 39.125003 0.000000 -38.000000 0.000000 0.000000 0.000000 1.000000 0.000000 -38.000000 1.000000 0 0 0.000000
15 -174.783523 -1924.208618 25.124998 0.000000 -6.000000 0.000000 0.000000 0.000000 1.000000 0.000000 -6.000000 1.000000 0 0 0.000000
15 -165.276794 -1789.341308 25.125000 0.000000 15.000000 0.000000 0.000000 0.000000 1.000000 0.000000 15.000000 1.000000 0 0 0.000000
13 -131.317810 -1953.385009 133.250000 0.000000 -1.000000 0.000000 0.000000 0.000000 1.000000 0.000000 -1.000000 1.000000 3 0 0.000000
10 -151.646347 -1803.785888 140.250000 0.000000 -168.000000 0.000000 0.000000 0.000000 1.000000 0.000000 -168.000000 1.000000 3 0 0.000000
13 -177.005920 -1739.890502 147.250000 0.000000 -177.000000 0.000000 0.000000 0.000000 1.000000 0.000000 -177.000000 1.000000 3 0 0.000000
10 -149.261260 -1895.422973 159.125000 0.000000 -173.000000 0.000000 0.000000 0.000000 1.000000 0.000000 -173.000000 1.000000 3 0 0.000000
10 -31.090187 -1960.614257 252.125000 0.000000 -167.000000 0.000000 0.000000 0.000000 1.000000 0.000000 -167.000000 1.000000 0 0 0.000000
10 -16.896781 -1893.207275 268.125000 0.000000 168.000000 0.000000 0.000000 0.000000 1.000000 0.000000 168.000000 1.000000 0 0 0.000000
10 -5.664680 -1833.319458 268.125000 0.000000 141.000000 0.000000 0.000000 0.000000 1.000000 0.000000 141.000000 1.000000 0 0 0.000000
10 -15.836172 -1761.951416 252.125000 0.000000 128.000000 0.000000 0.000000 0.000000 1.000000 0.000000 128.000000 1.000000 0 0 0.000000
10 40.118927 -1745.710205 252.125000 0.000000 109.000000 0.000000 0.000000 0.000000 1.000000 0.000000 109.000000 1.000000 0 0 0.000000
10 -31.333648 -2022.117187 252.125000 0.000000 162.000000 0.000000 0.000000 0.000000 1.000000 0.000000 162.000000 1.000000 0 0 0.000000
10 -28.645690 -2079.669677 252.125000 0.000000 -177.000000 0.000000 0.000000 0.000000 1.000000 0.000000 -177.000000 1.000000 0 0 0.000000
15 -1288.898315 -1512.729614 139.125000 0.000000 -170.000000 0.000000 0.000000 0.000000 1.000000 0.000000 -170.000000 1.000000 0 0 0.000000
11 2084.251464 2235.237060 88.125000 0.000000 96.000000 0.000000 0.000000 0.000000 1.000000 0.000000 96.000000 1.000000 0 0 0.000000
15 2085.671142 2352.611572 63.125000 0.000000 -85.000000 0.000000 0.000000 0.000000 1.000000 0.000000 -85.000000 1.000000 0 0 0.000000
14 1921.882202 2359.785400 167.125000 0.000000 -146.000000 0.000000 0.000000 0.000000 1.000000 0.000000 -146.000000 1.000000 0 0 0.000000
15 1906.814453 1745.696899 23.125001 0.000000 -176.000000 0.000000 0.000000 0.000000 1.000000 0.000000 -176.000000 1.000000 0 0 0.000000
15 1992.652221 1689.338989 23.125001 0.000000 -99.000000 0.000000 0.000000 0.000000 1.000000 0.000000 -99.000000 1.000000 0 0 0.000000
15 2093.145507 1623.523925 23.125001 0.000000 -84.000000 0.000000 0.000000 0.000000 1.000000 0.000000 -84.000000 1.000000 0 0 0.000000
9 1734.876220 1660.800415 12.125000 0.000000 177.000000 0.000000 0.000000 0.000000 1.000000 0.000000 177.000000 1.000000 5 0 0.000000
9 -4.724367 -1070.274780 28.125000 0.000000 -89.000000 0.000000 0.000000 0.000000 1.000000 0.000000 -89.000000 1.000000 5 0 0.000000
15 198.276092 -355.354614 55.125000 0.000000 9.000000 0.000000 0.000000 0.000000 1.000000 0.000000 9.000000 1.000000 0 0 0.000000
15 114.190925 -483.501922 103.124992 0.000000 171.000000 0.000000 0.000000 0.000000 1.000000 0.000000 171.000000 1.000000 0 0 0.000000
15 2382.973632 2432.867187 63.125000 0.000000 -95.000000 0.000000 0.000000 0.000000 1.000000 0.000000 -95.000000 1.000000 0 0 0.000000
11 2885.810791 2391.798828 300.125000 0.000000 -176.000000 0.000000 0.000000 0.000000 1.000000 0.000000 -176.000000 1.000000 0 0 0.000000
15 2372.844482 2540.413085 63.125000 0.000000 -179.000000 0.000000 0.000000 0.000000 1.000000 0.000000 -179.000000 1.000000 0 0 0.000000
15 2995.458496 659.358642 -8.875000 0.000000 -95.000000 0.000000 0.000000 0.000000 1.000000 0.000000 -95.000000 1.000000 0 0 0.000000
13 3099.078857 692.462219 -10.875000 0.000000 -90.000000 0.000000 0.000000 0.000000 1.000000 0.000000 -90.000000 1.000000 0 0 0.000000
15 3000.773925 1003.661254 -8.875000 0.000000 173.000000 0.000000 0.000000 0.000000 1.000000 0.000000 173.000000 1.000000 0 0 0.000000
10 2923.634765 1107.470092 108.125000 0.000000 131.000000 0.000000 0.000000 0.000000 1.000000 0.000000 131.000000 1.000000 0 0 0.000000
13 2981.072021 1085.123413 205.125000 0.000000 90.000000 0.000000 0.000000 0.000000 1.000000 0.000000 90.000000 1.000000 0 0 0.000000
14 2885.210205 977.585754 143.125000 0.000000 -159.000000 0.000000 0.000000 0.000000 1.000000 0.000000 -159.000000 1.000000 0 0 0.000000
13 3137.047607 1225.503417 205.125000 0.000000 98.000000 0.000000 0.000000 0.000000 1.000000 0.000000 98.000000 1.000000 0 0 0.000000
13 2992.041992 1157.890502 205.125000 0.000000 -179.000000 0.000000 0.000000 0.000000 1.000000 0.000000 -179.000000 1.000000 0 0 0.000000
9 3069.972900 1326.279296 -11.875000 0.000000 89.000000 0.000000 0.000000 0.000000 1.000000 0.000000 89.000000 1.000000 4 0 0.000000
15 3015.229003 1499.183227 7.125000 0.000000 -87.000000 0.000000 0.000000 0.000000 1.000000 0.000000 -87.000000 1.000000 0 0 0.000000
15 3121.970703 1547.215209 207.125000 0.000000 102.000000 0.000000 0.000000 0.000000 1.000000 0.000000 102.000000 1.000000 0 0 0.000000
15 3037.778320 1535.794799 203.125000 0.000000 69.000000 0.000000 0.000000 0.000000 1.000000 0.000000 69.000000 1.000000 0 0 0.000000
15 3123.220458 1487.070190 7.124998 0.000000 34.000000 0.000000 0.000000 0.000000 1.000000 0.000000 34.000000 1.000000 0 0 0.000000
15 -557.038513 -398.293212 63.125000 0.000000 3.000000 0.000000 0.000000 0.000000 1.000000 0.000000 3.000000 1.000000 0 0 0.000000
15 -555.070800 -484.652984 63.125000 0.000000 5.000000 0.000000 0.000000 0.000000 1.000000 0.000000 5.000000 1.000000 0 0 0.000000
9 -708.599121 -448.521057 36.125000 0.000000 1.000000 0.000000 0.000000 0.000000 1.000000 0.000000 1.000000 1.000000 4 0 0.000000
14 3102.962402 1940.747680 263.125000 0.000000 -46.000000 0.000000 0.000000 0.000000 1.000000 0.000000 -46.000000 1.000000 0 0 0.000000
13 -80.693595 1681.561157 21.125000 0.000000 177.000000 0.000000 0.000000 0.000000 1.000000 0.000000 177.000000 1.000000 3 0 0.000000
13 -45.854164 1680.532226 81.250000 0.000000 174.000000 0.000000 0.000000 0.000000 1.000000 0.000000 174.000000 1.000000 4 0 0.000000
13 -71.547752 1765.274780 29.125001 0.000000 179.000000 0.000000 0.000000 0.000000 1.000000 0.000000 179.000000 1.000000 3 0 0.000000
13 -57.804771 1759.273681 93.125000 0.000000 -175.000000 0.000000 0.000000 0.000000 1.000000 0.000000 -175.000000 1.000000 4 0 0.000000
6 332.452087 1725.704589 17.125000 0.000000 5.000000 0.000000 0.000000 0.000000 1.000000 0.000000 5.000000 1.000000 0 0 0.000000
14 -181.648590 -237.326187 299.125000 0.000000 -169.000000 0.000000 0.000000 0.000000 1.000000 0.000000 -169.000000 1.000000 0 0 0.000000
14 611.628540 -608.596984 207.125000 0.000000 179.000000 0.000000 0.000000 0.000000 1.000000 0.000000 179.000000 1.000000 0 0 0.000000
11 1759.877075 -946.585693 40.125000 0.000000 16.000000 0.000000 0.000000 0.000000 1.000000 0.000000 16.000000 1.000000 0 0 0.000000
11 1787.870117 -1015.419494 40.125000 0.000000 71.000000 0.000000 0.000000 0.000000 1.000000 0.000000 71.000000 1.000000 0 0 0.000000
11 1930.995239 -950.283508 40.125000 0.000000 69.000000 0.000000 0.000000 0.000000 1.000000 0.000000 69.000000 1.000000 0 0 0.000000
13 1794.995483 -786.138977 213.125000 0.000000 -49.000000 0.000000 0.000000 0.000000 1.000000 0.000000 -49.000000 1.000000 0 0 0.000000
15 1787.388305 -689.726989 219.125000 0.000000 -36.000000 0.000000 0.000000 0.000000 1.000000 0.000000 -36.000000 1.000000 0 0 0.000000
13 1789.719848 -586.798828 217.125000 0.000000 -1.000000 0.000000 0.000000 0.000000 1.000000 0.000000 -1.000000 1.000000 0 0 0.000000
13 1791.720214 -506.686035 205.124069 0.000000 0.000000 0.000000 0.000000 0.000000 1.000000 0.000000 0.000000 1.000000 0 0 0.000000
13 1789.120727 -420.003204 217.125000 0.000000 0.000000 0.000000 0.000000 0.000000 1.000000 0.000000 0.000000 1.000000 0 0 0.000000
14 1900.431152 -380.692871 169.125000 0.000000 89.000000 0.000000 0.000000 0.000000 1.000000 0.000000 89.000000 1.000000 0 0 0.000000
9 1899.892211 -662.478759 168.125000 0.000000 -90.000000 0.000000 0.000000 0.000000 1.000000 0.000000 -90.000000 1.000000 2 0 0.000000
15 1747.322631 -1437.332397 23.125001 0.000000 98.000000 0.000000 0.000000 0.000000 1.000000 0.000000 98.000000 1.000000 0 0 0.000000
15 1836.171875 -1443.588256 23.125001 0.000000 95.000000 0.000000 0.000000 0.000000 1.000000 0.000000 95.000000 1.000000 0 0 0.000000
9 1703.615600 -1566.211791 108.125000 0.000000 126.000000 0.000000 0.000000 0.000000 1.000000 0.000000 126.000000 1.000000 2 0 0.000000
11 1905.752075 -1577.200195 80.125000 0.000000 0.000000 0.000000 0.000000 0.000000 1.000000 0.000000 0.000000 1.000000 0 0 0.000000
9 -1187.070678 -1398.425048 221.106124 0.000000 4.000000 0.000000 -0.707106 0.000000 0.707106 0.000000 4.000000 1.000000 3 0 0.000000
11 1739.065917 -1775.674194 136.125000 0.000000 96.000000 0.000000 0.000000 0.000000 1.000000 0.000000 96.000000 1.000000 0 0 0.000000
11 1799.870117 -1785.474243 128.125000 0.000000 105.000000 0.000000 0.000000 0.000000 1.000000 0.000000 105.000000 1.000000 0 0 0.000000
11 1861.691894 -1775.505981 120.125000 0.000000 98.000000 0.000000 0.000000 0.000000 1.000000 0.000000 98.000000 1.000000 0 0 0.000000
9 -1248.004028 -1204.066162 224.125000 0.000000 92.000000 0.000000 0.000000 0.000000 1.000000 0.000000 92.000000 1.000000 3 0 0.000000
15 -1177.914306 -592.766845 63.125000 0.000000 107.000000 0.000000 0.000000 0.000000 1.000000 0.000000 107.000000 1.000000 0 0 0.000000
15 -1315.775878 -593.080261 63.125000 0.000000 79.000000 0.000000 0.000000 0.000000 1.000000 0.000000 79.000000 1.000000 0 0 0.000000
15 -1237.364868 -594.947692 43.125000 0.000000 89.000000 0.000000 0.000000 0.000000 1.000000 0.000000 89.000000 1.000000 0 0 0.000000
15 -55.999820 -224.759429 63.125000 0.000000 -1.000000 0.000000 0.000000 0.000000 1.000000 0.000000 -1.000000 1.000000 0 0 0.000000
14 -127.830932 -104.717163 199.125000 0.000000 89.000000 0.000000 0.000000 0.000000 1.000000 0.000000 89.000000 1.000000 2 0 0.000000
16 -13.464392 -144.005126 255.125015 0.000000 9.000000 0.000000 0.000000 0.000000 1.000000 0.000000 9.000000 1.000000 0 0 0.000000
11 1824.507202 -767.569641 40.125000 0.000000 -89.000000 0.000000 0.000000 0.000000 1.000000 0.000000 -89.000000 1.000000 0 0 0.000000
11 1758.188842 -812.182922 40.125000 0.000000 -28.000000 0.000000 0.000000 0.000000 1.000000 0.000000 -28.000000 1.000000 0 0 0.000000
11 1742.685180 -877.556152 40.125000 0.000000 0.000000 0.000000 0.000000 0.000000 1.000000 0.000000 0.000000 1.000000 0 0 0.000000
15 728.683959 -770.597229 63.125000 0.000000 84.000000 0.000000 0.000000 0.000000 1.000000 0.000000 84.000000 1.000000 0 0 0.000000
15 660.333557 -774.988708 63.125000 0.000000 95.000000 0.000000 0.000000 0.000000 1.000000 0.000000 95.000000 1.000000 0 0 0.000000
13 910.504638 -1505.083129 229.125000 0.000000 0.000000 0.000000 0.000000 0.000000 1.000000 0.000000 0.000000 1.000000 0 0 0.000000
13 910.504638 -1505.083129 289.250000 0.000000 0.000000 0.000000 0.000000 0.000000 1.000000 0.000000 0.000000 1.000000 0 0 0.000000
10 941.741455 -1412.464355 396.125000 0.000000 83.000000 0.000000 0.000000 0.000000 1.000000 0.000000 83.000000 1.000000 0 0 0.000000
10 1084.329345 -1415.471191 396.125000 0.000000 77.000000 0.000000 0.000000 0.000000 1.000000 0.000000 77.000000 1.000000 0 0 0.000000
10 1085.585693 -1615.097778 396.125000 0.000000 -87.000000 0.000000 0.000000 0.000000 1.000000 0.000000 -87.000000 1.000000 0 0 0.000000
13 867.938049 -1696.477294 221.125000 0.000000 -90.000000 0.000000 0.000000 0.000000 1.000000 0.000000 -90.000000 1.000000 0 0 0.000000
13 867.938049 -1696.477294 281.250000 0.000000 -90.000000 0.000000 0.000000 0.000000 1.000000 0.000000 -90.000000 1.000000 0 0 0.000000
14 877.140441 -1942.176879 359.125000 0.000000 -92.000000 0.000000 0.000000 0.000000 1.000000 0.000000 -92.000000 1.000000 1 0 0.000000
13 1661.586791 -1009.495727 253.125015 0.000000 177.000000 0.000000 0.000000 0.000000 1.000000 0.000000 177.000000 1.000000 0 0 0.000000
13 1662.857910 -934.816345 253.125015 0.000000 -179.000000 0.000000 0.000000 0.000000 1.000000 0.000000 -179.000000 1.000000 0 0 0.000000
15 1836.054931 -1318.026489 191.125000 0.000000 -131.000000 0.000000 0.000000 0.000000 1.000000 0.000000 -131.000000 1.000000 0 0 0.000000
15 1828.039062 -1222.800903 179.125000 0.000000 -162.000000 0.000000 0.000000 0.000000 1.000000 0.000000 -162.000000 1.000000 0 0 0.000000
6 1915.500000 -1290.512084 171.125000 0.000000 -86.000000 0.000000 0.000000 0.000000 1.000000 0.000000 -86.000000 1.000000 0 0 0.000000
13 1799.190795 -867.242187 217.125000 0.000000 101.000000 0.000000 0.000000 0.000000 1.000000 0.000000 101.000000 1.000000 0 0 0.000000
15 1895.429443 -868.326904 179.125000 0.000000 86.000000 0.000000 0.000000 0.000000 1.000000 0.000000 86.000000 1.000000 0 0 0.000000
11 2186.223144 1194.321533 104.125000 0.000000 90.000000 0.000000 0.000000 0.000000 1.000000 0.000000 90.000000 1.000000 0 0 0.000000
10 2081.679199 961.322509 92.125000 0.000000 2.000000 0.000000 0.000000 0.000000 1.000000 0.000000 2.000000 1.000000 0 0 0.000000
11 2282.567382 929.087524 200.125000 0.000000 -101.000000 0.000000 0.000000 0.000000 1.000000 0.000000 -101.000000 1.000000 0 0 0.000000
9 2116.648193 915.024230 280.125000 0.000000 -144.000000 0.000000 0.000000 0.000000 1.000000 0.000000 -144.000000 1.000000 1 0 0.000000
16 2310.632324 1081.060302 175.125000 0.000000 0.000000 0.000000 0.000000 0.000000 1.000000 0.000000 0.000000 1.000000 0 0 0.000000
15 2510.332519 983.727539 7.125000 0.000000 -13.000000 0.000000 0.000000 0.000000 1.000000 0.000000 -13.000000 1.000000 0 0 0.000000
15 2525.594726 1079.171875 7.125000 0.000000 4.000000 0.000000 0.000000 0.000000 1.000000 0.000000 4.000000 1.000000 0 0 0.000000
15 1827.421508 -244.784347 15.125000 0.000000 -92.000000 0.000000 0.000000 0.000000 1.000000 0.000000 -92.000000 1.000000 0 0 0.000000
15 1739.093627 -237.135604 15.125000 0.000000 -87.000000 0.000000 0.000000 0.000000 1.000000 0.000000 -87.000000 1.000000 0 0 0.000000
9 1782.855346 -392.973022 4.125000 0.000000 88.000000 0.000000 0.000000 0.000000 1.000000 0.000000 88.000000 1.000000 1 0 0.000000
10 1889.218017 -350.812988 20.125000 0.000000 -89.000000 0.000000 0.000000 0.000000 1.000000 0.000000 -89.000000 1.000000 0 0 0.000000
15 1873.502685 -972.578002 15.124998 0.000000 -74.000000 0.000000 0.000000 0.000000 1.000000 0.000000 -74.000000 1.000000 0 0 0.000000
15 1871.688476 -1111.369750 15.124998 0.000000 -91.000000 0.000000 0.000000 0.000000 1.000000 0.000000 -91.000000 1.000000 0 0 0.000000
15 1811.068969 -1222.703125 15.124998 0.000000 -128.000000 0.000000 0.000000 0.000000 1.000000 0.000000 -128.000000 1.000000 0 0 0.000000
14 1634.666992 -1268.945068 143.125000 0.000000 -160.000000 0.000000 0.000000 0.000000 1.000000 0.000000 -160.000000 1.000000 0 0 0.000000
13 1662.922973 -1081.404418 253.125000 0.000000 178.000000 0.000000 0.000000 0.000000 1.000000 0.000000 178.000000 1.000000 0 0 0.000000
15 140.946578 362.310882 63.125000 0.000000 -59.000000 0.000000 0.000000 0.000000 1.000000 0.000000 -59.000000 1.000000 0 0 0.000000
11 60.583656 360.119140 88.125000 0.000000 -84.000000 0.000000 0.000000 0.000000 1.000000 0.000000 -84.000000 1.000000 0 0 0.000000
15 -143.132232 364.021484 63.125000 0.000000 -118.000000 0.000000 0.000000 0.000000 1.000000 0.000000 -118.000000 1.000000 0 0 0.000000
11 -61.463340 361.458557 88.125000 0.000000 -81.000000 0.000000 0.000000 0.000000 1.000000 0.000000 -81.000000 1.000000 0 0 0.000000
11 329.345794 836.137695 88.125000 0.000000 11.000000 0.000000 0.000000 0.000000 1.000000 0.000000 11.000000 1.000000 0 0 0.000000
11 321.206512 701.781188 88.125000 0.000000 3.000000 0.000000 0.000000 0.000000 1.000000 0.000000 3.000000 1.000000 0 0 0.000000
11 924.288391 343.129455 136.125000 0.000000 -179.000000 0.000000 0.000000 0.000000 1.000000 0.000000 -179.000000 1.000000 0 0 0.000000
13 361.932617 769.460876 45.125000 0.000000 0.000000 0.000000 0.000000 0.000000 1.000000 0.000000 0.000000 1.000000 0 0 0.000000
11 910.726013 282.953521 136.125000 0.000000 0.000000 0.000000 0.000000 0.000000 1.000000 0.000000 0.000000 1.000000 0 0 0.000000
11 913.952026 407.711914 136.125000 0.000000 -170.000000 0.000000 0.000000 0.000000 1.000000 0.000000 -170.000000 1.000000 0 0 0.000000
11 946.930725 475.826782 144.125000 0.000000 140.000000 0.000000 0.000000 0.000000 1.000000 0.000000 140.000000 1.000000 0 0 0.000000
11 943.431701 226.426376 144.125000 0.000000 -135.000000 0.000000 0.000000 0.000000 1.000000 0.000000 -135.000000 1.000000 0 0 0.000000
15 1615.488159 1716.091186 39.125000 0.000000 6.000000 0.000000 0.000000 0.000000 1.000000 0.000000 6.000000 1.000000 0 0 0.000000
15 1608.405517 1612.994018 39.125000 0.000000 16.000000 0.000000 0.000000 0.000000 1.000000 0.000000 16.000000 1.000000 0 0 0.000000
15 736.854309 1607.645019 39.125000 0.000000 178.000000 0.000000 0.000000 0.000000 1.000000 0.000000 178.000000 1.000000 0 0 0.000000
15 731.715026 1511.897705 39.125000 0.000000 -10.000000 0.000000 0.000000 0.000000 1.000000 0.000000 -10.000000 1.000000 0 0 0.000000
9 1455.574707 1676.247192 12.125000 0.000000 -89.000000 0.000000 0.000000 0.000000 1.000000 0.000000 -89.000000 1.000000 0 0 0.000000
14 1761.028442 2037.437988 207.125000 0.000000 -87.000000 0.000000 0.000000 0.000000 1.000000 0.000000 -87.000000 1.000000 0 0 0.000000
15 949.266540 1375.678222 215.125000 0.000000 91.000000 0.000000 0.000000 0.000000 1.000000 0.000000 91.000000 1.000000 0 0 0.000000
15 808.283325 1379.653930 215.125000 0.000000 94.000000 0.000000 0.000000 0.000000 1.000000 0.000000 94.000000 1.000000 0 0 0.000000
15 -982.619445 1297.390258 63.125000 0.000000 91.000000 0.000000 0.000000 0.000000 1.000000 0.000000 91.000000 1.000000 0 0 0.000000
16 -1030.186279 1272.012573 173.250000 0.000000 114.000000 0.000000 0.000000 0.000000 1.000000 0.000000 114.000000 1.000000 0 0 0.000000
14 -970.032287 1659.621704 55.125000 0.000000 91.000000 0.000000 0.000000 0.000000 1.000000 0.000000 91.000000 1.000000 0 0 0.000000
2 160.000000 -2248.000000 -16.875000 0.000000 -90.000000 0.000000 0.000000 0.000000 1.000000 0.000000 -90.000000 0.000000 0 0 0.000000
15 250.554641 1465.568359 23.124998 0.000000 -73.000000 0.000000 0.000000 0.000000 1.000000 0.000000 -73.000000 1.000000 0 0 0.000000
15 -10.647926 1357.067993 63.125000 0.000000 -137.000000 0.000000 0.000000 0.000000 1.000000 0.000000 -137.000000 1.000000 0 0 0.000000
1 296.000000 -1512.000000 39.125000 0.000000 360.000000 0.000000 0.000000 0.000000 1.000000 0.000000 360.000000 0.000000 0 0 0.000000
13 -94.965454 1610.314331 29.125000 0.000000 149.000000 0.000000 0.000000 0.000000 1.000000 0.000000 149.000000 1.000000 3 0 0.000000
13 -94.965454 1610.314331 89.250000 0.000000 149.000000 0.000000 0.000000 0.000000 1.000000 0.000000 149.000000 1.000000 4 0 0.000000
