16 -620.937316 2954.934570 -142.181701 0.000000 63.000000 0.000000 0.000000 -0.707106 0.707106 0.000000 63.000000 1.000000 0 0 0.000000
16 -699.276062 2956.504150 -140.612121 0.000000 64.000000 0.000000 0.000000 -0.707106 0.707106 0.000000 64.000000 1.000000 0 0 0.000000
15 918.298461 784.360107 123.624992 0.000000 10.000000 0.000000 0.000000 0.000000 1.000000 0.000000 10.000000 1.000000 0 0 0.000000
16 -541.461059 2955.652832 -141.463439 0.000000 59.000000 0.000000 0.000000 -0.707106 0.707106 0.000000 59.000000 1.000000 0 0 0.000000
13 -822.036315 2780.113037 -210.375000 0.000000 -90.000000 0.000000 0.000000 0.000000 1.000000 0.000000 -90.000000 1.000000 0 0 0.000000
16 -464.944458 2953.879638 -143.236633 0.000000 46.000000 0.000000 0.000000 -0.707106 0.707106 0.000000 46.000000 1.000000 0 0 0.000000
16 -770.841308 2953.409912 -143.706359 0.000000 -2.000000 0.000000 0.000000 -0.707106 0.707106 0.000000 -2.000000 1.000000 0 0 0.000000
16 -173.643814 2954.515136 -142.601135 0.000000 112.000000 0.000000 0.000000 -0.707106 0.707106 0.000000 112.000000 1.000000 0 0 0.000000
13 -747.828735 2893.327148 -210.375000 0.000000 -15.000000 0.000000 0.000000 0.000000 1.000000 0.000000 -15.000000 1.000000 0 0 0.000000
16 -411.615295 2953.838134 -143.278137 0.000000 127.000000 0.000000 0.000000 -0.707106 0.707106 0.000000 127.000000 1.000000 0 0 0.000000
16 -313.611694 2953.266845 -143.849426 0.000000 124.000000 0.000000 0.000000 -0.707106 0.707106 0.000000 124.000000 1.000000 0 0 0.000000
16 -219.502532 2953.858642 -143.257629 0.000000 130.000000 0.000000 0.000000 -0.707106 0.707106 0.000000 130.000000 1.000000 0 0 0.000000
16 -360.443603 2954.028808 -143.087463 0.000000 131.000000 0.000000 0.000000 -0.707106 0.707106 0.000000 131.000000 1.000000 0 0 0.000000
16 -267.740295 2955.091552 -142.024719 0.000000 135.000000 0.000000 0.000000 -0.707106 0.707106 0.000000 135.000000 1.000000 0 0 0.000000
13 -91.624862 2851.831298 -210.375000 0.000000 -134.000000 0.000000 0.000000 0.000000 1.000000 0.000000 -134.000000 1.000000 0 0 0.000000
5 912.015258 2408.479248 -28.793598 0.000000 -105.000000 0.000000 -0.447213 0.000000 0.894427 0.000000 -105.000000 1.000000 0 0 0.000000
4 -595.625305 2805.229980 -142.346191 0.000000 -118.000000 0.000000 0.000000 0.707106 0.707106 0.000000 -118.000000 1.000000 0 0 0.000000
3 973.211791 2414.380371 -116.095352 0.000000 -86.000000 0.000000 -0.447213 0.000000 0.894427 0.000000 -86.000000 1.000000 0 0 0.000000
5 1048.718261 2396.352050 -88.442115 0.000000 -73.000000 0.000000 -0.447213 0.000000 0.894427 0.000000 -73.000000 1.000000 0 0 0.000000
4 -73.549026 2955.730712 -141.385589 0.000000 83.000000 0.000000 0.000000 -0.707106 0.707106 0.000000 83.000000 1.000000 0 0 0.000000
14 -804.042297 2579.444824 -216.375000 0.000000 60.000000 0.000000 0.000000 0.000000 1.000000 0.000000 60.000000 1.000000 1 0 0.000000
3 934.362365 2405.453857 1.431402 0.000000 -103.000000 0.000000 0.000000 0.000000 0.000000 0.000000 -103.000000 1.000000 0 0 0.000000
3 1045.290527 2395.492431 -80.055984 0.000000 -71.000000 0.000000 -0.447213 0.000000 0.894427 0.000000 -71.000000 1.000000 0 0 0.000000
3 949.671875 2408.885742 1.878615 0.000000 -103.000000 0.000000 -0.447213 0.000000 0.894427 0.000000 -103.000000 1.000000 0 0 0.000000
12 -764.736022 2480.650878 -210.875000 0.000000 -91.000000 0.000000 0.000000 0.000000 1.000000 0.000000 -91.000000 1.000000 1 0 0.000000
15 846.121215 2361.040771 -168.875000 0.000000 154.000000 0.000000 0.000000 0.000000 1.000000 0.000000 154.000000 1.000000 0 0 0.000000
16 641.131164 -19.127212 15.125000 0.000000 98.000000 0.000000 0.000000 0.000000 1.000000 0.000000 98.000000 1.000000 0 0 0.000000
13 575.191650 -115.638763 21.125001 0.000000 0.000000 0.000000 0.000000 0.000000 1.000000 0.000000 0.000000 1.000000 0 0 0.000000
13 587.489135 -226.822814 21.125001 0.000000 0.000000 0.000000 0.000000 0.000000 1.000000 0.000000 0.000000 1.000000 0 0 0.000000
13 532.009460 -314.025054 21.125001 0.000000 -86.000000 0.000000 0.000000 0.000000 1.000000 0.000000 -86.000000 1.000000 0 0 0.000000
15 455.250762 -317.175170 23.125001 0.000000 -78.000000 0.000000 0.000000 0.000000 1.000000 0.000000 -78.000000 1.000000 0 0 0.000000
11 352.649414 -380.408630 40.125000 0.000000 90.000000 0.000000 0.000000 0.000000 1.000000 0.000000 90.000000 1.000000 0 0 0.000000
11 236.142532 -351.913208 48.125000 0.000000 -89.000000 0.000000 0.000000 0.000000 1.000000 0.000000 -89.000000 1.000000 0 0 0.000000
10 477.157287 -428.034881 20.125000 0.000000 155.000000 0.000000 0.000000 0.000000 1.000000 0.000000 155.000000 1.000000 0 0 0.000000
9 557.449157 -594.860656 4.125000 0.000000 15.000000 0.000000 0.000000 0.000000 1.000000 0.000000 15.000000 1.000000 0 0 0.000000
9 474.536773 -595.560607 4.125000 0.000000 0.000000 0.000000 0.000000 0.000000 1.000000 0.000000 0.000000 1.000000 0 0 0.000000
14 476.112915 121.890357 15.125000 0.000000 91.000000 0.000000 0.000000 0.000000 1.000000 0.000000 91.000000 1.000000 1 0 0.000000
13 475.877380 17.426223 13.125000 0.000000 90.000000 0.000000 0.000000 0.000000 1.000000 0.000000 90.000000 1.000000 0 0 0.000000
15 235.886474 88.117591 47.125000 0.000000 0.000000 0.000000 0.000000 0.000000 1.000000 0.000000 0.000000 1.000000 0 0 0.000000
15 327.991760 98.892753 71.125000 0.000000 94.000000 0.000000 0.000000 0.000000 1.000000 0.000000 94.000000 1.000000 0 0 0.000000
11 395.695861 125.810844 109.872657 0.000000 95.000000 0.000000 -0.707106 0.000000 0.707106 0.000000 95.000000 1.000000 0 0 0.000000
15 429.792419 59.302516 95.125000 0.000000 96.000000 0.000000 0.000000 0.000000 1.000000 0.000000 96.000000 1.000000 0 0 0.000000
15 527.299194 76.516632 111.125000 0.000000 128.000000 0.000000 0.000000 0.000000 1.000000 0.000000 128.000000 1.000000 0 0 0.000000
15 528.354858 -13.306485 127.125000 0.000000 106.000000 0.000000 0.000000 0.000000 1.000000 0.000000 106.000000 1.000000 0 0 0.000000
15 561.972290 -103.946807 151.125000 0.000000 101.000000 0.000000 0.000000 0.000000 1.000000 0.000000 101.000000 1.000000 0 0 0.000000
15 1407.712402 -283.063201 79.125000 0.000000 87.000000 0.000000 0.000000 0.000000 1.000000 0.000000 87.000000 1.000000 0 0 0.000000
15 1298.413940 635.635620 106.578880 0.000000 10.000000 0.000000 0.042271 -0.295902 0.954282 0.000000 10.000000 1.000000 0 0 0.000000
2 1289.190307 151.630325 73.133392 0.000000 110.000000 0.000000 -0.043437 0.000000 0.999056 0.000000 110.000000 1.000000 0 0 0.000000
6 1199.383911 -828.079956 249.125000 0.000000 -97.000000 0.000000 0.000000 0.000000 1.000000 0.000000 -97.000000 1.000000 0 0 0.000000
13 1429.113769 -453.614440 77.125000 0.000000 0.000000 0.000000 0.000000 0.000000 1.000000 0.000000 0.000000 1.000000 0 0 0.000000
15 1004.823547 -311.502532 95.125000 0.000000 -96.000000 0.000000 0.000000 0.000000 1.000000 0.000000 -96.000000 1.000000 0 0 0.000000
11 996.237792 -422.397430 104.125000 0.000000 90.000000 0.000000 0.000000 0.000000 1.000000 0.000000 90.000000 1.000000 0 0 0.000000
11 234.807952 6.588768 68.984741 0.000000 178.000000 0.000000 -0.707106 0.000000 0.707106 0.000000 178.000000 1.000000 0 0 0.000000
15 561.317687 -385.391387 207.125000 0.000000 -84.000000 0.000000 0.000000 0.000000 1.000000 0.000000 -84.000000 1.000000 0 0 0.000000
10 599.618957 128.889663 116.125000 0.000000 112.000000 0.000000 0.000000 0.000000 1.000000 0.000000 112.000000 1.000000 0 0 0.000000
15 613.547241 40.639408 115.537368 0.000000 -62.000000 0.000000 0.000000 0.707106 0.707106 0.000000 -62.000000 1.000000 0 0 0.000000
15 430.993835 -594.953308 207.125000 0.000000 -89.000000 0.000000 0.000000 0.000000 1.000000 0.000000 -89.000000 1.000000 0 0 0.000000
11 339.428100 -442.426666 232.125000 0.000000 177.000000 0.000000 0.000000 0.000000 1.000000 0.000000 177.000000 1.000000 0 0 0.000000
15 336.524017 -591.002563 207.125000 0.000000 -113.000000 0.000000 0.000000 0.000000 1.000000 0.000000 -113.000000 1.000000 0 0 0.000000
15 473.227203 -391.214416 207.125000 0.000000 -115.000000 0.000000 0.000000 0.000000 1.000000 0.000000 -115.000000 1.000000 0 0 0.000000
10 538.408081 -486.338714 212.125000 0.000000 126.000000 0.000000 0.000000 0.000000 1.000000 0.000000 126.000000 1.000000 0 0 0.000000
15 357.622589 -506.894439 207.125000 0.000000 -171.000000 0.000000 0.000000 0.000000 1.000000 0.000000 -171.000000 1.000000 0 0 0.000000
15 352.670593 -370.435607 207.125000 0.000000 135.000000 0.000000 0.000000 0.000000 1.000000 0.000000 135.000000 1.000000 0 0 0.000000
14 259.824310 -542.593811 247.125000 0.000000 -123.000000 0.000000 0.000000 0.000000 1.000000 0.000000 -123.000000 1.000000 1 0 0.000000
11 415.475036 -884.551635 232.125000 0.000000 99.000000 0.000000 0.000000 0.000000 1.000000 0.000000 99.000000 1.000000 0 0 0.000000
11 508.108703 -870.757263 232.125000 0.000000 103.000000 0.000000 0.000000 0.000000 1.000000 0.000000 103.000000 1.000000 0 0 0.000000
11 375.376983 -782.660949 232.125000 0.000000 -89.000000 0.000000 0.000000 0.000000 1.000000 0.000000 -89.000000 1.000000 0 0 0.000000
11 424.069885 -989.075927 232.125000 0.000000 166.000000 0.000000 0.000000 0.000000 1.000000 0.000000 166.000000 1.000000 0 0 0.000000
11 520.941650 -782.074279 232.125000 0.000000 -89.000000 0.000000 0.000000 0.000000 1.000000 0.000000 -89.000000 1.000000 0 0 0.000000
11 501.436065 -1060.536499 232.125000 0.000000 -169.000000 0.000000 0.000000 0.000000 1.000000 0.000000 -169.000000 1.000000 0 0 0.000000
11 519.915283 -975.644165 232.125000 0.000000 139.000000 0.000000 0.000000 0.000000 1.000000 0.000000 139.000000 1.000000 0 0 0.000000
11 594.718505 -1065.883300 232.125000 0.000000 -162.000000 0.000000 0.000000 0.000000 1.000000 0.000000 -162.000000 1.000000 0 0 0.000000
11 618.513916 -968.789672 232.125000 0.000000 97.000000 0.000000 0.000000 0.000000 1.000000 0.000000 97.000000 1.000000 0 0 0.000000
11 666.148254 -1086.322387 232.125000 0.000000 -145.000000 0.000000 0.000000 0.000000 1.000000 0.000000 -145.000000 1.000000 0 0 0.000000
11 727.877502 -1008.991210 232.125000 0.000000 -173.000000 0.000000 0.000000 0.000000 1.000000 0.000000 -173.000000 1.000000 0 0 0.000000
11 817.152160 -1068.990234 232.125000 0.000000 -164.000000 0.000000 0.000000 0.000000 1.000000 0.000000 -164.000000 1.000000 0 0 0.000000
11 838.137695 -968.036010 232.125000 0.000000 177.000000 0.000000 0.000000 0.000000 1.000000 0.000000 177.000000 1.000000 0 0 0.000000
11 930.248413 -1071.273193 232.125000 0.000000 -143.000000 0.000000 0.000000 0.000000 1.000000 0.000000 -143.000000 1.000000 0 0 0.000000
11 1032.114868 -1024.909667 232.125000 0.000000 -159.000000 0.000000 0.000000 0.000000 1.000000 0.000000 -159.000000 1.000000 0 0 0.000000
11 934.754821 -971.524536 232.125000 0.000000 160.000000 0.000000 0.000000 0.000000 1.000000 0.000000 160.000000 1.000000 0 0 0.000000
11 1122.654418 -1063.874755 232.125000 0.000000 -128.000000 0.000000 0.000000 0.000000 1.000000 0.000000 -128.000000 1.000000 0 0 0.000000
11 1136.518920 -973.197570 232.125000 0.000000 170.000000 0.000000 0.000000 0.000000 1.000000 0.000000 170.000000 1.000000 0 0 0.000000
15 1281.637817 -1084.685180 207.125000 0.000000 51.000000 0.000000 0.000000 0.000000 1.000000 0.000000 51.000000 1.000000 0 0 0.000000
15 1536.534545 -689.390502 119.125000 0.000000 9.000000 0.000000 0.000000 0.000000 1.000000 0.000000 9.000000 1.000000 0 0 0.000000
15 1219.480712 -937.298339 207.125000 0.000000 120.000000 0.000000 0.000000 0.000000 1.000000 0.000000 120.000000 1.000000 0 0 0.000000
15 1014.619812 -103.298194 95.125000 0.000000 -79.000000 0.000000 0.000000 0.000000 1.000000 0.000000 -79.000000 1.000000 0 0 0.000000
11 1475.772094 -1298.482299 184.125000 0.000000 5.000000 0.000000 0.000000 0.000000 1.000000 0.000000 5.000000 1.000000 0 0 0.000000
11 1264.294189 -190.939239 104.125000 0.000000 90.000000 0.000000 0.000000 0.000000 1.000000 0.000000 90.000000 1.000000 0 0 0.000000
15 1407.254638 1396.549316 236.068725 0.000000 -72.000000 0.000000 0.295901 0.042271 0.954282 0.000000 -72.000000 1.000000 0 0 0.000000
15 1572.171875 -783.950866 79.125000 0.000000 84.000000 0.000000 0.000000 0.000000 1.000000 0.000000 84.000000 1.000000 0 0 0.000000
15 927.632873 -137.536590 79.125000 0.000000 -90.000000 0.000000 0.000000 0.000000 1.000000 0.000000 -90.000000 1.000000 0 0 0.000000
11 1488.917236 -318.667083 136.125000 0.000000 -89.000000 0.000000 0.000000 0.000000 1.000000 0.000000 -89.000000 1.000000 0 0 0.000000
15 887.714233 -34.828590 95.125000 0.000000 -156.000000 0.000000 0.000000 0.000000 1.000000 0.000000 -156.000000 1.000000 0 0 0.000000
1 1182.308837 -1024.066040 207.125000 0.000000 108.000000 0.000000 0.000000 0.000000 1.000000 0.000000 108.000000 1.000000 0 0 0.000000
10 1002.736633 -477.189483 84.125000 0.000000 49.000000 0.000000 0.000000 0.000000 1.000000 -3.278275 49.000000 1.000000 0 0 0.000000
11 1483.267211 -760.583374 104.125000 0.000000 102.000000 0.000000 0.000000 0.000000 1.000000 0.000000 102.000000 1.000000 0 0 0.000000
13 1441.556152 -627.234252 77.125000 0.000000 92.000000 0.000000 0.000000 0.000000 1.000000 0.000000 92.000000 1.000000 0 0 0.000000
13 1356.796875 -630.510253 77.125000 0.000000 91.000000 0.000000 0.000000 0.000000 1.000000 0.000000 91.000000 1.000000 0 0 0.000000
15 1116.153442 1570.684814 235.920532 0.000000 167.000000 0.000000 -0.042138 -0.294972 0.954576 0.000000 167.000000 1.000000 0 0 0.000000
1 1302.522216 260.704406 72.408691 0.000000 -175.000000 0.000000 -0.043437 0.000000 0.999056 0.000000 -175.000000 1.000000 0 0 0.000000
11 1424.710693 -908.068969 104.125000 0.000000 3.000000 0.000000 0.000000 0.000000 1.000000 0.000000 3.000000 1.000000 0 0 0.000000
11 1310.396240 -665.517578 280.125000 0.000000 30.000000 0.000000 0.000000 0.000000 1.000000 0.000000 30.000000 1.000000 0 0 0.000000
11 1488.303955 -261.151245 136.125000 0.000000 6.000000 0.000000 0.000000 0.000000 1.000000 0.000000 6.000000 1.000000 0 0 0.000000
11 1021.365173 -376.032714 120.125000 0.000000 94.000000 0.000000 0.000000 0.000000 1.000000 0.000000 94.000000 1.000000 0 0 0.000000
11 1309.679077 -716.617614 280.125000 0.000000 2.000000 0.000000 0.000000 0.000000 1.000000 0.000000 2.000000 1.000000 0 0 0.000000
11 1313.900268 -766.541198 280.125000 0.000000 8.000000 0.000000 0.000000 0.000000 1.000000 0.000000 8.000000 1.000000 0 0 0.000000
11 1315.319946 -820.002502 280.125000 0.000000 -25.000000 0.000000 0.000000 0.000000 1.000000 0.000000 -25.000000 1.000000 0 0 0.000000
15 1362.370849 -198.210098 79.125000 0.000000 42.000000 0.000000 0.000000 0.000000 1.000000 0.000000 42.000000 1.000000 0 0 0.000000
11 865.351440 -346.982879 120.125000 0.000000 -89.000000 0.000000 0.000000 0.000000 1.000000 0.000000 -89.000000 1.000000 0 0 0.000000
11 938.183044 -413.445190 104.125000 0.000000 -94.000000 0.000000 0.000000 0.000000 1.000000 0.000000 -94.000000 1.000000 0 0 0.000000
11 1348.360961 -132.314620 136.125000 0.000000 90.000000 0.000000 0.000000 0.000000 1.000000 0.000000 90.000000 1.000000 0 0 0.000000
13 1331.090209 -320.367584 77.125000 0.000000 104.000000 0.000000 0.000000 0.000000 1.000000 0.000000 104.000000 1.000000 0 0 0.000000
10 1352.355957 -516.278381 84.125000 0.000000 -72.000000 0.000000 0.000000 0.000000 1.000000 0.000000 -72.000000 1.000000 0 0 0.000000
14 1449.137207 -192.842575 71.125000 0.000000 -54.000000 0.000000 0.000000 0.000000 1.000000 0.000000 -54.000000 1.000000 1 0 0.000000
15 971.880187 1765.266479 235.645553 0.000000 90.000000 0.000000 0.295908 0.041731 0.954304 0.000000 90.000000 1.000000 0 0 0.000000
15 1017.168151 1880.274780 235.648162 0.000000 -86.000000 0.000000 -0.296166 0.000000 0.955136 0.000000 -86.000000 1.000000 0 0 0.000000
15 1136.689819 535.286010 119.125000 0.000000 -14.000000 0.000000 0.000000 0.000000 1.000000 0.000000 -14.000000 1.000000 0 0 0.000000
15 965.976562 420.124633 79.125000 0.000000 91.000000 0.000000 0.000000 0.000000 1.000000 0.000000 91.000000 1.000000 0 0 0.000000
15 864.569458 422.726440 95.125000 0.000000 120.000000 0.000000 0.000000 0.000000 1.000000 0.000000 120.000000 1.000000 0 0 0.000000
15 932.270019 589.431579 123.125000 0.000000 91.000000 0.000000 0.000000 0.000000 1.000000 0.000000 91.000000 1.000000 0 0 0.000000
15 924.627502 691.091308 123.125000 0.000000 145.000000 0.000000 0.000000 0.000000 1.000000 0.000000 145.000000 1.000000 0 0 0.000000
15 1034.119140 580.681457 123.125000 0.000000 91.000000 0.000000 0.000000 0.000000 1.000000 0.000000 91.000000 1.000000 0 0 0.000000
10 1039.946411 581.839477 84.125000 0.000000 92.000000 0.000000 0.000000 0.000000 1.000000 0.000000 92.000000 1.000000 0 0 0.000000
10 1095.601196 554.309448 84.125000 0.000000 59.000000 0.000000 0.000000 0.000000 1.000000 0.000000 59.000000 1.000000 0 0 0.000000
16 938.138183 506.064422 79.125000 0.000000 -172.000000 0.000000 0.000000 0.000000 1.000000 0.000000 -172.000000 1.000000 0 0 0.000000
15 825.343017 638.074279 79.125000 0.000000 -89.000000 0.000000 0.000000 0.000000 1.000000 0.000000 -89.000000 1.000000 0 0 0.000000
15 835.904296 552.674560 79.125000 0.000000 -90.000000 0.000000 0.000000 0.000000 1.000000 0.000000 -90.000000 1.000000 0 0 0.000000
15 826.188903 729.874389 79.125000 0.000000 -89.000000 0.000000 0.000000 0.000000 1.000000 0.000000 -89.000000 1.000000 0 0 0.000000
15 834.889648 826.620422 79.125000 0.000000 -157.000000 0.000000 0.000000 0.000000 1.000000 0.000000 -157.000000 1.000000 0 0 0.000000
15 989.602172 1987.292358 228.587585 0.000000 -79.000000 0.000000 0.296166 0.000000 0.955136 0.000000 -79.000000 1.000000 0 0 0.000000
15 805.725280 2672.395019 -208.875000 0.000000 100.000000 0.000000 0.000000 0.000000 1.000000 0.000000 100.000000 1.000000 0 0 0.000000
15 894.788391 2677.091308 -208.875000 0.000000 105.000000 0.000000 0.000000 0.000000 1.000000 0.000000 105.000000 1.000000 0 0 0.000000
15 978.857666 2692.319824 -192.875000 0.000000 88.000000 0.000000 0.000000 0.000000 1.000000 0.000000 88.000000 1.000000 0 0 0.000000
15 1078.216796 2700.023437 -176.875000 0.000000 90.000000 0.000000 0.000000 0.000000 1.000000 0.000000 90.000000 1.000000 0 0 0.000000
14 1264.643310 3117.987060 15.125000 0.000000 45.000000 0.000000 0.000000 0.000000 1.000000 0.000000 45.000000 1.000000 1 0 0.000000
10 734.868957 3117.653076 -139.875274 0.000000 89.000000 0.000000 0.000000 0.000000 1.000000 0.000000 89.000000 1.000000 0 0 0.000000
13 1304.948364 2668.111083 -210.875000 0.000000 93.000000 0.000000 0.000000 0.000000 1.000000 0.000000 93.000000 1.000000 0 0 0.000000
15 1173.556396 2416.232910 -196.875000 0.000000 96.000000 0.000000 0.000000 0.000000 1.000000 0.000000 96.000000 1.000000 0 0 0.000000
10 1085.314941 452.109344 124.125000 0.000000 -41.000000 0.000000 0.000000 0.000000 1.000000 0.000000 -41.000000 1.000000 0 0 0.000000
15 1171.453247 2330.624023 -208.875000 0.000000 -149.000000 0.000000 0.000000 0.000000 1.000000 0.000000 -149.000000 1.000000 0 0 0.000000
15 1158.992187 2235.655273 -196.875000 0.000000 111.000000 0.000000 0.000000 0.000000 1.000000 0.000000 111.000000 1.000000 0 0 0.000000
15 1017.310668 2079.667724 235.693572 0.000000 -79.000000 0.000000 -0.296166 0.000000 0.955136 0.000000 -79.000000 1.000000 0 0 0.000000
10 922.130371 2370.039306 -123.875000 0.000000 -177.000000 0.000000 0.000000 0.000000 1.000000 -333.647094 -177.000000 1.000000 0 0 0.000000
15 713.633605 2677.269287 -208.875000 0.000000 128.000000 0.000000 0.000000 0.000000 1.000000 0.000000 128.000000 1.000000 0 0 0.000000
11 762.155151 2106.933593 -167.875000 0.000000 -156.000000 0.000000 0.000000 0.000000 1.000000 0.000000 -156.000000 1.000000 0 0 0.000000
10 831.945434 2257.428466 -187.875000 0.000000 176.000000 0.000000 0.000000 0.000000 1.000000 -357.616790 176.000000 1.000000 0 0 0.000000
15 1180.045166 2518.266113 -208.875000 0.000000 13.000000 0.000000 0.000000 0.000000 1.000000 0.000000 13.000000 1.000000 0 0 0.000000
13 1146.889404 2617.020996 -210.875000 0.000000 3.000000 0.000000 0.000000 0.000000 1.000000 0.000000 3.000000 1.000000 0 0 0.000000
10 1060.181884 2589.152099 -203.875000 0.000000 -2.000000 0.000000 0.000000 0.000000 1.000000 -1.270307 -2.000000 1.000000 0 0 0.000000
13 1189.120239 2890.477783 -178.875000 0.000000 85.000000 0.000000 0.000000 0.000000 1.000000 0.000000 85.000000 1.000000 0 0 0.000000
15 1292.593627 2903.650146 -208.875000 0.000000 97.000000 0.000000 0.000000 0.000000 1.000000 0.000000 97.000000 1.000000 0 0 0.000000
11 1043.233642 2150.464111 -171.875000 0.000000 -178.000000 0.000000 0.000000 0.000000 1.000000 0.000000 -178.000000 1.000000 0 0 0.000000
11 1045.195190 2103.892822 -167.875000 0.000000 -179.000000 0.000000 0.000000 0.000000 1.000000 0.000000 -179.000000 1.000000 0 0 0.000000
15 1187.847412 2733.248291 -176.875000 0.000000 -130.000000 0.000000 0.000000 0.000000 1.000000 0.000000 -130.000000 1.000000 0 0 0.000000
13 1221.391113 2655.959716 -210.875000 0.000000 117.000000 0.000000 0.000000 0.000000 1.000000 0.000000 117.000000 1.000000 0 0 0.000000
15 1121.224609 3102.452880 -96.875000 0.000000 85.000000 0.000000 0.000000 0.000000 1.000000 0.000000 85.000000 1.000000 0 0 0.000000
11 1046.669311 3105.188232 -63.875000 0.000000 70.000000 0.000000 0.000000 0.000000 1.000000 0.000000 70.000000 1.000000 0 0 0.000000
10 549.818908 3119.971923 -139.875274 0.000000 92.000000 0.000000 0.000000 0.000000 1.000000 0.000000 92.000000 1.000000 0 0 0.000000
16 1276.531616 2731.103027 -208.875000 0.000000 -95.000000 0.000000 0.000000 0.000000 1.000000 0.000000 -95.000000 1.000000 0 0 0.000000
14 930.716674 2131.571044 -216.875000 0.000000 -9.000000 0.000000 0.000000 0.000000 1.000000 0.000000 -9.000000 1.000000 1 0 0.000000
11 1175.143310 2811.660156 -151.875000 0.000000 167.000000 0.000000 0.000000 0.000000 1.000000 0.000000 167.000000 1.000000 0 0 0.000000
10 982.072509 3104.301269 -83.875000 0.000000 87.000000 0.000000 0.000000 0.000000 1.000000 0.000000 87.000000 1.000000 0 0 0.000000
14 483.090087 2863.148193 -184.875000 0.000000 -170.000000 0.000000 0.000000 0.000000 1.000000 0.000000 -170.000000 1.000000 1 0 0.000000
15 564.792541 2798.689208 -176.875000 0.000000 102.000000 0.000000 0.000000 0.000000 1.000000 0.000000 102.000000 1.000000 0 0 0.000000
10 932.073059 3124.002929 -139.875274 0.000000 83.000000 0.000000 0.000000 0.000000 1.000000 0.000000 83.000000 1.000000 0 0 0.000000
15 560.382690 2922.546630 -176.875000 0.000000 -81.000000 0.000000 0.000000 0.000000 1.000000 0.000000 -81.000000 1.000000 0 0 0.000000
15 -599.995483 -157.585891 15.125000 0.000000 -176.000000 0.000000 0.000000 0.000000 1.000000 0.000000 -176.000000 1.000000 0 0 0.000000
15 -680.331604 -60.795825 15.125000 0.000000 -8.000000 0.000000 0.000000 0.000000 1.000000 0.000000 -8.000000 1.000000 0 0 0.000000
15 -844.195800 2336.718750 -208.875000 0.000000 91.000000 0.000000 0.000000 0.000000 1.000000 0.000000 91.000000 1.000000 0 0 0.000000
15 -740.848876 2321.595214 -208.875000 0.000000 97.000000 0.000000 0.000000 0.000000 1.000000 0.000000 97.000000 1.000000 0 0 0.000000
11 -748.932739 2717.470947 -183.875000 0.000000 -90.000000 0.000000 0.000000 0.000000 1.000000 0.000000 -90.000000 1.000000 0 0 0.000000
11 -793.943176 2716.411376 -183.875000 0.000000 -90.000000 0.000000 0.000000 0.000000 1.000000 0.000000 -90.000000 1.000000 0 0 0.000000
10 872.728393 2787.026855 -171.875000 0.000000 -121.000000 0.000000 0.000000 0.000000 1.000000 0.000000 -121.000000 1.000000 0 0 0.000000
11 -844.799194 2717.828613 -183.875000 0.000000 -89.000000 0.000000 0.000000 0.000000 1.000000 0.000000 -89.000000 1.000000 0 0 0.000000
11 769.174804 2744.649169 -151.875000 0.000000 177.000000 0.000000 0.000000 0.000000 1.000000 0.000000 177.000000 1.000000 0 0 0.000000
11 512.191650 2679.200195 -183.875000 0.000000 -178.000000 0.000000 0.000000 0.000000 1.000000 0.000000 -178.000000 1.000000 0 0 0.000000
11 313.198883 2670.997558 -183.875000 0.000000 -172.000000 0.000000 0.000000 0.000000 1.000000 0.000000 -172.000000 1.000000 0 0 0.000000
11 160.313217 2749.347167 -183.875000 0.000000 105.000000 0.000000 0.000000 0.000000 1.000000 0.000000 105.000000 1.000000 0 0 0.000000
13 58.645874 2869.552490 -210.875000 0.000000 -43.000000 0.000000 0.000000 0.000000 1.000000 0.000000 -43.000000 1.000000 0 0 0.000000
13 164.069793 2878.433593 -210.875000 0.000000 -171.000000 0.000000 0.000000 0.000000 1.000000 0.000000 -171.000000 1.000000 0 0 0.000000
13 -15.947511 2841.622314 -210.875000 0.000000 -162.000000 0.000000 0.000000 0.000000 1.000000 0.000000 -162.000000 1.000000 0 0 0.000000
13 -178.710739 2864.161621 -210.875000 0.000000 -34.000000 0.000000 0.000000 0.000000 1.000000 0.000000 -34.000000 1.000000 0 0 0.000000
13 -576.966369 2874.041748 -210.875000 0.000000 -40.000000 0.000000 0.000000 0.000000 1.000000 0.000000 -40.000000 1.000000 0 0 0.000000
5 1063.793090 2409.140869 -157.256805 0.000000 -113.000000 0.000000 0.447213 0.000000 0.894427 0.000000 -113.000000 1.000000 0 0 0.000000
13 -258.860687 2874.530273 -210.875000 0.000000 -143.000000 0.000000 0.000000 0.000000 1.000000 0.000000 -143.000000 1.000000 0 0 0.000000
13 -346.805389 2888.137451 -210.875000 0.000000 -159.000000 0.000000 0.000000 0.000000 1.000000 0.000000 -159.000000 1.000000 0 0 0.000000
13 -423.141418 2884.773925 -210.875000 0.000000 -146.000000 0.000000 0.000000 0.000000 1.000000 0.000000 -146.000000 1.000000 0 0 0.000000
13 -504.482086 2885.446777 -210.875000 0.000000 -147.000000 0.000000 0.000000 0.000000 1.000000 0.000000 -147.000000 1.000000 0 0 0.000000
13 -650.969482 2872.547851 -210.875000 0.000000 -15.000000 0.000000 0.000000 0.000000 1.000000 0.000000 -15.000000 1.000000 0 0 0.000000
11 1546.516845 -1036.668212 134.845016 0.000000 113.000000 0.000000 0.000000 0.707106 0.707106 0.000000 113.000000 1.000000 0 0 0.000000
14 1372.381103 -1333.918945 79.125000 0.000000 -88.000000 0.000000 0.000000 0.000000 1.000000 0.000000 -88.000000 1.000000 1 0 0.000000
11 909.356506 -364.727874 104.125000 0.000000 110.000000 0.000000 0.000000 0.000000 1.000000 0.000000 110.000000 1.000000 0 0 0.000000
6 169.490798 2596.862304 -214.875000 0.000000 -156.000000 0.000000 0.000000 0.000000 1.000000 0.000000 -156.000000 1.000000 0 0 0.000000
11 863.314514 -414.956085 120.125000 0.000000 113.000000 0.000000 0.000000 0.000000 1.000000 0.000000 113.000000 1.000000 0 0 0.000000
6 1052.185302 2296.268310 -214.875000 0.000000 5.000000 0.000000 0.000000 0.000000 1.000000 0.000000 5.000000 1.000000 0 0 0.000000
6 884.085815 -496.557495 73.125000 0.000000 -75.000000 0.000000 0.000000 0.000000 1.000000 0.000000 -75.000000 1.000000 0 0 0.000000
