15 -1121.788208 -2921.538330 -176.375000 0.000000 -5.000000 0.000000 0.000000 0.000000 1.000000 0.000000 -5.000000 1.000000 0 0 0.000000
15 -1126.238769 -2995.788085 -176.774993 0.000000 -3.000000 0.000000 0.000000 0.000000 0.000000 0.000000 -3.000000 1.000000 0 0 0.000000
11 -1092.093994 -2242.702636 -119.375000 0.000000 85.000000 0.000000 0.000000 0.000000 1.000000 0.000000 85.000000 1.000000 0 0 0.000000
6 -62.723072 -2625.007812 -150.875000 0.000000 -25.000000 0.000000 0.000000 0.000000 1.000000 0.000000 -25.000000 1.000000 0 0 0.000000
15 32.560127 -2570.859375 -144.875000 0.000000 -10.000000 0.000000 0.000000 0.000000 1.000000 0.000000 -10.000000 1.000000 0 0 0.000000
15 -598.338928 -2410.201416 -144.875000 0.000000 173.000000 0.000000 0.000000 0.000000 1.000000 0.000000 173.000000 1.000000 0 0 0.000000
15 -594.795776 -2481.859130 -144.875000 0.000000 179.000000 0.000000 0.000000 0.000000 1.000000 0.000000 179.000000 1.000000 0 0 0.000000
15 -580.405883 -2559.153076 -144.875000 0.000000 179.000000 0.000000 0.000000 0.000000 1.000000 0.000000 179.000000 1.000000 0 0 0.000000
15 -587.791870 -2645.153808 -144.875000 0.000000 147.000000 0.000000 0.000000 0.000000 1.000000 0.000000 147.000000 1.000000 0 0 0.000000
12 -451.848785 -581.185302 26.362073 0.000000 -89.000000 0.000000 0.000000 0.707106 0.707106 0.000000 -89.000000 1.000000 0 0 0.000000
11 -735.210571 -2888.165527 -151.875000 0.000000 31.000000 0.000000 0.000000 0.000000 1.000000 0.000000 31.000000 1.000000 0 0 0.000000
16 1079.902221 -2844.024902 -432.875000 0.000000 -80.000000 0.000000 0.000000 0.000000 1.000000 0.000000 -80.000000 1.000000 0 0 0.000000
12 1172.497802 -2566.058105 29.125001 0.000000 91.000000 0.000000 0.000000 0.000000 1.000000 0.000000 91.000000 1.000000 2 0 0.000000
11 1352.257202 -2598.581298 88.125000 0.000000 24.000000 0.000000 0.000000 0.000000 1.000000 0.000000 24.000000 1.000000 0 0 0.000000
11 -210.048248 -1357.866943 -407.875000 0.000000 49.000000 0.000000 0.000000 0.000000 1.000000 0.000000 49.000000 1.000000 0 0 0.000000
11 -420.110412 -1376.274780 -407.875000 0.000000 146.000000 0.000000 0.000000 0.000000 1.000000 0.000000 146.000000 1.000000 0 0 0.000000
15 -473.671813 -947.921508 -432.875000 0.000000 178.000000 0.000000 0.000000 0.000000 1.000000 0.000000 178.000000 1.000000 0 0 0.000000
16 1173.875000 -2238.179687 -332.398315 0.000000 -73.000000 0.000000 -1.000000 0.000000 0.000000 0.000000 -73.000000 1.000000 0 0 0.000000
11 684.847656 -2097.070312 -275.875000 0.000000 93.000000 0.000000 0.000000 0.000000 1.000000 0.000000 93.000000 1.000000 0 0 0.000000
11 688.930725 -2140.122070 -288.921325 0.000000 93.000000 0.000000 0.000000 -0.447213 0.894427 0.000000 93.000000 1.000000 0 0 0.000000
6 771.628173 -2207.091796 -374.875000 0.000000 71.000000 0.000000 0.000000 0.000000 1.000000 0.000000 71.000000 1.000000 0 0 0.000000
16 1541.924926 -2450.910400 15.125000 0.000000 88.000000 0.000000 0.000000 0.000000 1.000000 0.000000 88.000000 1.000000 0 0 0.000000
16 1490.956909 -2477.982910 15.125000 0.000000 106.000000 0.000000 0.000000 0.000000 1.000000 0.000000 106.000000 1.000000 0 0 0.000000
16 1589.159301 -2473.547363 15.125000 0.000000 51.000000 0.000000 0.000000 0.000000 1.000000 0.000000 51.000000 1.000000 0 0 0.000000
16 1537.755249 -2531.670898 15.125000 0.000000 89.000000 0.000000 0.000000 0.000000 1.000000 0.000000 89.000000 1.000000 0 0 0.000000
16 1537.592285 -2597.895263 15.125000 0.000000 89.000000 0.000000 0.000000 0.000000 1.000000 0.000000 89.000000 1.000000 0 0 0.000000
15 995.789550 -2554.620361 127.125000 0.000000 0.000000 0.000000 0.000000 0.000000 1.000000 0.000000 0.000000 1.000000 0 0 0.000000
15 918.711669 -3164.228027 -96.875000 0.000000 170.000000 0.000000 0.000000 0.000000 1.000000 0.000000 170.000000 1.000000 0 0 0.000000
6 -1910.569946 -808.795227 9.125000 0.000000 177.000000 0.000000 0.000000 0.000000 1.000000 0.000000 177.000000 1.000000 0 0 0.000000
11 -1496.244018 -870.005126 40.125000 0.000000 179.000000 0.000000 0.000000 0.000000 1.000000 0.000000 179.000000 1.000000 0 0 0.000000
11 -1496.189208 -831.308105 40.125000 0.000000 179.000000 0.000000 0.000000 0.000000 1.000000 0.000000 179.000000 1.000000 0 0 0.000000
11 -1496.104248 -789.235290 40.125000 0.000000 179.000000 0.000000 0.000000 0.000000 1.000000 0.000000 179.000000 1.000000 0 0 0.000000
11 -1496.041259 -752.681457 40.125000 0.000000 179.000000 0.000000 0.000000 0.000000 1.000000 0.000000 179.000000 1.000000 0 0 0.000000
11 -1495.999023 -726.698669 40.125000 0.000000 179.000000 0.000000 0.000000 0.000000 1.000000 0.000000 179.000000 1.000000 0 0 0.000000
6 -1105.096191 -775.550964 9.125000 0.000000 0.000000 0.000000 0.000000 0.000000 1.000000 0.000000 0.000000 1.000000 0 0 0.000000
13 -339.569396 -879.404296 -146.875000 0.000000 -94.000000 0.000000 0.000000 0.000000 1.000000 0.000000 -94.000000 1.000000 0 0 0.000000
1 -283.125000 -788.308959 16.875000 0.000000 85.000000 -179.000000 0.000000 0.000000 -1.000000 0.000000 85.000000 0.000000 0 0 0.000000
13 -487.896881 -878.854675 -146.875000 0.000000 -92.000000 0.000000 0.000000 0.000000 1.000000 0.000000 -92.000000 1.000000 0 0 0.000000
13 -416.048522 -880.026611 -146.875000 0.000000 -91.000000 0.000000 0.000000 0.000000 1.000000 0.000000 -91.000000 1.000000 0 0 0.000000
13 -266.206512 -883.358947 -146.875000 0.000000 -94.000000 0.000000 0.000000 0.000000 1.000000 0.000000 -94.000000 1.000000 0 0 0.000000
16 -346.480285 -934.163146 -144.875000 0.000000 86.000000 0.000000 0.000000 0.000000 1.000000 0.000000 86.000000 1.000000 0 0 0.000000
15 -482.220825 -976.060424 -144.875000 0.000000 87.000000 0.000000 0.000000 0.000000 1.000000 0.000000 87.000000 1.000000 0 0 0.000000
11 -536.723754 -1010.671447 -407.875000 0.000000 177.000000 0.000000 0.000000 0.000000 1.000000 0.000000 177.000000 1.000000 0 0 0.000000
11 -536.361145 -1080.390747 -407.875000 0.000000 177.000000 0.000000 0.000000 0.000000 1.000000 0.000000 177.000000 1.000000 0 0 0.000000
9 -283.303283 -790.330871 -155.875000 0.000000 34.000000 0.000000 0.000000 0.000000 1.000000 0.000000 34.000000 1.000000 0 0 0.000000
11 -548.601440 -1003.147949 -119.875000 0.000000 128.000000 0.000000 0.000000 0.000000 1.000000 0.000000 128.000000 1.000000 0 0 0.000000
16 -547.040161 -1066.350341 -144.875000 0.000000 159.000000 0.000000 0.000000 0.000000 1.000000 0.000000 159.000000 1.000000 0 0 0.000000
15 -456.379150 -1093.222290 -144.875000 0.000000 -179.000000 0.000000 0.000000 0.000000 1.000000 0.000000 -179.000000 1.000000 0 0 0.000000
16 -488.573364 -877.755432 -84.750000 0.000000 -87.000000 0.000000 0.000000 0.000000 1.000000 0.000000 -87.000000 1.000000 0 0 0.000000
11 -244.762649 -1326.070190 -407.875000 0.000000 -89.000000 0.000000 0.000000 0.000000 1.000000 0.000000 -89.000000 1.000000 0 0 0.000000
11 -296.804687 -1326.122680 -407.875000 0.000000 -91.000000 0.000000 0.000000 0.000000 1.000000 0.000000 -91.000000 1.000000 0 0 0.000000
11 -352.898284 -1320.440307 -407.875000 0.000000 -95.000000 0.000000 0.000000 0.000000 1.000000 0.000000 -95.000000 1.000000 0 0 0.000000
11 -400.524383 -1324.705078 -407.875000 0.000000 -94.000000 0.000000 0.000000 0.000000 1.000000 0.000000 -94.000000 1.000000 0 0 0.000000
15 -326.343780 -1710.379028 -432.875000 0.000000 87.000000 0.000000 0.000000 0.000000 1.000000 0.000000 87.000000 1.000000 0 0 0.000000
16 -527.321655 -1141.881591 -394.875000 0.000000 166.000000 0.000000 0.000000 0.000000 1.000000 0.000000 166.000000 1.000000 0 0 0.000000
13 -317.530853 -1496.167724 -434.875000 0.000000 88.000000 0.000000 0.000000 0.000000 1.000000 0.000000 88.000000 1.000000 0 0 0.000000
13 -433.587280 -1538.763916 -398.235931 0.000000 -95.000000 0.000000 0.707106 0.000000 0.707106 0.000000 -95.000000 1.000000 0 0 0.000000
13 -205.859207 -1532.247802 -397.682434 0.000000 84.000000 0.000000 -0.707106 0.000000 0.707106 0.000000 84.000000 1.000000 0 0 0.000000
6 -320.159240 -1578.209228 -438.875000 0.000000 87.000000 0.000000 0.000000 0.000000 1.000000 0.000000 87.000000 1.000000 0 0 0.000000
15 -397.922485 -1898.943969 -432.875000 0.000000 94.000000 0.000000 0.000000 0.000000 1.000000 0.000000 94.000000 1.000000 0 0 0.000000
15 -244.494049 -1893.812133 -432.875000 0.000000 89.000000 0.000000 0.000000 0.000000 1.000000 0.000000 89.000000 1.000000 0 0 0.000000
11 -315.622314 -1901.819946 -407.875000 0.000000 -92.000000 0.000000 0.000000 0.000000 1.000000 0.000000 -92.000000 1.000000 0 0 0.000000
16 -312.395385 -2069.763916 -432.875000 0.000000 85.000000 0.000000 0.000000 0.000000 1.000000 0.000000 85.000000 1.000000 0 0 0.000000
16 -436.222045 -1938.096801 -400.658233 0.000000 142.000000 0.000000 0.577350 -0.577350 0.577350 0.000000 142.000000 1.000000 0 0 0.000000
15 -161.142501 -1912.184570 -392.875000 0.000000 -61.000000 0.000000 0.000000 0.000000 1.000000 0.000000 -61.000000 1.000000 0 0 0.000000
15 -952.158142 -1164.537231 -432.875000 0.000000 83.000000 0.000000 0.000000 0.000000 1.000000 0.000000 83.000000 1.000000 0 0 0.000000
15 -1060.551269 -1160.431396 -432.875000 0.000000 83.000000 0.000000 0.000000 0.000000 1.000000 0.000000 83.000000 1.000000 0 0 0.000000
16 -773.829467 -1213.436035 -396.875000 0.000000 28.000000 0.000000 0.000000 0.000000 1.000000 0.000000 28.000000 1.000000 0 0 0.000000
16 -774.108947 -1265.115844 -396.707458 0.000000 59.000000 0.000000 0.000000 0.707106 0.707106 0.000000 59.000000 1.000000 0 0 0.000000
13 -1256.189941 -1220.444946 -418.667419 0.000000 58.000000 0.000000 0.351123 0.000000 0.936329 0.000000 58.000000 1.000000 0 0 0.000000
13 -1261.422241 -1327.263916 -416.705291 0.000000 -53.000000 0.000000 0.351123 0.000000 0.936329 0.000000 -53.000000 1.000000 0 0 0.000000
13 -1248.010742 -1279.151123 -356.580291 0.000000 -5.000000 0.000000 0.000000 0.000000 1.000000 0.000000 -5.000000 1.000000 0 0 0.000000
14 -1149.215820 -1269.813354 -280.875000 0.000000 81.000000 0.000000 0.000000 0.000000 1.000000 0.000000 81.000000 1.000000 0 0 0.000000
15 -39.085521 -2142.085449 -432.875000 0.000000 -1.000000 0.000000 0.000000 0.000000 1.000000 0.000000 -1.000000 1.000000 0 0 0.000000
15 -41.402755 -2276.689697 -432.875000 0.000000 0.000000 0.000000 0.000000 0.000000 1.000000 0.000000 0.000000 1.000000 0 0 0.000000
11 -45.763198 -2211.094726 -407.875000 0.000000 -4.000000 0.000000 0.000000 0.000000 1.000000 0.000000 -4.000000 1.000000 0 0 0.000000
16 420.600311 -2005.380004 -304.875000 0.000000 89.000000 0.000000 0.000000 0.000000 1.000000 0.000000 89.000000 1.000000 0 0 0.000000
15 484.951385 -2168.491943 -432.875000 0.000000 29.000000 0.000000 0.000000 0.000000 1.000000 0.000000 29.000000 1.000000 0 0 0.000000
16 18.418333 -2216.100830 -432.875000 0.000000 177.000000 0.000000 0.000000 0.000000 1.000000 0.000000 177.000000 1.000000 0 0 0.000000
15 466.765533 -2350.318603 -432.875000 0.000000 -45.000000 0.000000 0.000000 0.000000 1.000000 0.000000 -45.000000 1.000000 0 0 0.000000
15 405.398284 -2500.908447 -432.875000 0.000000 12.000000 0.000000 0.000000 0.000000 1.000000 0.000000 12.000000 1.000000 0 0 0.000000
15 318.212677 -2498.119140 -432.875000 0.000000 -92.000000 0.000000 0.000000 0.000000 1.000000 0.000000 -92.000000 1.000000 0 0 0.000000
15 230.257232 -2508.189697 -432.875000 0.000000 79.000000 0.000000 0.000000 0.000000 1.000000 0.000000 79.000000 1.000000 0 0 0.000000
15 334.520782 -2354.394287 -432.875000 0.000000 -93.000000 0.000000 0.000000 0.000000 1.000000 0.000000 -93.000000 1.000000 0 0 0.000000
16 -615.888061 -1666.215087 -432.875000 0.000000 -179.000000 0.000000 0.000000 0.000000 1.000000 0.000000 -179.000000 1.000000 0 0 0.000000
16 -644.323669 -1642.399902 -392.750000 0.000000 -179.000000 0.000000 0.000000 0.000000 1.000000 0.000000 -179.000000 1.000000 0 0 0.000000
16 -669.215026 -1624.192871 -432.875000 0.000000 176.000000 0.000000 0.000000 0.000000 1.000000 0.000000 176.000000 1.000000 0 0 0.000000
16 -632.752380 -1686.331420 -392.750000 0.000000 -175.000000 0.000000 0.000000 0.000000 1.000000 0.000000 -175.000000 1.000000 0 0 0.000000
16 -840.007263 -1518.023925 -368.874969 0.000000 73.000000 0.000000 0.000000 0.000000 1.000000 0.000000 73.000000 1.000000 0 0 0.000000
15 -509.096313 -2239.848388 -432.875000 0.000000 139.000000 0.000000 0.000000 0.000000 1.000000 0.000000 139.000000 1.000000 0 0 0.000000
14 -516.639953 -2238.410400 -330.750000 0.000000 -157.000000 0.000000 0.000000 0.000000 1.000000 0.000000 -157.000000 1.000000 0 0 0.000000
1 -509.252593 -2160.946777 -432.875000 0.000000 150.000000 0.000000 0.000000 0.000000 1.000000 0.000000 150.000000 1.000000 0 0 0.000000
15 404.384155 -3001.788574 -432.875000 0.000000 -91.000000 0.000000 0.000000 0.000000 1.000000 0.000000 -91.000000 1.000000 0 0 0.000000
15 276.120025 -3001.500488 -432.875000 0.000000 -91.000000 0.000000 0.000000 0.000000 1.000000 0.000000 -91.000000 1.000000 0 0 0.000000
11 340.064666 -3079.461425 -407.875000 0.000000 87.000000 0.000000 0.000000 0.000000 1.000000 0.000000 87.000000 1.000000 0 0 0.000000
14 199.338790 -2843.961425 -440.875000 0.000000 -144.000000 0.000000 0.000000 0.000000 1.000000 0.000000 -144.000000 1.000000 0 0 0.000000
11 840.078247 -3299.253906 -407.875000 0.000000 0.000000 0.000000 0.000000 0.000000 1.000000 0.000000 0.000000 1.000000 0 0 0.000000
11 840.886657 -3188.201904 -407.875000 0.000000 -2.000000 0.000000 0.000000 0.000000 1.000000 0.000000 -2.000000 1.000000 0 0 0.000000
11 845.221313 -3139.107177 -407.875000 0.000000 -2.000000 0.000000 0.000000 0.000000 1.000000 0.000000 -2.000000 1.000000 0 0 0.000000
11 840.240173 -3091.013427 -391.875000 0.000000 0.000000 0.000000 0.000000 0.000000 1.000000 0.000000 0.000000 1.000000 0 0 0.000000
1 744.377136 -3098.195068 -432.875000 0.000000 12.000000 0.000000 0.000000 0.000000 1.000000 0.000000 12.000000 1.000000 0 0 0.000000
1 786.729370 -3296.418945 -432.875000 0.000000 -49.000000 0.000000 0.000000 0.000000 1.000000 0.000000 -49.000000 1.000000 0 0 0.000000
11 842.732727 -3239.884765 -407.875000 0.000000 -2.000000 0.000000 0.000000 0.000000 1.000000 0.000000 -2.000000 1.000000 0 0 0.000000
1 533.558654 -3290.602294 -432.875000 0.000000 -16.000000 0.000000 0.000000 0.000000 1.000000 0.000000 -16.000000 1.000000 0 0 0.000000
16 547.057861 -3346.944091 -430.879272 0.000000 -91.000000 0.000000 0.000000 0.707106 0.707106 0.000000 -91.000000 1.000000 0 0 0.000000
16 600.417297 -3344.349609 -432.875000 0.000000 -89.000000 0.000000 0.000000 0.000000 1.000000 0.000000 -89.000000 1.000000 0 0 0.000000
14 1088.822998 -2977.941406 -280.875000 0.000000 89.000000 0.000000 0.000000 0.000000 1.000000 0.000000 89.000000 1.000000 0 0 0.000000
16 495.820434 -3333.628173 -420.194824 0.000000 -84.000000 0.000000 0.000000 0.707106 0.707106 0.000000 -84.000000 1.000000 0 0 0.000000
11 1135.044067 -3029.611816 -407.875000 0.000000 66.000000 0.000000 0.000000 0.000000 1.000000 0.000000 66.000000 1.000000 0 0 0.000000
16 257.401611 -3113.162841 -432.875000 0.000000 64.000000 0.000000 0.000000 0.000000 1.000000 0.000000 64.000000 1.000000 0 0 0.000000
9 892.858642 -3082.699951 -347.750000 0.000000 71.000000 0.000000 0.000000 0.000000 1.000000 0.000000 71.000000 1.000000 1 0 0.000000
9 971.239379 -3083.683105 -337.625000 0.000000 18.000000 0.000000 0.000000 0.000000 1.000000 0.000000 18.000000 1.000000 2 0 0.000000
9 1033.378906 -3078.355712 -327.500000 0.000000 6.000000 0.000000 0.000000 0.000000 1.000000 0.000000 6.000000 1.000000 3 0 0.000000
15 186.131683 -3324.410400 -400.875000 0.000000 -136.000000 0.000000 0.000000 0.000000 1.000000 0.000000 -136.000000 1.000000 0 0 0.000000
15 736.729431 -2091.024902 -320.875000 0.000000 84.000000 0.000000 0.000000 0.000000 1.000000 0.000000 84.000000 1.000000 0 0 0.000000
13 855.509643 -1729.507690 -240.926315 0.000000 -1.000000 0.000000 -0.351123 0.000000 0.936329 0.000000 -1.000000 1.000000 0 0 0.000000
14 844.795593 -1723.732788 -186.801315 0.000000 177.000000 0.000000 0.000000 0.000000 1.000000 0.000000 177.000000 1.000000 0 0 0.000000
6 707.015747 -1791.375000 -278.875000 0.000000 103.000000 0.000000 0.000000 0.000000 1.000000 0.000000 103.000000 1.000000 0 0 0.000000
6 1219.637207 -1824.487182 -112.933776 0.000000 87.000000 0.000000 0.000000 0.351123 0.936329 0.000000 87.000000 1.000000 0 0 0.000000
14 1219.834350 -2250.063232 7.125000 0.000000 -93.000000 0.000000 0.000000 0.000000 1.000000 0.000000 -93.000000 1.000000 0 0 0.000000
13 1247.505615 -2163.222412 13.125000 0.000000 91.000000 0.000000 0.000000 0.000000 1.000000 0.000000 91.000000 1.000000 0 0 0.000000
11 313.784088 -2587.312011 -407.875000 0.000000 81.000000 0.000000 0.000000 0.000000 1.000000 0.000000 81.000000 1.000000 0 0 0.000000
16 303.217742 -2662.329101 -432.875000 0.000000 81.000000 0.000000 0.000000 0.000000 1.000000 0.000000 81.000000 1.000000 0 0 0.000000
15 1036.473999 -2291.052490 -432.875000 0.000000 176.000000 0.000000 0.000000 0.000000 1.000000 0.000000 176.000000 1.000000 0 0 0.000000
15 1041.044921 -2203.918457 -432.875000 0.000000 176.000000 0.000000 0.000000 0.000000 1.000000 0.000000 176.000000 1.000000 0 0 0.000000
15 1040.342529 -2103.430908 -368.875000 0.000000 177.000000 0.000000 0.000000 0.000000 1.000000 0.000000 177.000000 1.000000 0 0 0.000000
11 1059.030151 -2264.851806 -297.750000 0.000000 176.000000 0.000000 0.000000 0.000000 1.000000 0.000000 176.000000 1.000000 0 0 0.000000
11 1059.015380 -2313.295410 -297.750000 0.000000 -177.000000 0.000000 0.000000 0.000000 1.000000 0.000000 -177.000000 1.000000 0 0 0.000000
15 888.345947 -2291.277343 -368.875000 0.000000 134.000000 0.000000 0.000000 0.000000 1.000000 0.000000 134.000000 1.000000 0 0 0.000000
15 896.748168 -2202.881835 -368.875000 0.000000 173.000000 0.000000 0.000000 0.000000 1.000000 0.000000 173.000000 1.000000 0 0 0.000000
15 885.647644 -2113.649169 -360.875000 0.000000 27.000000 0.000000 0.000000 0.000000 1.000000 0.000000 27.000000 1.000000 0 0 0.000000
11 970.108154 -2403.003906 -343.875000 0.000000 -10.000000 0.000000 0.000000 0.000000 1.000000 0.000000 -10.000000 1.000000 0 0 0.000000
11 801.844116 -2077.210449 -259.875000 0.000000 89.000000 0.000000 0.000000 0.000000 1.000000 0.000000 89.000000 1.000000 0 0 0.000000
11 674.027404 -2072.931884 -256.201843 0.000000 62.000000 0.000000 0.688247 0.229415 0.688247 0.000000 62.000000 1.000000 0 0 0.000000
15 815.738037 -2307.649169 -258.750000 0.000000 179.000000 0.000000 0.000000 0.000000 1.000000 0.000000 179.000000 1.000000 0 0 0.000000
15 815.738037 -2218.701904 -258.750000 0.000000 179.000000 0.000000 0.000000 0.000000 1.000000 0.000000 179.000000 1.000000 0 0 0.000000
15 867.256652 -2116.311523 -250.750000 0.000000 166.000000 0.000000 0.000000 0.000000 1.000000 0.000000 166.000000 1.000000 0 0 0.000000
11 672.770202 -2118.173828 -246.593414 0.000000 71.000000 0.000000 0.707106 0.000000 0.707106 0.000000 71.000000 1.000000 0 0 0.000000
14 740.357666 -2389.365234 -152.875000 0.000000 -178.000000 0.000000 0.000000 0.000000 1.000000 0.000000 -178.000000 1.000000 0 0 0.000000
11 806.259155 -2086.113281 -259.875000 0.000000 60.000000 0.000000 0.000000 0.000000 1.000000 0.000000 60.000000 1.000000 0 0 0.000000
11 811.218872 -2107.806396 -343.875000 0.000000 36.000000 0.000000 0.000000 0.000000 1.000000 0.000000 36.000000 1.000000 0 0 0.000000
11 817.975769 -2110.037597 -263.750000 0.000000 50.000000 0.000000 0.000000 0.000000 1.000000 0.000000 50.000000 1.000000 0 0 0.000000
11 744.557800 -2348.628662 -343.875000 0.000000 -66.000000 0.000000 0.000000 0.000000 1.000000 0.000000 -66.000000 1.000000 0 0 0.000000
11 1506.593750 -1754.800415 40.125000 0.000000 108.000000 0.000000 0.000000 0.000000 1.000000 0.000000 108.000000 1.000000 0 0 0.000000
16 -663.668945 -1699.669433 -432.875000 0.000000 -175.000000 0.000000 0.000000 0.000000 1.000000 0.000000 -175.000000 1.000000 0 0 0.000000
16 -650.986877 -1663.883300 -432.875000 0.000000 179.000000 0.000000 0.000000 0.000000 1.000000 0.000000 179.000000 1.000000 0 0 0.000000
16 -695.757507 -1663.810546 -432.875000 0.000000 179.000000 0.000000 0.000000 0.000000 1.000000 0.000000 179.000000 1.000000 0 0 0.000000
16 -732.444763 -1662.693725 -432.875000 0.000000 179.000000 0.000000 0.000000 0.000000 1.000000 0.000000 179.000000 1.000000 0 0 0.000000
16 -783.136474 -1662.588012 -432.875000 0.000000 179.000000 0.000000 0.000000 0.000000 1.000000 0.000000 179.000000 1.000000 0 0 0.000000
13 -1060.259033 -1108.248535 -322.875000 0.000000 149.000000 0.000000 0.000000 0.000000 1.000000 0.000000 149.000000 1.000000 0 0 0.000000
10 -918.865173 -1050.515869 -296.870300 0.000000 36.000000 0.000000 0.220260 0.000000 0.975440 0.000000 36.000000 1.000000 0 0 0.000000
16 -1030.455932 -1068.296875 -260.750000 0.000000 127.000000 0.000000 0.000000 0.000000 1.000000 0.000000 127.000000 1.000000 0 0 0.000000
16 -1119.524047 -1155.684814 -432.875000 0.000000 -138.000000 0.000000 0.000000 0.000000 1.000000 0.000000 -138.000000 1.000000 0 0 0.000000
16 -1014.839904 -1066.150390 -220.625000 0.000000 31.000000 0.000000 0.000000 0.000000 1.000000 0.000000 31.000000 1.000000 0 0 0.000000
16 -1041.068359 -1047.116577 -220.625000 0.000000 61.000000 0.000000 0.000000 0.000000 1.000000 0.000000 61.000000 1.000000 0 0 0.000000
11 -1005.310485 -926.644165 -119.875000 0.000000 -178.000000 0.000000 0.000000 0.000000 1.000000 0.000000 -178.000000 1.000000 0 0 0.000000
11 -1005.990539 -877.900573 -119.875000 0.000000 -178.000000 0.000000 0.000000 0.000000 1.000000 0.000000 -178.000000 1.000000 0 0 0.000000
14 -1420.112182 -886.256103 -296.875000 0.000000 169.000000 0.000000 0.000000 0.000000 1.000000 0.000000 169.000000 1.000000 0 0 0.000000
16 -982.240173 -1070.269897 -144.875000 0.000000 147.000000 0.000000 0.000000 0.000000 1.000000 0.000000 147.000000 1.000000 0 0 0.000000
15 -1106.704101 -1212.873413 -144.875000 0.000000 -173.000000 0.000000 0.000000 0.000000 1.000000 0.000000 -173.000000 1.000000 0 0 0.000000
15 -1007.972595 -1236.303955 -144.875000 0.000000 -132.000000 0.000000 0.000000 0.000000 1.000000 0.000000 -132.000000 1.000000 0 0 0.000000
15 -925.800964 -1327.661010 -144.875000 0.000000 -124.000000 0.000000 0.000000 0.000000 1.000000 0.000000 -124.000000 1.000000 0 0 0.000000
15 -811.377014 -1255.446533 -108.376731 0.000000 -26.000000 0.000000 0.000000 0.707106 0.707106 0.000000 -26.000000 1.000000 0 0 0.000000
15 -803.105651 -1271.689819 -107.513076 0.000000 0.000000 0.000000 0.000000 -0.707106 0.707106 0.000000 0.000000 1.000000 0 0 0.000000
15 -831.207092 -1131.437011 -104.386283 0.000000 17.000000 0.000000 0.000000 0.707106 0.707106 0.000000 17.000000 1.000000 0 0 0.000000
15 -829.535766 -1137.111694 -104.934928 0.000000 14.000000 0.000000 0.000000 -0.707106 0.707106 0.000000 14.000000 1.000000 0 0 0.000000
14 -938.585937 -1156.568359 -156.875000 0.000000 -75.000000 0.000000 0.000000 0.000000 1.000000 0.000000 -75.000000 1.000000 0 0 0.000000
14 -933.125915 -901.813476 -152.875000 0.000000 0.000000 0.000000 0.000000 0.000000 1.000000 0.000000 0.000000 1.000000 0 0 0.000000
14 -897.118957 -1242.934448 -152.875000 0.000000 -66.000000 0.000000 0.000000 0.000000 1.000000 0.000000 -66.000000 1.000000 0 0 0.000000
14 -893.044128 -1092.178833 -145.750000 0.000000 53.000000 0.000000 0.000000 0.000000 1.000000 0.000000 53.000000 1.000000 0 0 0.000000
11 1564.534912 -1751.664062 40.125000 0.000000 77.000000 0.000000 0.000000 0.000000 1.000000 0.000000 77.000000 1.000000 0 0 0.000000
16 1529.340332 -1659.773803 15.125000 0.000000 -90.000000 0.000000 0.000000 0.000000 1.000000 0.000000 -90.000000 1.000000 0 0 0.000000
11 1342.818969 -2540.274902 136.125000 0.000000 -1.000000 0.000000 0.000000 0.000000 1.000000 0.000000 -1.000000 1.000000 0 0 0.000000
10 1318.142211 -3085.313476 -75.875007 0.000000 -88.000000 0.000000 0.000000 0.000000 1.000000 0.000000 -88.000000 1.000000 0 0 0.000000
13 1187.560302 -3168.752929 77.125000 0.000000 -2.000000 0.000000 0.000000 0.000000 1.000000 0.000000 -2.000000 1.000000 0 0 0.000000
13 993.272827 -3175.056640 77.125000 0.000000 175.000000 0.000000 0.000000 0.000000 1.000000 0.000000 175.000000 1.000000 0 0 0.000000
16 1328.790283 -2563.624267 191.250000 0.000000 -2.000000 0.000000 0.000000 0.000000 1.000000 0.000000 -2.000000 1.000000 0 0 0.000000
14 1039.791870 -3048.926757 319.125000 0.000000 -90.000000 0.000000 0.000000 0.000000 1.000000 0.000000 -90.000000 1.000000 0 0 0.000000
9 -280.690277 -1080.128662 -155.875000 0.000000 47.000000 0.000000 0.000000 0.000000 1.000000 0.000000 47.000000 1.000000 4 0 0.000000
9 -381.359741 -2136.595214 -155.875000 0.000000 77.000000 0.000000 0.000000 0.000000 1.000000 0.000000 77.000000 1.000000 4 0 0.000000
15 -503.963684 -1969.439941 -144.875000 0.000000 90.000000 0.000000 0.000000 0.000000 1.000000 0.000000 90.000000 1.000000 0 0 0.000000
15 -392.491485 -1969.207275 -144.875000 0.000000 90.000000 0.000000 0.000000 0.000000 1.000000 0.000000 90.000000 1.000000 0 0 0.000000
15 -427.029388 -1290.162109 -144.875000 0.000000 91.000000 0.000000 0.000000 0.000000 1.000000 0.000000 91.000000 1.000000 0 0 0.000000
15 -339.802215 -1286.686889 -144.875000 0.000000 91.000000 0.000000 0.000000 0.000000 1.000000 0.000000 91.000000 1.000000 0 0 0.000000
14 -460.873687 -2391.971435 -152.875000 0.000000 85.000000 0.000000 0.000000 0.000000 1.000000 0.000000 85.000000 1.000000 0 0 0.000000
11 -368.277160 -2047.824340 -119.875000 0.000000 12.000000 0.000000 0.000000 0.000000 1.000000 0.000000 12.000000 1.000000 0 0 0.000000
11 -438.324218 -2074.189697 -119.875000 0.000000 75.000000 0.000000 0.000000 0.000000 1.000000 0.000000 75.000000 1.000000 0 0 0.000000
11 -452.319091 -2166.103759 -119.875000 0.000000 81.000000 0.000000 0.000000 0.000000 1.000000 0.000000 81.000000 1.000000 0 0 0.000000
11 -422.898284 -2216.462402 -119.875000 0.000000 70.000000 0.000000 0.000000 0.000000 1.000000 0.000000 70.000000 1.000000 0 0 0.000000
11 -377.279174 -2233.144775 -119.875000 0.000000 46.000000 0.000000 0.000000 0.000000 1.000000 0.000000 46.000000 1.000000 0 0 0.000000
11 -461.678314 -2118.982910 -119.875000 0.000000 -40.000000 0.000000 0.000000 0.000000 1.000000 0.000000 -40.000000 1.000000 0 0 0.000000
15 -304.152984 -2085.201904 -112.875000 0.000000 33.000000 0.000000 0.000000 0.000000 1.000000 0.000000 33.000000 1.000000 0 0 0.000000
15 -297.365081 -2195.089111 -112.875000 0.000000 -26.000000 0.000000 0.000000 0.000000 1.000000 0.000000 -26.000000 1.000000 0 0 0.000000
9 1779.136596 -1010.110473 -131.875000 0.000000 -3.000000 0.000000 0.000000 0.000000 1.000000 0.000000 -3.000000 1.000000 5 0 0.000000
6 1711.447143 -1612.781005 -84.270385 0.000000 -77.000000 0.000000 0.707106 0.000000 0.707106 0.000000 -77.000000 1.000000 0 0 0.000000
9 1823.558349 -1737.759521 4.125000 0.000000 -13.000000 0.000000 0.000000 0.000000 1.000000 0.000000 -13.000000 1.000000 5 0 0.000000
9 1407.960327 -971.000366 4.125000 0.000000 127.000000 0.000000 0.000000 0.000000 1.000000 0.000000 127.000000 1.000000 6 0 0.000000
15 1836.562255 -1339.774780 15.125000 0.000000 -90.000000 0.000000 0.000000 0.000000 1.000000 0.000000 -90.000000 1.000000 0 0 0.000000
15 1736.845947 -1339.523315 15.125001 0.000000 -91.000000 0.000000 0.000000 0.000000 1.000000 0.000000 -91.000000 1.000000 0 0 0.000000
15 1630.420654 -1339.213500 15.125000 0.000000 -91.000000 0.000000 0.000000 0.000000 1.000000 0.000000 -91.000000 1.000000 0 0 0.000000
15 1522.395141 -1338.898559 15.125000 0.000000 -91.000000 0.000000 0.000000 0.000000 1.000000 0.000000 -91.000000 1.000000 0 0 0.000000
15 1422.131103 -1338.601196 15.125000 0.000000 -91.000000 0.000000 0.000000 0.000000 1.000000 0.000000 -91.000000 1.000000 0 0 0.000000
15 1339.065551 -1336.143066 117.392684 0.000000 -117.000000 0.000000 0.882352 0.000000 0.470588 0.000000 -117.000000 1.000000 0 0 0.000000
15 1718.362915 -1017.725830 -72.875000 0.000000 168.000000 0.000000 0.000000 0.000000 1.000000 0.000000 168.000000 1.000000 0 0 0.000000
16 1813.635009 -1028.521484 -110.750000 0.000000 -39.000000 0.000000 0.000000 0.000000 1.000000 0.000000 -39.000000 1.000000 0 0 0.000000
6 1629.633300 -1109.326904 -126.875000 0.000000 -85.000000 0.000000 0.000000 0.000000 1.000000 0.000000 -85.000000 1.000000 0 0 0.000000
6 1826.870483 -1342.355346 -99.693702 0.000000 90.000000 0.000000 0.707106 0.000000 0.707106 0.000000 90.000000 1.000000 0 0 0.000000
15 1660.200805 -1188.021240 -48.875000 0.000000 -81.000000 0.000000 0.000000 0.000000 1.000000 0.000000 -81.000000 1.000000 0 0 0.000000
15 1795.718750 -1464.365356 -84.874557 0.000000 -105.000000 0.000000 0.000000 0.000000 1.000000 0.000000 -105.000000 1.000000 0 0 0.000000
15 1711.071289 -1259.162231 -56.875000 0.000000 -162.000000 0.000000 0.000000 0.000000 1.000000 0.000000 -162.000000 1.000000 0 0 0.000000
9 1783.110229 -1683.247680 -131.875000 0.000000 -35.000000 0.000000 0.000000 0.000000 1.000000 0.000000 -35.000000 1.000000 6 0 0.000000
15 1728.950317 -1281.588378 -80.875000 0.000000 -151.000000 0.000000 0.000000 0.000000 1.000000 0.000000 -151.000000 1.000000 0 0 0.000000
15 1364.062255 -1370.365966 31.125000 0.000000 116.000000 0.000000 0.000000 0.000000 1.000000 0.000000 116.000000 1.000000 0 0 0.000000
15 1435.549438 -1357.774780 141.250000 0.000000 89.000000 0.000000 0.000000 0.000000 1.000000 0.000000 89.000000 1.000000 0 0 0.000000
15 1522.150756 -1359.294799 125.250000 0.000000 85.000000 0.000000 0.000000 0.000000 1.000000 0.000000 85.000000 1.000000 0 0 0.000000
15 1625.683593 -1360.929321 125.250000 0.000000 85.000000 0.000000 0.000000 0.000000 1.000000 0.000000 85.000000 1.000000 0 0 0.000000
15 1723.569335 -1351.670898 125.250000 0.000000 85.000000 0.000000 0.000000 0.000000 1.000000 0.000000 85.000000 1.000000 0 0 0.000000
15 1811.128662 -1358.336914 125.250000 0.000000 85.000000 0.000000 0.000000 0.000000 1.000000 0.000000 85.000000 1.000000 0 0 0.000000
15 1724.275878 -1348.466308 235.375000 0.000000 84.000000 0.000000 0.000000 0.000000 1.000000 0.000000 84.000000 1.000000 0 0 0.000000
15 1507.783203 -1383.737792 255.125000 0.000000 86.000000 0.000000 0.000000 0.000000 1.000000 0.000000 86.000000 1.000000 0 0 0.000000
15 1356.753906 -1349.770874 227.517684 0.000000 95.000000 0.000000 0.000000 0.000000 1.000000 0.000000 95.000000 1.000000 0 0 0.000000
15 1594.942016 -1366.739257 125.250000 0.000000 83.000000 0.000000 0.000000 0.000000 1.000000 0.000000 83.000000 1.000000 0 0 0.000000
15 1671.541625 -1364.859863 235.375000 0.000000 101.000000 0.000000 0.000000 0.000000 1.000000 0.000000 101.000000 1.000000 0 0 0.000000
15 1791.861938 -1365.446411 235.375000 0.000000 72.000000 0.000000 0.000000 0.000000 1.000000 0.000000 72.000000 1.000000 0 0 0.000000
6 1153.125732 -1092.751708 9.125000 0.000000 -178.000000 0.000000 0.000000 0.000000 1.000000 0.000000 -178.000000 1.000000 0 0 0.000000
13 1001.478393 -1143.931396 13.125000 0.000000 -163.000000 0.000000 0.000000 0.000000 1.000000 0.000000 -163.000000 1.000000 0 0 0.000000
11 903.057312 -902.077514 40.125000 0.000000 76.000000 0.000000 0.000000 0.000000 1.000000 0.000000 76.000000 1.000000 0 0 0.000000
11 851.947509 -903.948547 40.125000 0.000000 89.000000 0.000000 0.000000 0.000000 1.000000 0.000000 89.000000 1.000000 0 0 0.000000
11 812.538208 -903.938232 40.125000 0.000000 89.000000 0.000000 0.000000 0.000000 1.000000 0.000000 89.000000 1.000000 0 0 0.000000
16 875.327331 -811.419494 15.125000 0.000000 -94.000000 0.000000 0.000000 0.000000 1.000000 0.000000 -94.000000 1.000000 0 0 0.000000
15 624.404724 -510.272491 15.125000 0.000000 -179.000000 0.000000 0.000000 0.000000 1.000000 0.000000 -179.000000 1.000000 0 0 0.000000
14 65.348243 -1285.137573 49.960178 0.000000 8.000000 0.000000 0.000000 0.000000 1.000000 0.000000 8.000000 1.000000 0 0 0.000000
11 -214.177825 -491.979736 40.125000 0.000000 177.000000 0.000000 0.000000 0.000000 1.000000 0.000000 177.000000 1.000000 0 0 0.000000
11 -216.981689 -544.532226 40.125000 0.000000 177.000000 0.000000 0.000000 0.000000 1.000000 0.000000 177.000000 1.000000 0 0 0.000000
14 -511.918273 -509.706512 7.125000 0.000000 0.000000 0.000000 0.000000 0.000000 1.000000 0.000000 0.000000 1.000000 0 0 0.000000
12 -693.658935 -510.138488 13.125000 0.000000 0.000000 0.000000 0.000000 0.000000 1.000000 0.000000 0.000000 1.000000 2 0 0.000000
15 -594.900207 -503.179016 15.125000 0.000000 -36.000000 0.000000 0.000000 0.000000 1.000000 0.000000 -36.000000 1.000000 0 0 0.000000
11 -574.911804 -427.956787 50.219982 0.000000 1.000000 0.000000 0.000000 -0.707106 0.707106 0.000000 1.000000 1.000000 0 0 0.000000
11 -552.719482 -590.853454 45.030231 0.000000 1.000000 0.000000 0.000000 0.707106 0.707106 0.000000 1.000000 1.000000 0 0 0.000000
15 -578.022033 -592.364501 100.155235 0.000000 -177.000000 0.000000 0.000000 0.000000 1.000000 0.000000 -177.000000 1.000000 0 0 0.000000
15 -583.925537 -424.171508 47.125000 0.000000 167.000000 0.000000 0.000000 0.000000 1.000000 0.000000 167.000000 1.000000 0 0 0.000000
16 -536.158935 -509.784790 26.250000 0.000000 137.000000 0.000000 0.000000 0.000000 1.000000 0.000000 137.000000 1.000000 0 0 0.000000
14 -66.323234 -746.454528 124.500007 0.000000 106.000000 0.000000 0.707106 0.000000 0.707106 0.000000 106.000000 1.000000 0 0 0.000000
16 -457.814788 -1826.327148 -144.875000 0.000000 -111.000000 0.000000 0.000000 0.000000 1.000000 0.000000 -111.000000 1.000000 0 0 0.000000
15 -394.368682 -1968.428955 -34.750003 0.000000 74.000000 0.000000 0.000000 0.000000 1.000000 0.000000 74.000000 1.000000 0 0 0.000000
15 -458.816986 -1979.927734 -34.750003 0.000000 -91.000000 0.000000 0.000000 0.000000 1.000000 0.000000 -91.000000 1.000000 0 0 0.000000
11 -928.057678 -1781.957397 -119.875000 0.000000 -89.000000 0.000000 0.000000 0.000000 1.000000 0.000000 -89.000000 1.000000 0 0 0.000000
16 -362.091339 -2406.222900 -144.875000 0.000000 -26.000000 0.000000 0.000000 0.000000 1.000000 0.000000 -26.000000 1.000000 0 0 0.000000
15 -465.487762 -2062.150390 -64.750000 0.000000 83.000000 0.000000 0.000000 0.000000 1.000000 0.000000 83.000000 1.000000 0 0 0.000000
11 -989.320556 -1782.025390 -119.875000 0.000000 -89.000000 0.000000 0.000000 0.000000 1.000000 0.000000 -89.000000 1.000000 0 0 0.000000
16 -959.688964 -1846.337524 -144.875000 0.000000 76.000000 0.000000 0.000000 0.000000 1.000000 0.000000 76.000000 1.000000 0 0 0.000000
14 -957.065246 -1921.774291 -152.875000 0.000000 4.000000 0.000000 0.000000 0.000000 1.000000 0.000000 4.000000 1.000000 0 0 0.000000
16 -1811.574218 -1706.411987 9.764346 0.000000 1.000000 0.000000 0.371390 0.000000 0.928476 0.000000 1.000000 1.000000 0 0 0.000000
16 -1762.409301 -1707.663940 -9.901619 0.000000 0.000000 0.000000 0.371390 0.000000 0.928476 0.000000 0.000000 1.000000 0 0 0.000000
16 -1707.337158 -1708.507202 -31.930477 0.000000 0.000000 0.000000 0.371390 0.000000 0.928476 0.000000 0.000000 1.000000 0 0 0.000000
16 -1675.748413 -1708.511230 -44.565975 0.000000 0.000000 0.000000 0.371390 0.000000 0.928476 0.000000 0.000000 1.000000 0 0 0.000000
16 -1802.257202 -1675.224609 6.037539 0.000000 5.000000 0.000000 0.371390 0.000000 0.928476 0.000000 5.000000 1.000000 0 0 0.000000
16 -1762.156005 -1652.623168 -10.002938 0.000000 3.000000 0.000000 0.371390 0.000000 0.928476 0.000000 3.000000 1.000000 0 0 0.000000
16 -1793.846313 -1739.244140 2.673184 0.000000 -5.000000 0.000000 0.371390 0.000000 0.928476 0.000000 -5.000000 1.000000 0 0 0.000000
16 -1783.544433 -1769.236083 42.798183 0.000000 -1.000000 0.000000 0.000000 0.000000 1.000000 0.000000 -1.000000 1.000000 0 0 0.000000
13 -2069.746337 -1918.895385 -178.875000 0.000000 177.000000 0.000000 0.000000 0.000000 1.000000 0.000000 177.000000 1.000000 0 0 0.000000
16 -2095.400146 -1865.898925 -176.875000 0.000000 21.000000 0.000000 0.000000 0.000000 1.000000 0.000000 21.000000 1.000000 0 0 0.000000
11 -1701.552246 -1930.355346 -23.875000 0.000000 178.000000 0.000000 0.000000 0.000000 1.000000 0.000000 178.000000 1.000000 0 0 0.000000
10 -2022.738403 -2115.298339 -123.875000 0.000000 2.000000 0.000000 0.000000 0.000000 1.000000 0.000000 2.000000 1.000000 0 0 0.000000
16 -1690.099121 -1926.078002 31.250000 0.000000 -14.000000 0.000000 0.000000 0.000000 1.000000 0.000000 -14.000000 1.000000 0 0 0.000000
10 -2024.308349 -2174.003906 -123.875000 0.000000 -8.000000 0.000000 0.000000 0.000000 1.000000 0.000000 -8.000000 1.000000 0 0 0.000000
10 -2030.247802 -2229.074707 -123.875000 0.000000 -2.000000 0.000000 0.000000 0.000000 1.000000 0.000000 -2.000000 1.000000 0 0 0.000000
10 -1971.930908 -2255.250000 -123.875000 0.000000 75.000000 0.000000 0.000000 0.000000 1.000000 0.000000 75.000000 1.000000 0 0 0.000000
10 -1917.365356 -2244.610351 -123.875000 0.000000 78.000000 0.000000 0.000000 0.000000 1.000000 0.000000 78.000000 1.000000 0 0 0.000000
10 -1897.228027 -2192.222900 -123.875000 0.000000 111.000000 0.000000 0.000000 0.000000 1.000000 0.000000 111.000000 1.000000 0 0 0.000000
10 -1919.119995 -2137.549072 -123.875000 0.000000 152.000000 0.000000 0.000000 0.000000 1.000000 0.000000 152.000000 1.000000 0 0 0.000000
10 -1971.972778 -2111.003906 -123.875000 0.000000 -171.000000 0.000000 0.000000 0.000000 1.000000 0.000000 -171.000000 1.000000 0 0 0.000000
15 -2103.222900 -2003.713378 -176.875000 0.000000 -12.000000 0.000000 0.000000 0.000000 1.000000 0.000000 -12.000000 1.000000 0 0 0.000000
10 -2232.717285 -2144.199951 -123.875000 0.000000 -175.000000 0.000000 0.000000 0.000000 1.000000 0.000000 -175.000000 1.000000 0 0 0.000000
10 -2208.851318 -2196.430908 -123.875000 0.000000 176.000000 0.000000 0.000000 0.000000 1.000000 0.000000 176.000000 1.000000 0 0 0.000000
10 -2227.135498 -2263.125732 -123.875000 0.000000 117.000000 0.000000 0.000000 0.000000 1.000000 0.000000 117.000000 1.000000 0 0 0.000000
10 -1981.175781 -2558.489257 -123.875000 0.000000 -36.000000 0.000000 0.000000 0.000000 1.000000 0.000000 -36.000000 1.000000 0 0 0.000000
10 -1890.550415 -2504.382324 -123.875000 0.000000 -61.000000 0.000000 0.000000 0.000000 1.000000 0.000000 -61.000000 1.000000 0 0 0.000000
10 -1953.008544 -2517.501953 -123.875000 0.000000 -102.000000 0.000000 0.000000 0.000000 1.000000 0.000000 -102.000000 1.000000 0 0 0.000000
10 -1959.959350 -2594.210937 -123.875000 0.000000 86.000000 0.000000 0.000000 0.000000 1.000000 0.000000 86.000000 1.000000 0 0 0.000000
10 -2258.478515 -2490.282958 -123.875000 0.000000 -95.000000 0.000000 0.000000 0.000000 1.000000 0.000000 -95.000000 1.000000 0 0 0.000000
10 -2202.093505 -2494.941406 -123.875000 0.000000 -99.000000 0.000000 0.000000 0.000000 1.000000 0.000000 -99.000000 1.000000 0 0 0.000000
10 -2200.849121 -2548.650390 -123.875000 0.000000 -148.000000 0.000000 0.000000 0.000000 1.000000 0.000000 -148.000000 1.000000 0 0 0.000000
14 -1742.511840 -2243.363525 -88.875000 0.000000 128.000000 0.000000 0.000000 0.000000 1.000000 0.000000 128.000000 1.000000 0 0 0.000000
14 -1538.836669 -2986.212402 62.793663 0.000000 0.000000 0.000000 -0.178885 0.000000 0.983869 0.000000 0.000000 1.000000 1 0 0.000000
16 -1750.662841 -2901.246826 -176.875000 0.000000 3.000000 0.000000 0.000000 0.000000 1.000000 0.000000 3.000000 1.000000 0 0 0.000000
16 -1727.034912 -2910.992431 -136.750000 0.000000 -1.000000 0.000000 0.000000 0.000000 1.000000 0.000000 -1.000000 1.000000 0 0 0.000000
16 -1728.794799 -2925.674072 -96.625000 0.000000 -4.000000 0.000000 0.000000 0.000000 1.000000 0.000000 -4.000000 1.000000 0 0 0.000000
16 -1729.783203 -2934.309326 -56.500000 0.000000 -20.000000 0.000000 0.000000 0.000000 1.000000 0.000000 -20.000000 1.000000 0 0 0.000000
16 -1747.926391 -2911.879882 -16.374998 0.000000 87.000000 0.000000 0.000000 0.000000 1.000000 0.000000 87.000000 1.000000 0 0 0.000000
13 -1504.062500 -2960.007568 -178.875000 0.000000 178.000000 0.000000 0.000000 0.000000 1.000000 0.000000 178.000000 1.000000 0 0 0.000000
15 -1110.617187 -3034.283935 -147.116744 0.000000 171.000000 0.000000 -0.577350 0.577350 0.577350 0.000000 171.000000 1.000000 0 0 0.000000
15 -1179.119750 -3073.154296 -176.875000 0.000000 -35.000000 0.000000 0.000000 0.000000 1.000000 0.000000 -35.000000 1.000000 0 0 0.000000
13 -923.129455 -2521.865234 -146.875000 0.000000 179.000000 0.000000 0.000000 0.000000 1.000000 0.000000 179.000000 1.000000 0 0 0.000000
10 -796.057434 -2468.589111 -91.875000 0.000000 58.000000 0.000000 0.000000 0.000000 1.000000 0.000000 58.000000 1.000000 0 0 0.000000
10 -815.058044 -2382.298828 -91.875000 0.000000 -30.000000 0.000000 0.000000 0.000000 1.000000 0.000000 -30.000000 1.000000 0 0 0.000000
10 -736.215209 -2355.462402 -139.875000 0.000000 -19.000000 0.000000 0.000000 0.000000 1.000000 0.000000 -19.000000 1.000000 0 0 0.000000
16 -1026.982788 -2524.560546 -144.875000 0.000000 -2.000000 0.000000 0.000000 0.000000 1.000000 0.000000 -2.000000 1.000000 0 0 0.000000
14 -1054.294189 -2259.970214 -10.872747 0.000000 -25.000000 0.000000 0.000000 0.000000 1.000000 0.000000 -25.000000 1.000000 0 0 0.000000
11 -1848.061645 -1415.402587 40.125000 0.000000 73.000000 0.000000 0.000000 0.000000 1.000000 0.000000 73.000000 1.000000 0 0 0.000000
11 -1898.386230 -1408.464355 40.125000 0.000000 86.000000 0.000000 0.000000 0.000000 1.000000 0.000000 86.000000 1.000000 0 0 0.000000
11 -1945.528930 -1401.674194 40.125000 0.000000 95.000000 0.000000 0.000000 0.000000 1.000000 0.000000 95.000000 1.000000 0 0 0.000000
11 -1993.004394 -1392.891113 40.125000 0.000000 93.000000 0.000000 0.000000 0.000000 1.000000 0.000000 93.000000 1.000000 0 0 0.000000
16 -1854.791870 -1355.270019 15.125000 0.000000 -94.000000 0.000000 0.000000 0.000000 1.000000 0.000000 -94.000000 1.000000 0 0 0.000000
10 -1950.580810 -1243.078125 68.125000 0.000000 158.000000 0.000000 0.000000 0.000000 1.000000 0.000000 158.000000 1.000000 0 0 0.000000
10 -1956.117187 -1300.252197 68.125000 0.000000 172.000000 0.000000 0.000000 0.000000 1.000000 0.000000 172.000000 1.000000 0 0 0.000000
10 -2014.421630 -1297.780883 68.125000 0.000000 153.000000 0.000000 0.000000 0.000000 1.000000 0.000000 153.000000 1.000000 0 0 0.000000
15 -1988.652221 -929.842651 15.125000 0.000000 162.000000 0.000000 0.000000 0.000000 1.000000 0.000000 162.000000 1.000000 0 0 0.000000
11 -1913.773193 -943.006164 40.125000 0.000000 -129.000000 0.000000 0.000000 0.000000 1.000000 0.000000 -129.000000 1.000000 0 0 0.000000
15 -1680.145996 -791.247802 15.125000 0.000000 -18.000000 0.000000 0.000000 0.000000 1.000000 0.000000 -18.000000 1.000000 0 0 0.000000
14 -1969.730224 -1134.573120 103.125000 0.000000 91.000000 0.000000 0.000000 0.000000 1.000000 0.000000 91.000000 1.000000 2 0 0.000000
14 -1945.656494 -1093.059326 114.250000 0.000000 143.000000 0.000000 0.000000 0.000000 1.000000 0.000000 143.000000 1.000000 2 0 0.000000
14 -1932.944335 -1022.476806 7.125000 0.000000 157.000000 0.000000 0.000000 0.000000 1.000000 0.000000 157.000000 1.000000 2 0 0.000000
14 -1940.785278 -994.032592 117.250000 0.000000 165.000000 0.000000 0.000000 0.000000 1.000000 0.000000 165.000000 1.000000 2 0 0.000000
1 -1959.570190 -1131.385498 133.375000 0.000000 156.000000 0.000000 0.000000 0.000000 1.000000 0.000000 156.000000 1.000000 0 0 0.000000
11 -1872.501586 -960.642944 40.125000 0.000000 83.000000 0.000000 0.000000 0.000000 1.000000 0.000000 83.000000 1.000000 0 0 0.000000
1 -1991.081176 -825.240173 111.125000 0.000000 88.000000 0.000000 0.000000 0.000000 1.000000 0.000000 88.000000 1.000000 0 0 0.000000
1 -1952.934326 -1286.933959 103.250000 0.000000 -174.000000 0.000000 0.000000 0.000000 1.000000 0.000000 -174.000000 1.000000 0 0 0.000000
14 -1675.565063 -830.337829 117.250000 0.000000 -57.000000 0.000000 0.000000 0.000000 1.000000 0.000000 -57.000000 1.000000 0 0 0.000000
1 -1897.422485 -946.723815 95.250000 0.000000 -113.000000 0.000000 0.000000 0.000000 1.000000 0.000000 -113.000000 1.000000 0 0 0.000000
15 -592.927368 -2660.917968 -34.750000 0.000000 -170.000000 0.000000 0.000000 0.000000 1.000000 0.000000 -170.000000 1.000000 0 1 0.000000
15 -586.878967 -2584.236572 -34.750007 0.000000 165.000000 0.000000 0.000000 0.000000 1.000000 0.000000 165.000000 1.000000 0 1 0.000000
15 -607.035766 -2512.374023 -34.750007 0.000000 177.000000 0.000000 0.000000 0.000000 1.000000 0.000000 177.000000 1.000000 0 1 0.000000
15 -610.312316 -2427.835449 -34.750003 0.000000 166.000000 0.000000 0.000000 0.000000 1.000000 0.000000 166.000000 1.000000 0 1 0.000000
15 -604.355651 -2360.720214 -34.750003 0.000000 166.000000 0.000000 0.000000 0.000000 1.000000 0.000000 166.000000 1.000000 0 1 0.000000
6 -727.868041 -2885.542236 -102.750000 0.000000 -29.000000 0.000000 0.000000 0.000000 1.000000 0.000000 -29.000000 1.000000 1 1 0.000000
11 1021.933532 -2166.577880 -297.750000 0.000000 175.000000 0.000000 0.000000 0.000000 1.000000 0.000000 175.000000 1.000000 0 1 0.000000
11 1028.873413 -2211.208740 -297.750000 0.000000 -168.000000 0.000000 0.000000 0.000000 1.000000 0.000000 -168.000000 1.000000 0 4 0.000000
