15 532.924438 1352.715454 -72.875000 0.000000 -179.000000 0.000000 0.000000 0.000000 1.000000 0.000000 -179.000000 1.000000 2 0 0.000000
15 533.003479 1258.318604 -72.875000 0.000000 -179.000000 0.000000 0.000000 0.000000 1.000000 0.000000 -179.000000 1.000000 2 0 0.000000
9 -338.935730 2314.405518 -59.875000 0.000000 84.000000 0.000000 0.000000 0.000000 1.000000 0.000000 84.000000 1.000000 0 0 0.000000
14 404.298370 1841.578613 -56.875000 0.000000 -129.000000 0.000000 0.000000 0.000000 1.000000 0.000000 -129.000000 1.000000 1 0 0.000000
6 -808.421753 1889.360229 -54.875000 0.000000 -89.000000 0.000000 0.000000 0.000000 1.000000 0.000000 -89.000000 1.000000 2 0 0.000000
13 -49.178104 2100.517822 -50.875000 0.000000 -88.000000 0.000000 0.000000 0.000000 1.000000 0.000000 -88.000000 1.000000 0 0 0.000000
13 -982.446228 2008.372681 -50.875000 0.000000 0.000000 0.000000 0.000000 0.000000 1.000000 0.000000 0.000000 1.000000 2 0 0.000000
13 -1092.880981 2513.280029 -50.875000 0.000000 89.000000 0.000000 0.000000 0.000000 1.000000 0.000000 89.000000 1.000000 2 0 0.000000
13 -1002.602539 2513.256348 -50.875000 0.000000 89.000000 0.000000 0.000000 0.000000 1.000000 0.000000 89.000000 1.000000 2 0 0.000000
13 -922.631653 2513.228271 -50.875000 0.000000 89.000000 0.000000 0.000000 0.000000 1.000000 0.000000 89.000000 1.000000 2 0 0.000000
16 -761.640320 1880.378296 -48.875000 0.000000 -175.000000 0.000000 0.000000 0.000000 1.000000 0.000000 -175.000000 1.000000 2 0 0.000000
1 795.467590 2340.816895 -48.875000 0.000000 -34.000000 0.000000 0.000000 0.000000 1.000000 0.000000 -34.000000 1.000000 2 0 0.000000
15 690.060303 2562.519287 -48.875000 0.000000 92.000000 0.000000 0.000000 0.000000 1.000000 0.000000 92.000000 1.000000 2 0 0.000000
15 782.426819 2559.129150 -48.875000 0.000000 91.000000 0.000000 0.000000 0.000000 1.000000 0.000000 91.000000 1.000000 2 0 0.000000
15 485.802826 1845.679688 -48.875000 0.000000 -88.000000 0.000000 0.000000 0.000000 1.000000 0.000000 -88.000000 1.000000 2 0 0.000000
15 410.375610 1939.806641 -48.875000 0.000000 -85.000000 0.000000 0.000000 0.000000 1.000000 0.000000 -85.000000 1.000000 2 0 0.000000
16 -894.715393 1831.905640 -48.875000 0.000000 -1.000000 0.000000 0.000000 0.000000 1.000000 0.000000 -1.000000 1.000000 2 0 0.000000
14 -157.092957 987.725037 -48.875000 0.000000 0.000000 0.000000 0.000000 0.000000 1.000000 0.000000 0.000000 1.000000 1 0 0.000000
16 -1049.891479 2716.718018 -44.875000 0.000000 -173.000000 0.000000 0.000000 0.000000 1.000000 0.000000 -173.000000 1.000000 2 0 0.000000
14 -329.031342 1293.520020 -44.875000 0.000000 95.000000 0.000000 0.000000 0.000000 1.000000 0.000000 95.000000 1.000000 1 0 0.000000
10 -170.464188 2030.825928 -43.875000 0.000000 0.000000 0.000000 0.000000 0.000000 1.000000 0.000000 0.000000 1.000000 0 0 0.000000
10 -221.888153 1535.760376 -43.875000 0.000000 0.000000 0.000000 0.000000 0.000000 1.000000 0.000000 0.000000 1.000000 0 0 0.000000
13 -801.794861 2849.990234 -42.875000 0.000000 0.000000 0.000000 0.000000 0.000000 1.000000 0.000000 0.000000 1.000000 2 0 0.000000
13 -801.866455 2719.639404 -42.875000 0.000000 0.000000 0.000000 0.000000 0.000000 1.000000 0.000000 0.000000 1.000000 2 0 0.000000
13 -801.818909 2786.837891 -42.875000 0.000000 0.000000 0.000000 0.000000 0.000000 1.000000 0.000000 0.000000 1.000000 2 0 0.000000
16 -1163.337036 2907.158447 -40.875000 0.000000 165.000000 0.000000 0.000000 0.000000 1.000000 0.000000 165.000000 1.000000 2 0 0.000000
16 144.941162 2257.043457 -37.996998 0.000000 92.000000 0.000000 0.000000 0.585896 0.810386 0.000000 92.000000 1.000000 0 0 0.000000
12 -1116.496094 2781.511963 -38.875000 0.000000 86.000000 0.000000 0.000000 0.000000 1.000000 0.000000 86.000000 1.000000 1 0 0.000000
16 -355.521423 971.981323 -36.875000 0.000000 -178.000000 0.000000 0.000000 0.000000 1.000000 0.000000 -178.000000 1.000000 2 0 0.000000
15 321.977142 530.129395 -32.875000 0.000000 0.000000 0.000000 0.000000 0.000000 1.000000 0.000000 0.000000 1.000000 2 0 0.000000
15 322.031006 629.323792 -32.875000 0.000000 0.000000 0.000000 0.000000 0.000000 1.000000 0.000000 0.000000 1.000000 2 0 0.000000
16 485.183014 628.683594 -32.875000 0.000000 91.000000 0.000000 0.000000 0.000000 1.000000 0.000000 91.000000 1.000000 2 0 0.000000
16 511.014069 488.920898 -32.875000 0.000000 -171.000000 0.000000 0.000000 0.000000 1.000000 0.000000 -171.000000 1.000000 2 0 0.000000
16 494.283112 575.132202 -32.875000 0.000000 -178.000000 0.000000 0.000000 0.000000 1.000000 0.000000 -178.000000 1.000000 2 0 0.000000
16 503.506042 531.234680 -32.875000 0.000000 175.000000 0.000000 0.000000 0.000000 1.000000 0.000000 175.000000 1.000000 2 0 0.000000
5 392.894440 512.785828 -32.875000 0.000000 -117.000000 0.000000 0.000000 0.000000 1.000000 0.000000 -117.000000 1.000000 2 0 0.000000
16 639.391602 510.929108 -32.875000 0.000000 -179.000000 0.000000 0.000000 0.000000 1.000000 0.000000 -179.000000 1.000000 2 0 0.000000
16 875.311096 598.980042 -32.875000 0.000000 33.000000 0.000000 0.000000 0.000000 1.000000 0.000000 33.000000 1.000000 2 0 0.000000
16 1009.131165 599.473572 -32.875000 0.000000 114.000000 0.000000 0.000000 0.000000 1.000000 0.000000 114.000000 1.000000 2 0 0.000000
16 36.009949 623.382629 -32.875000 0.000000 -90.000000 0.000000 0.000000 0.000000 1.000000 0.000000 -90.000000 1.000000 2 0 0.000000
16 1121.926758 1369.235352 -32.875000 0.000000 62.000000 0.000000 0.000000 0.000000 1.000000 0.000000 62.000000 1.000000 2 0 0.000000
10 -358.989014 1382.996094 -31.875000 0.000000 90.000000 0.000000 0.000000 0.000000 1.000000 0.000000 90.000000 1.000000 2 0 0.000000
10 -310.723114 1383.038330 -31.875000 0.000000 90.000000 0.000000 0.000000 0.000000 1.000000 0.000000 90.000000 1.000000 2 0 0.000000
10 -263.559113 1382.917725 -31.875000 0.000000 90.000000 0.000000 0.000000 0.000000 1.000000 0.000000 90.000000 1.000000 2 0 0.000000
10 -214.186905 1382.962158 -31.875000 0.000000 90.000000 0.000000 0.000000 0.000000 1.000000 0.000000 90.000000 1.000000 2 0 0.000000
10 -166.744781 1382.992676 -31.875000 0.000000 90.000000 0.000000 0.000000 0.000000 1.000000 0.000000 90.000000 1.000000 2 0 0.000000
16 391.954773 712.415100 -24.875000 0.000000 -9.000000 0.000000 0.000000 0.000000 1.000000 0.000000 -9.000000 1.000000 2 0 0.000000
16 471.408936 684.934998 -24.875000 0.000000 89.000000 0.000000 0.000000 0.000000 1.000000 0.000000 89.000000 1.000000 2 0 0.000000
4 649.141052 2485.289062 -21.002472 0.000000 138.000000 0.000000 0.894427 0.000000 0.447214 0.000000 138.000000 1.000000 2 0 0.000000
15 1420.250244 1168.647949 -20.875000 0.000000 91.000000 0.000000 0.000000 0.000000 1.000000 0.000000 91.000000 1.000000 2 0 0.000000
16 1230.987549 844.674744 -16.875000 0.000000 1.000000 0.000000 0.000000 0.000000 1.000000 0.000000 1.000000 1.000000 2 0 0.000000
13 527.476929 2021.963501 -13.766669 0.000000 -87.000000 0.000000 -0.894427 0.000000 0.447214 0.000000 -87.000000 1.000000 2 0 0.000000
16 438.955200 814.787109 -8.875000 0.000000 -89.000000 0.000000 0.000000 0.000000 1.000000 0.000000 -89.000000 1.000000 2 0 0.000000
16 512.013733 758.324341 -8.875000 0.000000 85.000000 0.000000 0.000000 0.000000 1.000000 0.000000 85.000000 1.000000 2 0 0.000000
10 1118.897827 822.987793 -27.375000 0.000000 0.000000 0.000000 0.000000 0.000000 1.000000 0.000000 0.000000 1.000000 2 0 0.000000
10 1118.858765 948.879517 -27.375000 0.000000 0.000000 0.000000 0.000000 0.000000 1.000000 0.000000 0.000000 1.000000 2 0 0.000000
16 -1049.891479 2716.718018 -4.750001 0.000000 -173.000000 0.000000 0.000000 0.000000 1.000000 0.000000 -173.000000 1.000000 2 0 0.000000
10 -239.725922 1535.760864 -3.750001 0.000000 0.000000 0.000000 0.000000 0.000000 1.000000 0.000000 0.000000 1.000000 0 0 0.000000
16 407.664581 527.346069 -2.750000 0.000000 -92.000000 0.000000 0.000000 0.000000 1.000000 0.000000 -92.000000 1.000000 2 0 0.000000
16 485.183014 628.683594 7.250000 0.000000 91.000000 0.000000 0.000000 0.000000 1.000000 0.000000 91.000000 1.000000 2 0 0.000000
16 494.283112 575.132202 7.250000 0.000000 -178.000000 0.000000 0.000000 0.000000 1.000000 0.000000 -178.000000 1.000000 2 0 0.000000
16 511.014069 488.920898 7.250001 0.000000 -171.000000 0.000000 0.000000 0.000000 1.000000 0.000000 -171.000000 1.000000 2 0 0.000000
16 503.506042 531.234680 7.249998 0.000000 175.000000 0.000000 0.000000 0.000000 1.000000 0.000000 175.000000 1.000000 2 0 0.000000
16 639.391602 510.929108 7.249999 0.000000 -179.000000 0.000000 0.000000 0.000000 1.000000 0.000000 -179.000000 1.000000 2 0 0.000000
16 875.311096 598.980042 7.250000 0.000000 33.000000 0.000000 0.000000 0.000000 1.000000 0.000000 33.000000 1.000000 2 0 0.000000
16 1009.131165 599.473572 7.250001 0.000000 114.000000 0.000000 0.000000 0.000000 1.000000 0.000000 114.000000 1.000000 2 0 0.000000
16 36.009949 623.382629 7.250000 0.000000 -90.000000 0.000000 0.000000 0.000000 1.000000 0.000000 -90.000000 1.000000 2 0 0.000000
16 1121.926758 1369.235352 7.250000 0.000000 62.000000 0.000000 0.000000 0.000000 1.000000 0.000000 62.000000 1.000000 2 0 0.000000
13 -1092.880981 2513.280029 9.249999 0.000000 89.000000 0.000000 0.000000 0.000000 1.000000 0.000000 89.000000 1.000000 2 0 0.000000
13 -1002.602539 2513.256348 9.249998 0.000000 89.000000 0.000000 0.000000 0.000000 1.000000 0.000000 89.000000 1.000000 2 0 0.000000
13 -922.631653 2513.228271 9.250002 0.000000 89.000000 0.000000 0.000000 0.000000 1.000000 0.000000 89.000000 1.000000 2 0 0.000000
16 -246.464386 2321.807617 15.126339 0.000000 6.000000 0.000000 0.000000 0.000000 1.000000 0.000000 6.000000 1.000000 0 0 0.000000
11 -1382.147583 2078.266113 16.124493 0.000000 -68.000000 0.000000 0.000000 0.000000 1.000000 0.000000 -68.000000 1.000000 2 0 0.000000
16 1230.987549 844.674744 23.250000 0.000000 1.000000 0.000000 0.000000 0.000000 1.000000 0.000000 1.000000 1.000000 2 0 0.000000
13 -1299.573486 2095.016846 27.125002 0.000000 -84.000000 0.000000 0.000000 0.000000 1.000000 0.000000 -84.000000 1.000000 2 0 0.000000
16 -1382.944458 2140.498535 29.127249 0.000000 -103.000000 0.000000 0.000000 0.000000 1.000000 0.000000 -103.000000 1.000000 2 0 0.000000
14 1121.926758 1369.235352 39.375000 0.000000 62.000000 0.000000 0.000000 0.000000 1.000000 0.000000 62.000000 1.000000 1 0 0.000000
13 617.889221 1560.583008 42.550030 0.000000 179.000000 0.000000 0.351123 0.000000 0.936329 0.000000 179.000000 1.000000 2 0 0.000000
13 617.844421 1482.964111 42.566833 0.000000 179.000000 0.000000 0.351123 0.000000 0.936329 0.000000 179.000000 1.000000 2 0 0.000000
13 617.783142 1400.131958 42.589809 0.000000 179.000000 0.000000 0.351123 0.000000 0.936329 0.000000 179.000000 1.000000 2 0 0.000000
13 617.755859 1144.907349 42.600044 0.000000 179.000000 0.000000 0.351123 0.000000 0.936329 0.000000 179.000000 1.000000 2 0 0.000000
13 617.817200 1219.868896 42.577042 0.000000 179.000000 0.000000 0.351123 0.000000 0.936329 0.000000 179.000000 1.000000 2 0 0.000000
10 -1005.171143 2280.079834 44.125000 0.000000 178.000000 0.000000 0.000000 0.000000 1.000000 0.000000 178.000000 1.000000 2 0 0.000000
4 -340.373810 2729.382812 47.125000 0.000000 -82.000000 0.000000 0.000000 0.000000 1.000000 0.000000 -82.000000 1.000000 2 0 0.000000
16 485.183014 628.683594 47.375000 0.000000 91.000000 0.000000 0.000000 0.000000 1.000000 0.000000 91.000000 1.000000 2 0 0.000000
16 494.283112 575.132202 47.375000 0.000000 -178.000000 0.000000 0.000000 0.000000 1.000000 0.000000 -178.000000 1.000000 2 0 0.000000
16 503.506042 531.234680 47.374996 0.000000 175.000000 0.000000 0.000000 0.000000 1.000000 0.000000 175.000000 1.000000 2 0 0.000000
16 511.014069 488.920898 47.375000 0.000000 -171.000000 0.000000 0.000000 0.000000 1.000000 0.000000 -171.000000 1.000000 2 0 0.000000
12 354.725372 2720.501221 53.125000 0.000000 -90.000000 0.000000 0.000000 0.000000 1.000000 0.000000 -90.000000 1.000000 1 0 0.000000
13 194.037064 2771.835205 53.125000 0.000000 -90.000000 0.000000 0.000000 0.000000 1.000000 0.000000 -90.000000 1.000000 2 0 0.000000
13 194.032135 2719.061279 53.125000 0.000000 -90.000000 0.000000 0.000000 0.000000 1.000000 0.000000 -90.000000 1.000000 2 0 0.000000
13 194.045776 2847.948242 53.125000 0.000000 -90.000000 0.000000 0.000000 0.000000 1.000000 0.000000 -90.000000 1.000000 2 0 0.000000
16 114.388733 2451.452393 55.125000 0.000000 42.000000 0.000000 0.000000 0.000000 1.000000 0.000000 42.000000 1.000000 2 0 0.000000
16 533.479797 783.354736 55.125000 0.000000 -81.000000 0.000000 0.000000 0.000000 1.000000 0.000000 -81.000000 1.000000 2 0 0.000000
16 417.493073 788.879395 55.125000 0.000000 -95.000000 0.000000 0.000000 0.000000 1.000000 0.000000 -95.000000 1.000000 2 0 0.000000
16 503.508850 688.316284 55.125000 0.000000 -89.000000 0.000000 0.000000 0.000000 1.000000 0.000000 -89.000000 1.000000 2 0 0.000000
16 404.245239 752.844849 55.125000 0.000000 8.000000 0.000000 0.000000 0.000000 1.000000 0.000000 8.000000 1.000000 2 0 0.000000
16 433.813629 679.912598 55.125000 0.000000 8.000000 0.000000 0.000000 0.000000 1.000000 0.000000 8.000000 1.000000 2 0 0.000000
10 115.803864 2249.322754 60.125000 0.000000 -88.000000 0.000000 0.000000 0.000000 1.000000 0.000000 -88.000000 1.000000 0 0 0.000000
14 -937.680847 2508.452637 63.375000 0.000000 1.000000 0.000000 0.000000 0.000000 1.000000 0.000000 1.000000 1.000000 1 0 0.000000
16 1230.987549 844.674744 63.375000 0.000000 1.000000 0.000000 0.000000 0.000000 1.000000 0.000000 1.000000 1.000000 2 0 0.000000
14 611.833191 2337.942627 71.125000 0.000000 179.000000 0.000000 -0.000000 0.000000 1.000000 0.000000 179.000000 1.000000 1 0 0.000000
14 769.716919 608.539856 73.125000 0.000000 65.000000 0.000000 0.000000 0.000000 1.000000 0.000000 65.000000 1.000000 1 0 0.000000
13 362.775604 647.847229 75.250000 0.000000 -40.000000 0.000000 0.000000 0.000000 1.000000 0.000000 -40.000000 1.000000 2 0 0.000000
13 287.230499 598.161682 75.250000 0.000000 -90.000000 0.000000 0.000000 0.000000 1.000000 0.000000 -90.000000 1.000000 2 0 0.000000
13 995.028198 859.260376 79.125000 0.000000 -90.000000 0.000000 0.000000 0.000000 1.000000 0.000000 -90.000000 1.000000 2 0 0.000000
11 73.028679 2291.894531 80.125000 0.000000 -89.000000 0.000000 0.000000 0.000000 1.000000 0.000000 -89.000000 1.000000 2 0 0.000000
14 1147.776978 462.793427 81.298950 0.000000 -47.000000 0.000000 0.554700 0.000000 0.832050 0.000000 -47.000000 1.000000 1 0 0.000000
16 1142.169800 517.874451 81.125000 0.000000 -87.000000 0.000000 0.000000 0.000000 1.000000 0.000000 -87.000000 1.000000 2 0 0.000000
14 869.596741 2923.455322 87.125000 0.000000 64.000000 0.000000 0.000000 0.000000 1.000000 0.000000 64.000000 1.000000 1 0 0.000000
10 115.803864 2249.322754 100.250000 0.000000 -88.000000 0.000000 0.000000 0.000000 1.000000 0.000000 -88.000000 1.000000 0 0 0.000000
16 -255.819824 1405.204834 117.996605 0.000000 1.000000 0.000000 0.707107 -0.000000 0.707107 0.000000 1.000000 1.000000 2 0 0.000000
14 -560.011475 2784.927734 119.125000 0.000000 176.000000 0.000000 0.000000 0.000000 1.000000 0.000000 176.000000 1.000000 1 0 0.000000
10 115.803864 2249.322754 140.375000 0.000000 -88.000000 0.000000 0.000000 0.000000 1.000000 0.000000 -88.000000 1.000000 0 0 0.000000
9 429.987579 735.201965 140.156982 0.000000 3.000000 0.000000 -0.000000 -0.943460 0.331485 0.000000 3.000000 1.000000 1 0 0.000000
14 1141.713135 781.939819 143.125000 0.000000 -123.000000 0.000000 0.000000 0.000000 1.000000 0.000000 -123.000000 1.000000 1 0 0.000000
10 -376.674316 1854.371704 148.502457 0.000000 -115.000000 0.000000 -0.707107 0.000000 0.707107 0.000000 -115.000000 1.000000 2 0 0.000000
13 1342.359619 1144.721802 157.125000 0.000000 92.000000 0.000000 0.000000 0.000000 1.000000 0.000000 92.000000 1.000000 2 0 0.000000
16 1415.283325 1143.894775 159.125000 0.000000 83.000000 0.000000 0.000000 0.000000 1.000000 0.000000 83.000000 1.000000 2 0 0.000000
16 1135.402954 786.942322 162.250000 0.000000 -147.000000 0.000000 0.000000 0.000000 1.000000 0.000000 -147.000000 1.000000 2 0 0.000000
16 1260.022705 945.631348 167.125000 0.000000 175.000000 0.000000 0.000000 0.000000 1.000000 0.000000 175.000000 1.000000 2 0 0.000000
9 507.596832 737.523926 175.316467 0.000000 36.000000 0.000000 0.000000 -0.124035 0.992278 0.000000 36.000000 1.000000 1 0 0.000000
14 970.345947 1178.707153 191.125000 0.000000 105.000000 0.000000 0.000000 0.000000 1.000000 0.000000 105.000000 1.000000 1 0 0.000000
16 59.683334 661.878784 199.125000 0.000000 -165.000000 0.000000 0.000000 0.000000 1.000000 0.000000 -165.000000 1.000000 2 0 0.000000
14 141.202789 2132.303711 200.125000 0.000000 -99.000000 0.000000 0.000000 0.000000 1.000000 0.000000 -99.000000 1.000000 1 0 0.000000
16 1415.283325 1143.894775 199.250000 0.000000 83.000000 0.000000 0.000000 0.000000 1.000000 0.000000 83.000000 1.000000 2 0 0.000000
16 950.436768 1109.608521 199.125000 0.000000 116.000000 0.000000 0.000000 0.000000 1.000000 0.000000 116.000000 1.000000 2 0 0.000000
16 1135.402954 786.942322 202.375000 0.000000 -147.000000 0.000000 0.000000 0.000000 1.000000 0.000000 -147.000000 1.000000 2 0 0.000000
13 210.303131 636.531738 205.125000 0.000000 137.000000 0.000000 0.000000 0.000000 1.000000 0.000000 137.000000 1.000000 2 0 0.000000
13 200.758316 816.101990 205.125000 0.000000 -149.000000 0.000000 0.000000 0.000000 1.000000 0.000000 -149.000000 1.000000 2 0 0.000000
16 1260.022705 945.631348 207.250000 0.000000 175.000000 0.000000 0.000000 0.000000 1.000000 0.000000 175.000000 1.000000 2 0 0.000000
16 999.099792 1198.207642 237.276520 0.000000 77.000000 0.000000 -0.707107 0.000000 0.707107 0.000000 77.000000 1.000000 2 0 0.000000
14 57.026638 761.699097 239.125000 0.000000 107.000000 0.000000 0.000000 0.000000 1.000000 0.000000 107.000000 1.000000 1 0 0.000000
16 1415.283325 1143.894775 239.375000 0.000000 83.000000 0.000000 0.000000 0.000000 1.000000 0.000000 83.000000 1.000000 2 0 0.000000
16 1135.402954 786.942322 242.500000 0.000000 -147.000000 0.000000 0.000000 0.000000 1.000000 0.000000 -147.000000 1.000000 2 0 0.000000
14 1415.283325 1143.894775 271.500000 0.000000 83.000000 0.000000 0.000000 0.000000 1.000000 0.000000 83.000000 1.000000 1 0 0.000000
16 1196.462891 980.024719 274.639587 0.000000 98.000000 0.000000 -0.707107 0.000000 0.707107 0.000000 98.000000 1.000000 2 0 0.000000
14 1120.682983 812.441711 274.625000 0.000000 -162.000000 0.000000 0.000000 0.000000 1.000000 0.000000 -162.000000 1.000000 2 0 0.000000
16 1193.214233 993.735840 331.125000 0.000000 93.000000 0.000000 0.000000 0.000000 1.000000 0.000000 93.000000 1.000000 2 0 0.000000
16 1152.454834 1027.651733 345.721924 0.000000 -86.000000 0.000000 0.707107 0.000000 0.707107 0.000000 -86.000000 1.000000 2 0 0.000000
16 1146.576416 990.743652 379.125000 0.000000 98.000000 0.000000 0.000000 0.000000 1.000000 0.000000 98.000000 1.000000 2 0 0.000000
3 1083.229858 866.797119 434.946869 0.000000 -39.000000 0.000000 0.707107 0.000000 0.707107 0.000000 -39.000000 1.000000 2 0 0.000000
3 1082.790894 914.101685 435.385834 0.000000 -34.000000 0.000000 0.707107 0.000000 0.707107 0.000000 -34.000000 1.000000 2 0 0.000000
3 1051.029541 805.188538 475.125000 0.000000 -95.000000 0.000000 0.000000 0.000000 1.000000 0.000000 -95.000000 1.000000 2 0 0.000000
6 992.742798 829.401001 510.433990 0.000000 -99.000000 0.000000 0.707107 0.000000 0.707107 0.000000 -99.000000 1.000000 2 0 0.000000
12 987.313721 1069.032349 533.862976 0.000000 -86.000000 0.000000 0.707107 0.000000 0.707107 0.000000 -86.000000 1.000000 1 0 0.000000
10 1118.876099 886.256653 -27.375000 0.000000 0.000000 0.000000 0.000000 0.000000 1.000000 0.000000 0.000000 1.000000 2 0 0.000000
14 -156.097046 987.727966 -8345.775391 0.000000 0.000000 0.000000 0.000000 0.000000 0.000000 0.000000 0.000000 1.000000 2 0 0.000000
