6 -2258.034912 339.671020 25.625000 0.000000 135.000000 0.000000 0.000000 0.000000 1.000000 0.000000 135.000000 1.000000 2 0 0.000000
6 396.341827 -901.864257 -230.375000 0.000000 -176.000000 0.000000 0.000000 0.000000 1.000000 0.000000 -176.000000 1.000000 2 0 0.000000
6 -1091.468505 -908.755798 -102.375000 0.000000 -134.000000 0.000000 0.000000 0.000000 1.000000 0.000000 -134.000000 1.000000 2 0 0.000000
6 1662.513183 477.769531 25.625000 0.000000 128.000000 0.000000 0.000000 0.000000 1.000000 0.000000 128.000000 1.000000 2 0 0.000000
16 -2310.379150 -106.487823 -48.875000 0.000000 -171.000000 0.000000 0.000000 0.000000 1.000000 0.000000 -171.000000 1.000000 2 0 0.000000
16 -2245.642089 135.534271 167.818893 0.000000 -135.000000 0.000000 0.707106 0.000000 0.707106 0.000000 -135.000000 1.000000 2 0 0.000000
11 -2074.414550 15.236440 -63.652980 0.000000 56.000000 0.000000 0.447213 0.000000 0.894427 0.000000 56.000000 1.000000 2 0 0.000000
16 -2314.222412 -109.033584 -48.875000 0.000000 -166.000000 0.000000 0.000000 0.000000 1.000000 0.000000 -166.000000 1.000000 2 0 0.000000
16 -2316.513427 -109.108100 31.125000 0.000000 -178.000000 0.000000 0.000000 0.000000 1.000000 0.000000 -178.000000 1.000000 2 0 0.000000
16 -2316.514892 -107.701797 79.125000 0.000000 -178.000000 0.000000 0.000000 0.000000 1.000000 0.000000 -178.000000 1.000000 2 0 0.000000
15 -1033.803833 -418.847290 -48.875000 0.000000 90.000000 0.000000 0.000000 0.000000 1.000000 0.000000 90.000000 1.000000 2 0 0.000000
15 -1010.779174 -433.437683 -48.875000 0.000000 85.000000 0.000000 0.000000 0.000000 1.000000 0.000000 85.000000 1.000000 2 0 0.000000
15 -349.015441 -265.328918 175.125000 0.000000 -147.000000 0.000000 0.000000 0.000000 1.000000 0.000000 -147.000000 1.000000 2 0 0.000000
15 -348.759185 -265.552612 285.250000 0.000000 -145.000000 0.000000 0.000000 0.000000 1.000000 0.000000 -145.000000 1.000000 2 0 0.000000
15 -480.006347 -269.677886 143.125000 0.000000 166.000000 0.000000 0.000000 0.000000 1.000000 0.000000 166.000000 1.000000 2 0 0.000000
15 -348.759185 -265.552612 395.375000 0.000000 -145.000000 0.000000 0.000000 0.000000 1.000000 0.000000 -145.000000 1.000000 2 0 0.000000
15 -2075.464111 67.798385 -78.628211 0.000000 -3.000000 0.000000 0.447213 0.000000 0.894427 0.000000 -3.000000 1.000000 2 0 0.000000
13 -2022.241821 82.013511 29.496788 0.000000 -178.000000 0.000000 0.000000 0.000000 1.000000 0.000000 -178.000000 1.000000 2 0 0.000000
16 -2138.580322 128.707839 -60.070125 0.000000 51.000000 0.000000 0.447213 0.000000 0.894427 0.000000 51.000000 1.000000 2 0 0.000000
16 -2133.524414 129.765563 -19.945125 0.000000 50.000000 0.000000 0.000000 0.000000 1.000000 0.000000 50.000000 1.000000 2 0 0.000000
16 -2308.261718 1.529562 -16.875000 0.000000 -177.000000 0.000000 0.000000 0.000000 1.000000 0.000000 -177.000000 1.000000 2 0 0.000000
15 -1105.937011 -422.967681 -48.875000 0.000000 93.000000 0.000000 0.000000 0.000000 1.000000 0.000000 93.000000 1.000000 2 0 0.000000
15 -1080.071289 -403.746368 31.125000 0.000000 89.000000 0.000000 0.000000 0.000000 1.000000 0.000000 89.000000 1.000000 2 0 0.000000
11 106.671501 -948.765075 -199.875000 0.000000 87.000000 0.000000 0.000000 0.000000 1.000000 0.000000 87.000000 1.000000 2 0 0.000000
15 98.231376 -1241.897094 -192.875000 0.000000 -92.000000 0.000000 0.000000 0.000000 1.000000 0.000000 -92.000000 1.000000 2 0 0.000000
15 187.628555 -1238.452026 -192.875000 0.000000 -88.000000 0.000000 0.000000 0.000000 1.000000 0.000000 -88.000000 1.000000 2 0 0.000000
15 -11.275670 -1241.467407 -192.875000 0.000000 -89.000000 0.000000 0.000000 0.000000 1.000000 0.000000 -89.000000 1.000000 2 0 0.000000
11 1652.005615 -152.906570 56.125000 0.000000 90.000000 0.000000 0.000000 0.000000 1.000000 0.000000 90.000000 1.000000 2 0 0.000000
15 1739.846435 -417.460266 79.125000 0.000000 41.000000 0.000000 0.000000 0.000000 1.000000 0.000000 41.000000 1.000000 2 0 0.000000
10 -224.603744 -560.986999 158.163787 0.000000 -95.000000 0.000000 0.000000 0.707106 0.707106 0.000000 -95.000000 1.000000 2 0 0.000000
10 -27.563497 -567.287109 164.463897 0.000000 -97.000000 0.000000 0.000000 0.707106 0.707106 0.000000 -97.000000 1.000000 2 0 0.000000
16 -631.743713 -457.671417 -112.875000 0.000000 89.000000 0.000000 0.000000 0.000000 1.000000 0.000000 89.000000 1.000000 2 0 0.000000
10 -483.064208 -556.112060 153.288833 0.000000 -90.000000 0.000000 0.000000 0.707106 0.707106 0.000000 -90.000000 1.000000 2 0 0.000000
10 -483.064208 -556.112060 193.413833 0.000000 -90.000000 0.000000 0.000000 0.000000 1.000000 0.000000 -90.000000 1.000000 2 0 0.000000
10 -679.314758 -555.805358 152.982131 0.000000 -88.000000 0.000000 0.000000 0.707106 0.707106 0.000000 -88.000000 1.000000 2 0 0.000000
10 -679.314758 -555.805358 193.107131 0.000000 -88.000000 0.000000 0.000000 0.000000 1.000000 0.000000 -88.000000 1.000000 2 0 0.000000
10 -761.396850 -476.051788 166.573623 0.000000 -179.000000 0.000000 0.707106 0.000000 0.707106 0.000000 -179.000000 1.000000 2 0 0.000000
10 -751.721679 -283.887023 156.898437 0.000000 -178.000000 0.000000 0.707106 0.000000 0.707106 0.000000 -178.000000 1.000000 2 0 0.000000
10 -761.337524 -476.067077 206.698623 0.000000 179.000000 0.000000 0.000000 0.000000 1.000000 0.000000 179.000000 1.000000 2 0 0.000000
10 -746.325012 -281.027801 197.023437 0.000000 178.000000 0.000000 0.000000 0.000000 1.000000 0.000000 178.000000 1.000000 2 0 0.000000
10 -746.325012 -281.027801 237.148437 0.000000 178.000000 0.000000 0.000000 0.000000 1.000000 0.000000 178.000000 1.000000 2 0 0.000000
10 -455.224792 -573.399963 233.538833 0.000000 -135.000000 0.000000 0.000000 0.000000 1.000000 0.000000 -135.000000 1.000000 2 0 0.000000
10 -438.019042 -557.519409 154.696182 0.000000 -94.000000 0.000000 0.000000 0.707106 0.707106 0.000000 -94.000000 1.000000 2 0 0.000000
10 -748.915039 -475.464355 246.823623 0.000000 178.000000 0.000000 0.000000 0.000000 1.000000 0.000000 178.000000 1.000000 2 0 0.000000
10 -223.048782 569.655578 166.832366 0.000000 90.000000 0.000000 0.000000 -0.707106 0.707106 0.000000 90.000000 1.000000 2 0 0.000000
10 -25.952600 566.677978 163.854751 0.000000 92.000000 0.000000 0.000000 -0.707106 0.707106 0.000000 92.000000 1.000000 2 0 0.000000
10 154.195281 562.838623 160.015396 0.000000 93.000000 0.000000 0.000000 -0.707106 0.707106 0.000000 93.000000 1.000000 2 0 0.000000
15 -441.044586 27.147211 143.125000 0.000000 141.000000 0.000000 0.000000 0.000000 1.000000 0.000000 141.000000 1.000000 2 0 0.000000
15 -441.044586 27.147211 253.250000 0.000000 140.000000 0.000000 0.000000 0.000000 1.000000 0.000000 140.000000 1.000000 2 0 0.000000
15 -435.596923 -83.108543 143.125000 0.000000 -176.000000 0.000000 0.000000 0.000000 1.000000 0.000000 -176.000000 1.000000 2 0 0.000000
15 -435.596923 -83.108543 253.250000 0.000000 -176.000000 0.000000 0.000000 0.000000 1.000000 0.000000 -176.000000 1.000000 2 0 0.000000
15 -432.439788 18.208032 363.375000 0.000000 133.000000 0.000000 0.000000 0.000000 1.000000 0.000000 133.000000 1.000000 2 0 0.000000
15 -435.596923 -83.108543 363.375000 0.000000 -176.000000 0.000000 0.000000 0.000000 1.000000 0.000000 -176.000000 1.000000 2 0 0.000000
15 -438.097656 -174.379791 175.125000 0.000000 176.000000 0.000000 0.000000 0.000000 1.000000 0.000000 176.000000 1.000000 2 0 0.000000
15 -438.097656 -174.379791 285.250000 0.000000 176.000000 0.000000 0.000000 0.000000 1.000000 0.000000 176.000000 1.000000 2 0 0.000000
15 -438.097656 -174.379791 395.375000 0.000000 176.000000 0.000000 0.000000 0.000000 1.000000 0.000000 176.000000 1.000000 2 0 0.000000
15 -217.622009 280.656890 175.125000 0.000000 161.000000 0.000000 0.000000 0.000000 1.000000 0.000000 161.000000 1.000000 2 0 0.000000
15 -210.810745 280.876159 285.250000 0.000000 135.000000 0.000000 0.000000 0.000000 1.000000 0.000000 135.000000 1.000000 2 0 0.000000
15 -210.810745 280.876159 395.375000 0.000000 135.000000 0.000000 0.000000 0.000000 1.000000 0.000000 135.000000 1.000000 2 0 0.000000
10 -224.139053 573.013244 206.957366 0.000000 90.000000 0.000000 0.000000 0.000000 1.000000 0.000000 90.000000 1.000000 2 0 0.000000
10 -224.139053 573.013244 247.082366 0.000000 90.000000 0.000000 0.000000 0.000000 1.000000 0.000000 90.000000 1.000000 2 0 0.000000
10 -224.139053 573.013244 287.207366 0.000000 90.000000 0.000000 0.000000 0.000000 1.000000 0.000000 90.000000 1.000000 2 0 0.000000
10 -224.139053 573.013244 327.332366 0.000000 90.000000 0.000000 0.000000 0.000000 1.000000 0.000000 90.000000 1.000000 2 0 0.000000
10 -224.139053 573.013244 367.457366 0.000000 90.000000 0.000000 0.000000 0.000000 1.000000 0.000000 90.000000 1.000000 2 0 0.000000
10 -224.139053 573.013244 407.582366 0.000000 90.000000 0.000000 0.000000 0.000000 1.000000 0.000000 90.000000 1.000000 2 0 0.000000
15 -457.131866 -280.556854 143.125000 0.000000 119.000000 0.000000 0.000000 0.000000 1.000000 0.000000 119.000000 1.000000 2 0 0.000000
15 -487.321411 -174.955413 505.500000 0.000000 -91.000000 0.000000 0.000000 0.000000 1.000000 0.000000 -91.000000 1.000000 2 0 0.000000
15 -474.055084 -63.628803 473.500000 0.000000 -99.000000 0.000000 0.000000 0.000000 1.000000 0.000000 -99.000000 1.000000 2 0 0.000000
15 -492.143035 43.989364 473.500000 0.000000 -87.000000 0.000000 0.000000 0.000000 1.000000 0.000000 -87.000000 1.000000 2 0 0.000000
15 -1993.331665 -77.433685 -112.875000 0.000000 -1.000000 0.000000 0.000000 0.000000 1.000000 0.000000 -1.000000 1.000000 2 0 0.000000
15 -2002.561035 -79.522155 -2.749999 0.000000 -2.000000 0.000000 0.000000 0.000000 1.000000 0.000000 -2.000000 1.000000 2 0 0.000000
11 -2022.620849 -50.698482 132.375000 0.000000 0.000000 0.000000 0.000000 0.000000 1.000000 0.000000 0.000000 1.000000 2 0 0.000000
11 -2024.656005 -99.088172 132.375000 0.000000 -3.000000 0.000000 0.000000 0.000000 1.000000 0.000000 -3.000000 1.000000 2 0 0.000000
9 -944.795227 -1.282410 452.125000 0.000000 0.000000 0.000000 0.000000 0.000000 1.000000 0.000000 0.000000 1.000000 0 0 0.000000
16 1834.534057 0.458087 -112.875000 0.000000 -177.000000 0.000000 0.000000 0.000000 1.000000 0.000000 -177.000000 1.000000 2 0 0.000000
9 882.141357 18.772983 452.125000 0.000000 -177.000000 0.000000 0.000000 0.000000 1.000000 0.000000 -177.000000 1.000000 0 0 0.000000
10 113.044502 315.189392 177.987411 0.000000 178.000000 0.000000 0.000000 0.707106 0.707106 0.000000 178.000000 1.000000 2 0 0.000000
16 1795.439453 2.759563 -112.875000 0.000000 178.000000 0.000000 0.000000 0.000000 1.000000 0.000000 178.000000 1.000000 2 0 0.000000
16 1754.314331 6.788692 -112.875000 0.000000 175.000000 0.000000 0.000000 0.000000 1.000000 0.000000 175.000000 1.000000 2 0 0.000000
16 1754.312133 -35.167720 -112.875000 0.000000 173.000000 0.000000 0.000000 0.000000 1.000000 0.000000 173.000000 1.000000 2 0 0.000000
16 1758.528930 47.914257 -112.875000 0.000000 179.000000 0.000000 0.000000 0.000000 1.000000 0.000000 179.000000 1.000000 2 0 0.000000
16 1717.954345 -13.080444 -112.875000 0.000000 176.000000 0.000000 0.000000 0.000000 1.000000 0.000000 176.000000 1.000000 2 0 0.000000
16 1723.215087 30.036365 -112.875000 0.000000 177.000000 0.000000 0.000000 0.000000 1.000000 0.000000 177.000000 1.000000 2 0 0.000000
16 1879.097290 -3.270498 -112.875000 0.000000 174.000000 0.000000 0.000000 0.000000 1.000000 0.000000 174.000000 1.000000 2 0 0.000000
16 1676.939941 13.225952 -112.875000 0.000000 178.000000 0.000000 0.000000 0.000000 1.000000 0.000000 178.000000 1.000000 2 0 0.000000
10 286.948638 304.478363 180.125000 0.000000 -3.000000 0.000000 0.000000 0.000000 1.000000 0.000000 -3.000000 1.000000 2 0 0.000000
10 444.028900 166.145523 177.147857 0.000000 0.000000 0.000000 0.707106 0.000000 0.707106 0.000000 0.000000 1.000000 2 0 0.000000
10 436.053283 -166.683227 180.125000 0.000000 -1.000000 0.000000 0.000000 0.000000 1.000000 0.000000 -1.000000 1.000000 2 0 0.000000
10 286.893859 -297.854034 180.125000 0.000000 -92.000000 0.000000 0.000000 0.000000 1.000000 0.000000 -92.000000 1.000000 2 0 0.000000
10 91.668746 -310.596191 180.125000 0.000000 -91.000000 0.000000 0.000000 0.000000 1.000000 0.000000 -91.000000 1.000000 2 0 0.000000
10 -481.178863 -557.214233 154.391006 0.000000 -91.000000 0.000000 0.000000 0.707106 0.707106 0.000000 -91.000000 1.000000 2 0 0.000000
10 -481.178863 -557.214233 194.821182 0.000000 -91.000000 0.000000 0.000000 0.000000 1.000000 0.000000 -91.000000 1.000000 2 0 0.000000
10 -481.178863 -557.214233 234.946182 0.000000 -91.000000 0.000000 0.000000 0.000000 1.000000 0.000000 -91.000000 1.000000 2 0 0.000000
10 -481.178863 -557.214233 275.071197 0.000000 -91.000000 0.000000 0.000000 0.000000 1.000000 0.000000 -91.000000 1.000000 2 0 0.000000
10 -481.178863 -557.214233 315.196197 0.000000 -91.000000 0.000000 0.000000 0.000000 1.000000 0.000000 -91.000000 1.000000 2 0 0.000000
10 -481.178863 -557.214233 355.321197 0.000000 -91.000000 0.000000 0.000000 0.000000 1.000000 0.000000 -91.000000 1.000000 2 0 0.000000
10 -677.884887 -566.736206 163.912963 0.000000 -91.000000 0.000000 0.000000 0.707106 0.707106 0.000000 -91.000000 1.000000 2 0 0.000000
10 -677.884887 -566.736206 204.037963 0.000000 -91.000000 0.000000 0.000000 0.000000 1.000000 0.000000 -91.000000 1.000000 2 0 0.000000
10 -677.884887 -566.736206 244.162963 0.000000 -91.000000 0.000000 0.000000 0.000000 1.000000 0.000000 -91.000000 1.000000 2 0 0.000000
10 -677.884887 -566.736206 284.287963 0.000000 -91.000000 0.000000 0.000000 0.000000 1.000000 0.000000 -91.000000 1.000000 2 0 0.000000
10 -677.884887 -566.736206 324.412963 0.000000 -91.000000 0.000000 0.000000 0.000000 1.000000 0.000000 -91.000000 1.000000 2 0 0.000000
10 -677.884887 -566.736206 364.537963 0.000000 -91.000000 0.000000 0.000000 0.000000 1.000000 0.000000 -91.000000 1.000000 2 0 0.000000
10 -767.700134 -475.306182 172.876907 0.000000 178.000000 0.000000 0.707106 0.000000 0.707106 0.000000 178.000000 1.000000 2 0 0.000000
10 -767.700134 -475.306182 213.001907 0.000000 178.000000 0.000000 0.000000 0.000000 1.000000 0.000000 178.000000 1.000000 2 0 0.000000
10 -767.700134 -475.306182 253.126907 0.000000 178.000000 0.000000 0.000000 0.000000 1.000000 0.000000 178.000000 1.000000 2 0 0.000000
10 -767.700134 -475.306182 293.251922 0.000000 178.000000 0.000000 0.000000 0.000000 1.000000 0.000000 178.000000 1.000000 2 0 0.000000
10 -767.700134 -475.306182 333.376922 0.000000 178.000000 0.000000 0.000000 0.000000 1.000000 0.000000 178.000000 1.000000 2 0 0.000000
10 -767.700134 -475.306182 373.501922 0.000000 175.000000 0.000000 0.000000 0.000000 1.000000 0.000000 175.000000 1.000000 2 0 0.000000
10 -757.674194 -282.297271 162.850967 0.000000 -179.000000 0.000000 0.707106 0.000000 0.707106 0.000000 -179.000000 1.000000 2 0 0.000000
10 -757.674194 -282.297271 202.975967 0.000000 -179.000000 0.000000 0.000000 0.000000 1.000000 0.000000 -179.000000 1.000000 2 0 0.000000
10 -757.674194 -282.297271 243.100967 0.000000 -179.000000 0.000000 0.000000 0.000000 1.000000 0.000000 -179.000000 1.000000 2 0 0.000000
15 -473.917602 138.080810 175.125000 0.000000 132.000000 0.000000 0.000000 0.000000 1.000000 0.000000 132.000000 1.000000 2 0 0.000000
15 -326.704986 294.883453 175.125000 0.000000 155.000000 0.000000 0.000000 0.000000 1.000000 0.000000 155.000000 1.000000 2 0 0.000000
10 -152.365859 -303.288787 180.125000 0.000000 -91.000000 0.000000 0.000000 0.000000 1.000000 0.000000 -91.000000 1.000000 2 0 0.000000
11 141.623291 -451.536712 -87.875000 0.000000 179.000000 0.000000 0.000000 0.000000 1.000000 0.000000 179.000000 1.000000 2 0 0.000000
11 -643.401123 451.150787 -87.875000 0.000000 -85.000000 0.000000 0.000000 0.000000 1.000000 0.000000 -85.000000 1.000000 2 0 0.000000
15 -445.022552 249.995208 143.125000 0.000000 -165.000000 0.000000 0.000000 0.000000 1.000000 0.000000 -165.000000 1.000000 2 0 0.000000
10 -757.674194 -282.297271 283.225982 0.000000 -179.000000 0.000000 0.000000 0.000000 1.000000 0.000000 -179.000000 1.000000 2 0 0.000000
15 -445.022552 249.995208 253.250000 0.000000 135.000000 0.000000 0.000000 0.000000 1.000000 0.000000 135.000000 1.000000 2 0 0.000000
15 -442.004699 243.355957 363.375000 0.000000 116.000000 0.000000 0.000000 0.000000 1.000000 0.000000 116.000000 1.000000 2 0 0.000000
15 -326.704986 294.883453 285.250000 0.000000 155.000000 0.000000 0.000000 0.000000 1.000000 0.000000 155.000000 1.000000 2 0 0.000000
15 -326.704986 294.883453 395.375000 0.000000 155.000000 0.000000 0.000000 0.000000 1.000000 0.000000 155.000000 1.000000 2 0 0.000000
15 -473.917602 138.080810 285.250000 0.000000 138.000000 0.000000 0.000000 0.000000 1.000000 0.000000 138.000000 1.000000 2 0 0.000000
15 -473.917602 138.080810 395.375000 0.000000 134.000000 0.000000 0.000000 0.000000 1.000000 0.000000 134.000000 1.000000 2 0 0.000000
10 -482.725585 -562.475036 159.651824 0.000000 -90.000000 0.000000 0.000000 0.707106 0.707106 0.000000 -90.000000 1.000000 2 0 0.000000
10 -676.540344 -565.973388 163.150177 0.000000 -85.000000 0.000000 0.000000 0.707106 0.707106 0.000000 -85.000000 1.000000 2 0 0.000000
10 -752.138488 -280.633758 157.315277 0.000000 -179.000000 0.000000 0.707106 0.000000 0.707106 0.000000 -179.000000 1.000000 2 0 0.000000
15 -463.344238 -269.790405 143.125000 0.000000 -133.000000 0.000000 0.000000 0.000000 1.000000 0.000000 -133.000000 1.000000 2 0 0.000000
10 -764.568176 -473.419555 169.744949 0.000000 -169.000000 0.000000 0.707106 0.000000 0.707106 0.000000 -169.000000 1.000000 2 0 0.000000
15 -463.344238 -269.790405 253.250000 0.000000 -139.000000 0.000000 0.000000 0.000000 1.000000 0.000000 -139.000000 1.000000 2 0 0.000000
15 -463.344238 -269.790405 363.375000 0.000000 -139.000000 0.000000 0.000000 0.000000 1.000000 0.000000 -139.000000 1.000000 2 0 0.000000
10 -470.818237 560.649658 157.826446 0.000000 105.000000 0.000000 0.000000 -0.707106 0.707106 0.000000 105.000000 1.000000 2 0 0.000000
10 -657.156311 567.997680 165.174468 0.000000 137.000000 0.000000 0.000000 -0.707106 0.707106 0.000000 137.000000 1.000000 2 0 0.000000
10 -763.090881 488.320373 168.267669 0.000000 -172.000000 0.000000 0.707106 0.000000 0.707106 0.000000 -172.000000 1.000000 2 0 0.000000
10 -754.296325 285.643341 159.473114 0.000000 179.000000 0.000000 0.707106 0.000000 0.707106 0.000000 179.000000 1.000000 2 0 0.000000
10 -757.122375 290.808837 199.598114 0.000000 178.000000 0.000000 0.000000 0.000000 1.000000 0.000000 178.000000 1.000000 2 0 0.000000
10 -757.122375 290.808837 239.723114 0.000000 178.000000 0.000000 0.000000 0.000000 1.000000 0.000000 178.000000 1.000000 2 0 0.000000
10 -757.122375 290.808837 279.848114 0.000000 178.000000 0.000000 0.000000 0.000000 1.000000 0.000000 178.000000 1.000000 2 0 0.000000
10 -757.122375 290.808837 319.973114 0.000000 178.000000 0.000000 0.000000 0.000000 1.000000 0.000000 178.000000 1.000000 2 0 0.000000
10 -757.122375 290.808837 360.098114 0.000000 178.000000 0.000000 0.000000 0.000000 1.000000 0.000000 178.000000 1.000000 2 0 0.000000
10 -757.122375 290.808837 400.223114 0.000000 178.000000 0.000000 0.000000 0.000000 1.000000 0.000000 178.000000 1.000000 2 0 0.000000
10 -757.000671 484.982971 208.392669 0.000000 -179.000000 0.000000 0.000000 0.000000 1.000000 0.000000 -179.000000 1.000000 2 0 0.000000
10 -757.000671 484.982971 248.517669 0.000000 -179.000000 0.000000 0.000000 0.000000 1.000000 0.000000 -179.000000 1.000000 2 0 0.000000
10 -757.000671 484.982971 288.642669 0.000000 -179.000000 0.000000 0.000000 0.000000 1.000000 0.000000 -179.000000 1.000000 2 0 0.000000
10 -757.000671 484.982971 328.767669 0.000000 -179.000000 0.000000 0.000000 0.000000 1.000000 0.000000 -179.000000 1.000000 2 0 0.000000
10 -757.000671 484.982971 368.892669 0.000000 179.000000 0.000000 0.000000 0.000000 1.000000 0.000000 179.000000 1.000000 2 0 0.000000
10 -757.000671 484.982971 409.017669 0.000000 -179.000000 0.000000 0.000000 0.000000 1.000000 0.000000 -179.000000 1.000000 2 0 0.000000
10 -663.848449 576.989013 205.299468 0.000000 89.000000 0.000000 0.000000 0.000000 1.000000 0.000000 89.000000 1.000000 2 0 0.000000
10 -663.965515 568.707702 245.424468 0.000000 89.000000 0.000000 0.000000 0.000000 1.000000 0.000000 89.000000 1.000000 2 0 0.000000
10 -663.965515 568.707702 285.549468 0.000000 89.000000 0.000000 0.000000 0.000000 1.000000 0.000000 89.000000 1.000000 2 0 0.000000
10 -663.965515 568.707702 325.674468 0.000000 89.000000 0.000000 0.000000 0.000000 1.000000 0.000000 89.000000 1.000000 2 0 0.000000
10 -663.965515 568.707702 365.799468 0.000000 89.000000 0.000000 0.000000 0.000000 1.000000 0.000000 89.000000 1.000000 2 0 0.000000
10 -663.965515 568.707702 405.924468 0.000000 89.000000 0.000000 0.000000 0.000000 1.000000 0.000000 89.000000 1.000000 2 0 0.000000
10 -473.387359 557.486633 197.951446 0.000000 90.000000 0.000000 0.000000 0.000000 1.000000 0.000000 90.000000 1.000000 2 0 0.000000
10 -473.401031 566.328430 238.076446 0.000000 90.000000 0.000000 0.000000 0.000000 1.000000 0.000000 90.000000 1.000000 2 0 0.000000
10 -473.401031 566.328430 278.201446 0.000000 90.000000 0.000000 0.000000 0.000000 1.000000 0.000000 90.000000 1.000000 2 0 0.000000
10 -473.401031 566.328430 318.326446 0.000000 90.000000 0.000000 0.000000 0.000000 1.000000 0.000000 90.000000 1.000000 2 0 0.000000
10 -473.401031 566.328430 358.451446 0.000000 90.000000 0.000000 0.000000 0.000000 1.000000 0.000000 90.000000 1.000000 2 0 0.000000
10 -473.401031 566.328430 398.576446 0.000000 90.000000 0.000000 0.000000 0.000000 1.000000 0.000000 90.000000 1.000000 2 0 0.000000
10 -757.674194 -282.297271 323.350982 0.000000 -179.000000 0.000000 0.000000 0.000000 1.000000 0.000000 -179.000000 1.000000 2 0 0.000000
10 -757.674194 -282.297271 363.475982 0.000000 -179.000000 0.000000 0.000000 0.000000 1.000000 0.000000 -179.000000 1.000000 2 0 0.000000
14 -1079.194213 572.733886 455.125000 0.000000 -90.000000 0.000000 0.000000 0.000000 1.000000 0.000000 -90.000000 1.000000 2 0 0.000000
14 -1031.864257 764.013427 135.125000 0.000000 -83.000000 0.000000 0.000000 0.000000 1.000000 0.000000 -83.000000 1.000000 2 0 0.000000
14 956.056640 724.437927 135.125000 0.000000 -90.000000 0.000000 0.000000 0.000000 1.000000 0.000000 -90.000000 1.000000 2 0 0.000000
14 1010.384704 554.242919 455.125000 0.000000 -90.000000 0.000000 0.000000 0.000000 1.000000 0.000000 -90.000000 1.000000 2 0 0.000000
14 1007.976196 -560.910095 455.125000 0.000000 57.000000 0.000000 0.000000 0.000000 1.000000 0.000000 57.000000 1.000000 2 0 0.000000
14 955.075012 -731.003051 135.125000 0.000000 91.000000 0.000000 0.000000 0.000000 1.000000 0.000000 91.000000 1.000000 2 0 0.000000
16 991.064880 695.843078 495.125000 0.000000 -1.000000 0.000000 0.000000 0.000000 1.000000 0.000000 -1.000000 1.000000 2 0 0.000000
14 -1026.534545 -717.954223 135.125000 0.000000 91.000000 0.000000 0.000000 0.000000 1.000000 0.000000 91.000000 1.000000 2 0 0.000000
14 -1065.579589 -564.658142 455.125000 0.000000 103.000000 0.000000 0.000000 0.000000 1.000000 0.000000 103.000000 1.000000 2 0 0.000000
14 -1048.735229 -8.667757 679.125000 0.000000 -92.000000 0.000000 0.000000 0.000000 1.000000 0.000000 -92.000000 1.000000 2 0 0.000000
14 989.248413 0.565129 711.125000 0.000000 179.000000 0.000000 0.000000 0.000000 1.000000 0.000000 179.000000 1.000000 2 0 0.000000
15 -30.356817 278.401428 -112.875000 0.000000 -83.000000 0.000000 0.000000 0.000000 1.000000 0.000000 -83.000000 1.000000 2 0 0.000000
12 -255.342300 -198.977905 -114.875000 0.000000 179.000000 0.000000 0.000000 0.000000 1.000000 0.000000 179.000000 1.000000 2 0 0.000000
9 292.395629 -140.925216 -123.875000 0.000000 90.000000 0.000000 0.000000 0.000000 1.000000 0.000000 90.000000 1.000000 0 0 0.000000
11 -2313.434326 2.640289 -23.875000 0.000000 -169.000000 0.000000 0.000000 0.000000 1.000000 0.000000 -169.000000 1.000000 2 0 0.000000
15 -2145.411376 -163.075424 31.124996 0.000000 -89.000000 0.000000 0.000000 0.000000 1.000000 0.000000 -89.000000 1.000000 2 0 0.000000
15 -2041.069946 -164.487045 31.124996 0.000000 -53.000000 0.000000 0.000000 0.000000 1.000000 0.000000 -53.000000 1.000000 2 0 0.000000
13 -2165.503906 -154.781906 139.250000 0.000000 -88.000000 0.000000 0.000000 0.000000 1.000000 0.000000 -88.000000 1.000000 2 0 0.000000
15 1736.623413 -323.786193 79.125000 0.000000 43.000000 0.000000 0.000000 0.000000 1.000000 0.000000 43.000000 1.000000 2 0 0.000000
15 1776.694824 -411.641845 79.125000 0.000000 15.000000 0.000000 0.000000 0.000000 1.000000 0.000000 15.000000 1.000000 2 0 0.000000
15 1584.518554 -412.576965 63.125000 0.000000 91.000000 0.000000 0.000000 0.000000 1.000000 0.000000 91.000000 1.000000 2 0 0.000000
15 1553.919921 -331.018646 63.125000 0.000000 -179.000000 0.000000 0.000000 0.000000 1.000000 0.000000 -179.000000 1.000000 2 0 0.000000
15 1540.514526 -257.046112 63.125000 0.000000 178.000000 0.000000 0.000000 0.000000 1.000000 0.000000 178.000000 1.000000 2 0 0.000000
15 1765.961914 -283.177093 79.125000 0.000000 2.000000 0.000000 0.000000 0.000000 1.000000 0.000000 2.000000 1.000000 2 0 0.000000
15 -2305.212402 -0.539307 79.125000 0.000000 176.000000 0.000000 0.000000 0.000000 1.000000 0.000000 176.000000 1.000000 2 0 0.000000
16 -2302.391357 61.206542 -48.875000 0.000000 176.000000 0.000000 0.000000 0.000000 1.000000 0.000000 176.000000 1.000000 2 0 0.000000
16 -2302.592529 -49.737323 -48.875000 0.000000 178.000000 0.000000 0.000000 0.000000 1.000000 0.000000 178.000000 1.000000 2 0 0.000000
16 -2312.217529 60.935173 -8.750000 0.000000 178.000000 0.000000 0.000000 0.000000 1.000000 0.000000 178.000000 1.000000 2 0 0.000000
16 -2310.108642 -48.968471 -8.750000 0.000000 178.000000 0.000000 0.000000 0.000000 1.000000 0.000000 178.000000 1.000000 2 0 0.000000
16 -2310.669189 65.336776 31.375000 0.000000 178.000000 0.000000 0.000000 0.000000 1.000000 0.000000 178.000000 1.000000 2 0 0.000000
16 -2309.288085 -47.180500 31.375000 0.000000 179.000000 0.000000 0.000000 0.000000 1.000000 0.000000 179.000000 1.000000 2 0 0.000000
15 187.720535 -956.901489 -224.875000 0.000000 93.000000 0.000000 0.000000 0.000000 1.000000 0.000000 93.000000 1.000000 2 0 0.000000
15 -103.797294 -1241.633544 -176.875000 0.000000 -90.000000 0.000000 0.000000 0.000000 1.000000 0.000000 -90.000000 1.000000 2 0 0.000000
15 -194.090270 -1241.575805 -176.875000 0.000000 -90.000000 0.000000 0.000000 0.000000 1.000000 0.000000 -90.000000 1.000000 2 0 0.000000
15 -284.370788 -1242.696777 -176.875000 0.000000 -89.000000 0.000000 0.000000 0.000000 1.000000 0.000000 -89.000000 1.000000 2 0 0.000000
15 -345.475006 -1166.531494 -176.875000 0.000000 177.000000 0.000000 0.000000 0.000000 1.000000 0.000000 177.000000 1.000000 2 0 0.000000
15 -349.113098 -1085.744628 -176.875000 0.000000 177.000000 0.000000 0.000000 0.000000 1.000000 0.000000 177.000000 1.000000 2 0 0.000000
15 -349.146942 -994.535278 -176.875000 0.000000 -179.000000 0.000000 0.000000 0.000000 1.000000 0.000000 -179.000000 1.000000 2 0 0.000000
15 -52.406520 -924.379943 -176.875000 0.000000 96.000000 0.000000 0.000000 0.000000 1.000000 0.000000 96.000000 1.000000 2 0 0.000000
15 -1.557610 -935.710266 -224.875000 0.000000 87.000000 0.000000 0.000000 0.000000 1.000000 0.000000 87.000000 1.000000 2 0 0.000000
15 279.793762 -1062.541503 -192.875000 0.000000 -2.000000 0.000000 0.000000 0.000000 1.000000 0.000000 -2.000000 1.000000 2 0 0.000000
15 280.064483 -1156.253662 -192.875000 0.000000 -1.000000 0.000000 0.000000 0.000000 1.000000 0.000000 -1.000000 1.000000 2 0 0.000000
15 -938.784606 -552.697875 -48.875000 0.000000 -23.000000 0.000000 0.000000 0.000000 1.000000 0.000000 -23.000000 1.000000 2 0 0.000000
15 -936.351440 -477.844787 -48.875000 0.000000 17.000000 0.000000 0.000000 0.000000 1.000000 0.000000 17.000000 1.000000 2 0 0.000000
15 -1154.446655 -427.909393 15.125000 0.000000 84.000000 0.000000 0.000000 0.000000 1.000000 0.000000 84.000000 1.000000 2 0 0.000000
15 -925.634033 -490.565155 -64.875000 0.000000 -2.000000 0.000000 0.000000 0.000000 1.000000 0.000000 -2.000000 1.000000 2 0 0.000000
15 -1135.671875 -405.835784 -112.875000 0.000000 88.000000 0.000000 0.000000 0.000000 1.000000 0.000000 88.000000 1.000000 2 0 0.000000
15 -1238.020141 -434.723388 15.125000 0.000000 87.000000 0.000000 0.000000 0.000000 1.000000 0.000000 87.000000 1.000000 2 0 0.000000
15 -1228.241821 -421.408752 -70.239334 0.000000 82.000000 0.000000 0.447213 0.000000 0.894427 0.000000 82.000000 1.000000 2 0 0.000000
15 -1726.201782 110.001777 31.125000 0.000000 -86.000000 0.000000 0.000000 0.000000 1.000000 0.000000 -86.000000 1.000000 2 0 0.000000
15 -1989.235717 9.209238 -112.875000 0.000000 -3.000000 0.000000 0.000000 0.000000 1.000000 0.000000 -3.000000 1.000000 2 0 0.000000
15 -1983.477783 7.852184 -2.749999 0.000000 3.000000 0.000000 0.000000 0.000000 1.000000 0.000000 3.000000 1.000000 2 0 0.000000
11 -1117.822387 -625.330505 -71.875000 0.000000 -89.000000 0.000000 0.000000 0.000000 1.000000 0.000000 -89.000000 1.000000 2 0 0.000000
11 -1162.700195 -616.756652 -71.875000 0.000000 -2.000000 0.000000 0.000000 0.000000 1.000000 0.000000 -2.000000 1.000000 2 0 0.000000
11 -1187.675781 -616.759155 8.250000 0.000000 -1.000000 0.000000 0.000000 0.000000 1.000000 0.000000 -1.000000 1.000000 2 0 0.000000
11 -1008.605651 -622.381164 -71.875000 0.000000 -91.000000 0.000000 0.000000 0.000000 1.000000 0.000000 -91.000000 1.000000 2 0 0.000000
11 -1069.175781 -623.847656 -71.875000 0.000000 -84.000000 0.000000 0.000000 0.000000 1.000000 0.000000 -84.000000 1.000000 2 0 0.000000
15 -1560.008300 85.941780 -112.875000 0.000000 -7.000000 0.000000 0.000000 0.000000 1.000000 0.000000 -7.000000 1.000000 2 0 0.000000
15 -1549.221801 -3.260885 -112.875000 0.000000 -5.000000 0.000000 0.000000 0.000000 1.000000 0.000000 -5.000000 1.000000 2 0 0.000000
11 -1559.805908 -81.145294 -87.875000 0.000000 -2.000000 0.000000 0.000000 0.000000 1.000000 0.000000 -2.000000 1.000000 2 0 0.000000
11 -1564.375488 -81.105430 -7.750000 0.000000 2.000000 0.000000 0.000000 0.000000 1.000000 0.000000 2.000000 1.000000 2 0 0.000000
15 -1910.727783 -110.509681 31.125000 0.000000 167.000000 0.000000 0.000000 0.000000 1.000000 0.000000 167.000000 1.000000 2 0 0.000000
15 -1815.699218 -123.286766 31.125000 0.000000 116.000000 0.000000 0.000000 0.000000 1.000000 0.000000 116.000000 1.000000 2 0 0.000000
15 197.064193 -1007.961181 -37271.074218 0.000000 60.000000 0.000000 0.000000 0.000000 0.000000 0.000000 60.000000 1.000000 2 0 0.000000
15 -1721.967651 -129.584152 31.125000 0.000000 88.000000 0.000000 0.000000 0.000000 1.000000 0.000000 88.000000 1.000000 2 0 0.000000
15 -1968.453369 161.390274 31.125000 0.000000 116.000000 0.000000 0.000000 0.000000 1.000000 0.000000 116.000000 1.000000 2 0 0.000000
15 -2053.259277 164.477645 31.125000 0.000000 83.000000 0.000000 0.000000 0.000000 1.000000 0.000000 83.000000 1.000000 2 0 0.000000
15 -1815.570800 119.120155 31.125000 0.000000 -27.000000 0.000000 0.000000 0.000000 1.000000 0.000000 -27.000000 1.000000 2 0 0.000000
1 -1946.647216 -171.554122 -112.875000 0.000000 -102.000000 0.000000 0.000000 0.000000 1.000000 0.000000 -102.000000 1.000000 0 0 0.000000
15 -2252.387695 -209.537292 12.408395 0.000000 84.000000 0.000000 0.000000 0.447213 0.894427 0.000000 84.000000 1.000000 2 0 0.000000
11 -1991.142700 9.226669 132.375000 0.000000 1.000000 0.000000 0.000000 0.000000 1.000000 0.000000 1.000000 1.000000 2 0 0.000000
10 -2051.822998 174.706192 146.250000 0.000000 -118.000000 0.000000 0.000000 0.000000 1.000000 0.000000 -118.000000 1.000000 2 0 0.000000
11 -2226.987304 -172.940948 147.533401 0.000000 141.000000 0.000000 0.000000 0.000000 1.000000 0.000000 141.000000 1.000000 2 0 0.000000
10 -1976.456420 177.634277 146.250000 0.000000 -61.000000 0.000000 0.000000 0.000000 1.000000 0.000000 -61.000000 1.000000 2 0 0.000000
15 1756.914550 -115.900672 31.124996 0.000000 164.000000 0.000000 0.000000 0.000000 1.000000 0.000000 164.000000 1.000000 2 0 0.000000
11 171.892242 -982.721618 -89.750007 0.000000 95.000000 0.000000 0.000000 0.000000 1.000000 0.000000 95.000000 1.000000 2 0 0.000000
11 214.801406 -987.667602 -89.750007 0.000000 83.000000 0.000000 0.000000 0.000000 1.000000 0.000000 83.000000 1.000000 2 0 0.000000
15 1770.752807 -202.149154 31.124996 0.000000 -3.000000 0.000000 0.000000 0.000000 1.000000 0.000000 -3.000000 1.000000 2 0 0.000000
10 1730.028320 -227.000335 146.250000 0.000000 13.000000 0.000000 0.000000 0.000000 1.000000 0.000000 13.000000 1.000000 2 0 0.000000
10 1716.290893 -171.798141 146.250000 0.000000 37.000000 0.000000 0.000000 0.000000 1.000000 0.000000 37.000000 1.000000 2 0 0.000000
15 1662.472290 -88.013175 31.125000 0.000000 -6.000000 -84.000000 0.000000 0.000000 1.000000 0.000000 -6.000000 0.000000 2 0 0.000000
10 -636.667175 -456.928680 -67.750000 0.000000 90.000000 0.000000 0.000000 0.000000 1.000000 0.000000 90.000000 1.000000 2 1 0.000000
10 -1008.593017 -598.493103 -11.750000 0.000000 -92.000000 0.000000 0.000000 0.000000 1.000000 0.000000 -92.000000 1.000000 2 1 0.000000
10 105.465026 -970.811645 -139.750000 0.000000 86.000000 0.000000 0.000000 0.000000 1.000000 0.000000 86.000000 1.000000 2 1 0.000000
10 1649.087890 -176.951324 116.250000 0.000000 89.000000 0.000000 0.000000 0.000000 1.000000 0.000000 89.000000 1.000000 2 1 0.000000
11 130.770950 -451.525238 -7.750000 0.000000 179.000000 0.000000 0.000000 0.000000 1.000000 0.000000 179.000000 1.000000 2 1 0.000000
11 -643.401123 451.150787 -7.750000 0.000000 -85.000000 0.000000 0.000000 0.000000 1.000000 0.000000 -85.000000 1.000000 2 1 0.000000
11 -1116.928955 -618.389648 8.250000 0.000000 -89.000000 0.000000 0.000000 0.000000 1.000000 0.000000 -89.000000 1.000000 2 1 0.000000
11 -1070.246215 -621.105651 8.250000 0.000000 -90.000000 0.000000 0.000000 0.000000 1.000000 0.000000 -90.000000 1.000000 2 1 0.000000
13 -2084.168945 86.187362 29.496788 0.000000 -2.000000 0.000000 0.000000 0.000000 1.000000 0.000000 -2.000000 1.000000 2 2 0.000000
11 -2089.165527 34.404224 56.496780 0.000000 50.000000 0.000000 0.000000 0.000000 1.000000 0.000000 50.000000 1.000000 2 2 0.000000
11 -2059.358642 31.668964 116.621788 0.000000 66.000000 0.000000 0.000000 0.000000 1.000000 0.000000 66.000000 1.000000 2 2 0.000000
13 -2017.633056 81.087699 29.496789 0.000000 -179.000000 0.000000 0.000000 0.000000 1.000000 0.000000 -179.000000 1.000000 2 2 0.000000
10 -636.667175 -456.928680 -27.625001 0.000000 90.000000 0.000000 0.000000 0.000000 1.000000 0.000000 90.000000 1.000000 2 2 0.000000
14 -1011.370056 -608.630676 15.375000 0.000000 -90.000000 0.000000 0.000000 0.000000 1.000000 0.000000 -90.000000 1.000000 2 2 0.000000
14 107.153404 -1005.576660 -112.625000 0.000000 90.000000 0.000000 0.000000 0.000000 1.000000 0.000000 90.000000 1.000000 2 2 0.000000
14 1641.845947 -179.247390 143.375000 0.000000 89.000000 0.000000 0.000000 0.000000 1.000000 0.000000 89.000000 1.000000 2 2 0.000000
11 112.275657 -450.161315 72.375000 0.000000 179.000000 0.000000 0.000000 0.000000 1.000000 0.000000 179.000000 1.000000 2 2 0.000000
11 -643.401123 451.150787 72.375000 0.000000 -85.000000 0.000000 0.000000 0.000000 1.000000 0.000000 -85.000000 1.000000 2 2 0.000000
11 -2093.881103 15.033255 136.621780 0.000000 33.000000 0.000000 0.000000 0.000000 1.000000 0.000000 33.000000 1.000000 2 3 0.000000
10 -636.667175 -456.928680 12.499996 0.000000 90.000000 0.000000 0.000000 0.000000 1.000000 0.000000 90.000000 1.000000 2 3 0.000000
11 95.859718 -450.146179 152.500000 0.000000 179.000000 0.000000 0.000000 0.000000 1.000000 0.000000 179.000000 1.000000 2 3 0.000000
11 -645.049377 461.121765 152.500000 0.000000 -88.000000 0.000000 0.000000 0.000000 1.000000 0.000000 -88.000000 1.000000 2 3 0.000000
11 -2113.741455 97.217170 116.621788 0.000000 -2.000000 0.000000 0.000000 0.000000 1.000000 0.000000 -2.000000 1.000000 2 4 0.000000
11 -2106.062988 51.761928 116.621788 0.000000 34.000000 0.000000 0.000000 0.000000 1.000000 0.000000 34.000000 1.000000 2 4 0.000000
10 -636.667175 -456.928680 52.624996 0.000000 90.000000 0.000000 0.000000 0.000000 1.000000 0.000000 90.000000 1.000000 2 4 0.000000
11 87.690750 -450.088745 232.625000 0.000000 177.000000 0.000000 0.000000 0.000000 1.000000 0.000000 177.000000 1.000000 2 4 0.000000
16 -613.820800 461.685821 207.625000 0.000000 3.000000 0.000000 0.000000 0.000000 1.000000 0.000000 3.000000 1.000000 2 4 0.000000
10 67.406684 -451.378723 292.750000 0.000000 178.000000 0.000000 0.000000 0.000000 1.000000 0.000000 178.000000 1.000000 2 5 0.000000
10 -636.667175 -456.928680 92.750000 0.000000 90.000000 0.000000 0.000000 0.000000 1.000000 0.000000 90.000000 1.000000 2 5 0.000000
16 -588.704528 463.070556 247.750000 0.000000 2.000000 0.000000 0.000000 0.000000 1.000000 0.000000 2.000000 1.000000 2 5 0.000000
10 -636.667175 -456.928680 132.875000 0.000000 90.000000 0.000000 0.000000 0.000000 1.000000 0.000000 90.000000 1.000000 2 6 0.000000
16 -565.475036 462.832183 287.875000 0.000000 -1.000000 0.000000 0.000000 0.000000 1.000000 0.000000 -1.000000 1.000000 2 6 0.000000
10 -636.667175 -456.928680 173.000000 0.000000 90.000000 0.000000 0.000000 0.000000 1.000000 0.000000 90.000000 1.000000 2 7 0.000000
16 -550.259643 462.631347 328.000000 0.000000 -1.000000 0.000000 0.000000 0.000000 1.000000 0.000000 -1.000000 1.000000 2 7 0.000000
10 -636.667175 -456.928680 213.125000 0.000000 90.000000 0.000000 0.000000 0.000000 1.000000 0.000000 90.000000 1.000000 2 8 0.000000
16 -534.110656 462.135437 368.125000 0.000000 -1.000000 0.000000 0.000000 0.000000 1.000000 0.000000 -1.000000 1.000000 2 8 0.000000
10 -636.667175 -456.928680 253.250000 0.000000 90.000000 0.000000 0.000000 0.000000 1.000000 0.000000 90.000000 1.000000 2 9 0.000000
16 -510.268951 460.255401 408.250000 0.000000 0.000000 0.000000 0.000000 0.000000 1.000000 0.000000 0.000000 1.000000 2 9 0.000000
16 -657.266174 -453.874420 288.375000 0.000000 -178.000000 0.000000 0.000000 0.000000 1.000000 0.000000 -178.000000 1.000000 2 10 0.000000
10 -675.878662 -456.816619 333.500000 0.000000 169.000000 0.000000 0.000000 0.000000 1.000000 0.000000 169.000000 1.000000 2 12 0.000000
9 -504.534881 463.571716 437.375000 0.000000 -2.000000 0.000000 0.000000 0.000000 1.000000 0.000000 -2.000000 1.000000 0 12 0.000000
