15 3128.506347 -2281.019531 307.625000 0.000000 -52.000000 0.000000 0.000000 0.000000 1.000000 0.000000 -52.000000 1.000000
11 3101.760742 -2436.387695 320.625000 0.000000 -10.000000 0.000000 0.000000 0.000000 1.000000 0.000000 -10.000000 1.000000
11 3106.221679 -2368.061523 332.625000 0.000000 14.000000 0.000000 0.000000 0.000000 1.000000 0.000000 14.000000 1.000000
11 3147.234863 -2199.910400 320.625000 0.000000 14.000000 0.000000 0.000000 0.000000 1.000000 0.000000 14.000000 1.000000
11 3196.235107 -2172.574951 320.625000 0.000000 -5.000000 0.000000 0.000000 0.000000 1.000000 0.000000 -5.000000 1.000000
15 2247.780761 -2304.418701 255.625000 0.000000 -17.000000 0.000000 0.000000 0.000000 1.000000 0.000000 -17.000000 1.000000
14 3942.651855 -1758.781127 247.625000 0.000000 89.000000 0.000000 0.000000 0.000000 1.000000 0.000000 89.000000 1.000000
10 -384.486572 3014.134765 -35.375000 0.000000 85.000000 0.000000 0.000000 0.000000 1.000000 0.000000 85.000000 1.000000
13 -451.200347 3337.987792 -42.375000 0.000000 -41.000000 0.000000 0.000000 0.000000 1.000000 0.000000 -41.000000 1.000000
15 -367.861541 2874.471191 -104.875000 0.000000 -73.000000 0.000000 0.000000 0.000000 1.000000 0.000000 -73.000000 1.000000
13 -457.895294 3419.615966 -42.375000 0.000000 0.000000 0.000000 0.000000 0.000000 1.000000 0.000000 0.000000 1.000000
10 -348.039398 3375.525390 -35.375000 0.000000 171.000000 0.000000 0.000000 0.000000 1.000000 0.000000 171.000000 1.000000
13 -821.008789 4213.993164 107.625000 0.000000 -86.000000 0.000000 0.000000 0.000000 1.000000 0.000000 -86.000000 1.000000
13 -898.295104 4209.144531 107.625000 0.000000 -91.000000 0.000000 0.000000 0.000000 1.000000 0.000000 -91.000000 1.000000
10 -523.422790 3464.198486 204.625000 0.000000 -13.000000 0.000000 0.000000 0.000000 1.000000 0.000000 -13.000000 1.000000
15 -961.606079 3409.187988 181.625000 0.000000 175.000000 0.000000 0.000000 0.000000 1.000000 0.000000 175.000000 1.000000
14 -1595.416259 3248.762939 137.625000 0.000000 -135.000000 0.000000 0.000000 0.000000 1.000000 0.000000 -135.000000 1.000000
10 -1493.557495 3272.595458 150.625000 0.000000 -129.000000 0.000000 0.000000 0.000000 1.000000 0.000000 -129.000000 1.000000
10 -1575.547485 3339.862304 150.625000 0.000000 -129.000000 0.000000 0.000000 0.000000 1.000000 0.000000 -129.000000 1.000000
11 -1516.701416 3326.862792 170.625000 0.000000 -140.000000 0.000000 0.000000 0.000000 1.000000 0.000000 -140.000000 1.000000
11 -1436.409423 3243.111083 170.625000 0.000000 -122.000000 0.000000 0.000000 0.000000 1.000000 0.000000 -122.000000 1.000000
11 2682.324462 -2135.890869 324.125000 0.000000 8.000000 0.000000 0.000000 0.000000 1.000000 0.000000 8.000000 1.000000
11 -1528.483764 3405.173583 170.625000 0.000000 -128.000000 0.000000 0.000000 0.000000 1.000000 0.000000 -128.000000 1.000000
11 2794.345703 -2148.951904 324.125000 0.000000 -64.000000 0.000000 0.000000 0.000000 1.000000 0.000000 -64.000000 1.000000
11 -1591.619750 3440.174560 170.625000 0.000000 -128.000000 0.000000 0.000000 0.000000 1.000000 0.000000 -128.000000 1.000000
11 -1444.533569 3357.031494 170.625000 0.000000 -128.000000 0.000000 0.000000 0.000000 1.000000 0.000000 -128.000000 1.000000
11 -1571.169677 3532.577148 170.625000 0.000000 164.000000 0.000000 0.000000 0.000000 1.000000 0.000000 164.000000 1.000000
11 -1435.768554 3600.256347 170.625000 0.000000 98.000000 0.000000 0.000000 0.000000 1.000000 0.000000 98.000000 1.000000
11 -1518.358642 3644.491455 170.625000 0.000000 64.000000 0.000000 0.000000 0.000000 1.000000 0.000000 64.000000 1.000000
11 -1486.371215 3767.534667 170.625000 0.000000 77.000000 0.000000 0.000000 0.000000 1.000000 0.000000 77.000000 1.000000
11 -1561.003295 3953.045410 170.625000 0.000000 92.000000 0.000000 0.000000 0.000000 1.000000 0.000000 92.000000 1.000000
11 -1594.675048 3811.144775 170.625000 0.000000 132.000000 0.000000 0.000000 0.000000 1.000000 0.000000 132.000000 1.000000
11 -1513.196655 3865.897949 170.625000 0.000000 -7.000000 0.000000 0.000000 0.000000 1.000000 0.000000 -7.000000 1.000000
11 -1429.135131 3801.064697 170.625000 0.000000 -12.000000 0.000000 0.000000 0.000000 1.000000 0.000000 -12.000000 1.000000
15 -1375.747558 3890.782958 149.625000 0.000000 -7.000000 0.000000 0.000000 0.000000 1.000000 0.000000 -7.000000 1.000000
10 -1315.460327 3741.143554 150.625000 0.000000 -147.000000 0.000000 0.000000 0.000000 1.000000 0.000000 -147.000000 1.000000
11 -1373.578125 3725.891357 174.625000 0.000000 1.000000 0.000000 0.000000 0.000000 1.000000 0.000000 1.000000 1.000000
15 -1354.294555 3808.063720 149.625000 0.000000 171.000000 0.000000 0.000000 0.000000 1.000000 0.000000 171.000000 1.000000
14 -40.225479 4825.179199 -72.375000 0.000000 121.000000 0.000000 0.000000 0.000000 1.000000 0.000000 121.000000 1.000000
16 25.704540 4811.305664 -64.375000 0.000000 60.000000 0.000000 0.000000 0.000000 1.000000 0.000000 60.000000 1.000000
11 -73.787582 4762.680664 -39.375000 0.000000 87.000000 0.000000 0.000000 0.000000 1.000000 0.000000 87.000000 1.000000
11 -25.869638 4760.409667 -39.375000 0.000000 87.000000 0.000000 0.000000 0.000000 1.000000 0.000000 87.000000 1.000000
11 35.745468 4757.163574 -39.375000 0.000000 87.000000 0.000000 0.000000 0.000000 1.000000 0.000000 87.000000 1.000000
11 -205.051147 4775.819824 -39.375000 0.000000 94.000000 0.000000 0.000000 0.000000 1.000000 0.000000 94.000000 1.000000
11 -265.342773 4771.458007 -39.375000 0.000000 92.000000 0.000000 0.000000 0.000000 1.000000 0.000000 92.000000 1.000000
11 -311.598541 4769.465820 -39.375000 0.000000 92.000000 0.000000 0.000000 0.000000 1.000000 0.000000 92.000000 1.000000
10 -302.250183 4833.895019 -59.375000 0.000000 39.000000 0.000000 0.000000 0.000000 1.000000 0.000000 39.000000 1.000000
14 -574.961669 3828.840820 -20.375000 0.000000 -169.000000 0.000000 0.000000 0.000000 1.000000 0.000000 -169.000000 1.000000
11 -946.196411 3732.149902 134.625000 0.000000 -141.000000 0.000000 0.000000 0.000000 1.000000 0.000000 -141.000000 1.000000
11 -900.360351 3836.997070 130.625000 0.000000 173.000000 0.000000 0.000000 0.000000 1.000000 0.000000 173.000000 1.000000
11 -826.387268 3767.674072 130.625000 0.000000 41.000000 0.000000 0.000000 0.000000 1.000000 0.000000 41.000000 1.000000
11 -765.778320 4074.427246 144.625000 0.000000 89.000000 0.000000 0.000000 0.000000 1.000000 0.000000 89.000000 1.000000
11 -826.832092 3902.233398 130.625000 0.000000 70.000000 0.000000 0.000000 0.000000 1.000000 0.000000 70.000000 1.000000
11 -948.046203 3967.590332 154.377502 0.000000 57.000000 0.000000 0.274721 0.000000 0.961523 0.000000 57.000000 1.000000
11 -900.112121 3968.850585 130.625000 0.000000 57.000000 0.000000 0.000000 0.000000 1.000000 0.000000 57.000000 1.000000
11 -804.565307 3980.657714 130.625000 0.000000 57.000000 0.000000 0.000000 0.000000 1.000000 0.000000 57.000000 1.000000
11 -859.502563 4097.033203 130.625000 0.000000 142.000000 0.000000 0.000000 0.000000 1.000000 0.000000 142.000000 1.000000
11 -937.397155 4060.604248 130.625000 0.000000 146.000000 0.000000 0.000000 0.000000 1.000000 0.000000 146.000000 1.000000
15 302.735961 2829.532470 -116.375000 0.000000 -172.000000 0.000000 0.000000 0.000000 1.000000 0.000000 -172.000000 1.000000
14 -258.000976 4470.744628 79.625000 0.000000 -96.000000 0.000000 0.000000 0.000000 1.000000 0.000000 -96.000000 1.000000
15 316.083465 2980.693847 -116.375000 0.000000 131.000000 0.000000 0.000000 0.000000 1.000000 0.000000 131.000000 1.000000
15 158.973358 2923.408203 -116.375000 0.000000 -179.000000 0.000000 0.000000 0.000000 1.000000 0.000000 -179.000000 1.000000
15 74.854858 2824.160644 -116.375000 0.000000 -173.000000 0.000000 0.000000 0.000000 1.000000 0.000000 -173.000000 1.000000
15 243.259002 3080.851806 -116.375000 0.000000 90.000000 0.000000 0.000000 0.000000 1.000000 0.000000 90.000000 1.000000
15 54.167846 3020.659179 -116.375000 0.000000 176.000000 0.000000 0.000000 0.000000 1.000000 0.000000 176.000000 1.000000
11 -17.309722 3137.991210 -91.375000 0.000000 169.000000 0.000000 0.000000 0.000000 1.000000 0.000000 169.000000 1.000000
11 95.738792 3145.483398 -91.375000 0.000000 -80.000000 0.000000 0.000000 0.000000 1.000000 0.000000 -80.000000 1.000000
15 114.019348 3521.168212 -80.375000 0.000000 63.000000 0.000000 0.000000 0.000000 1.000000 0.000000 63.000000 1.000000
15 209.781600 3521.586669 -80.375000 0.000000 63.000000 0.000000 0.000000 0.000000 1.000000 0.000000 63.000000 1.000000
11 274.514739 3469.889892 -55.375000 0.000000 82.000000 0.000000 0.000000 0.000000 1.000000 0.000000 82.000000 1.000000
13 71.692214 3374.250488 -78.375000 0.000000 175.000000 0.000000 0.000000 0.000000 1.000000 0.000000 175.000000 1.000000
13 153.092864 3380.541015 -82.375000 0.000000 179.000000 0.000000 0.000000 0.000000 1.000000 0.000000 179.000000 1.000000
15 218.249938 3169.137451 -108.375000 0.000000 16.000000 0.000000 0.000000 0.000000 1.000000 0.000000 16.000000 1.000000
10 253.780334 3641.204345 -55.375000 0.000000 -89.000000 0.000000 0.000000 0.000000 1.000000 0.000000 -89.000000 1.000000
15 86.749824 3913.484619 -64.375000 0.000000 -155.000000 0.000000 0.000000 0.000000 1.000000 0.000000 -155.000000 1.000000
11 -2.039482 3734.415527 -39.375000 0.000000 167.000000 0.000000 0.000000 0.000000 1.000000 0.000000 167.000000 1.000000
15 28.482170 3802.302978 -64.375000 0.000000 169.000000 0.000000 0.000000 0.000000 1.000000 0.000000 169.000000 1.000000
11 62.287734 3986.015869 -39.375000 0.000000 -132.000000 0.000000 0.000000 0.000000 1.000000 0.000000 -132.000000 1.000000
14 -261.302612 3630.451904 -28.375000 0.000000 -164.000000 0.000000 0.000000 0.000000 1.000000 0.000000 -164.000000 1.000000
10 -192.938232 3626.838867 -15.375000 0.000000 -86.000000 0.000000 0.000000 0.000000 1.000000 0.000000 -86.000000 1.000000
11 -344.725769 3680.841552 -3.375000 0.000000 -94.000000 0.000000 0.000000 0.000000 1.000000 0.000000 -94.000000 1.000000
11 -393.027374 3672.797119 12.625000 0.000000 -104.000000 0.000000 0.000000 0.000000 1.000000 0.000000 -104.000000 1.000000
11 -126.126647 3643.805908 -11.375000 0.000000 -72.000000 0.000000 0.000000 0.000000 1.000000 0.000000 -72.000000 1.000000
11 -181.077346 3677.071044 -11.375000 0.000000 -73.000000 0.000000 0.000000 0.000000 1.000000 0.000000 -73.000000 1.000000
10 -342.381347 3614.742187 -15.375000 0.000000 173.000000 0.000000 0.000000 0.000000 1.000000 0.000000 173.000000 1.000000
14 -287.299957 3646.511230 93.641418 0.000000 -166.000000 0.000000 0.000000 0.000000 1.000000 0.000000 -166.000000 1.000000
15 1712.315185 4807.109863 -178.375000 0.000000 -6.000000 0.000000 0.000000 0.000000 1.000000 0.000000 -6.000000 1.000000
10 1712.015625 4824.638671 -213.375000 0.000000 19.000000 0.000000 0.000000 0.000000 1.000000 0.000000 19.000000 1.000000
10 1708.770629 4770.756347 -213.375000 0.000000 -15.000000 0.000000 0.000000 0.000000 1.000000 0.000000 -15.000000 1.000000
15 1717.573486 4635.064453 -216.375000 0.000000 -143.000000 0.000000 0.000000 0.000000 1.000000 0.000000 -143.000000 1.000000
13 2045.111328 4771.028320 -140.375000 0.000000 160.000000 0.000000 0.000000 0.000000 1.000000 0.000000 160.000000 1.000000
13 1974.276123 4614.574707 -140.375000 0.000000 117.000000 0.000000 0.000000 0.000000 1.000000 0.000000 117.000000 1.000000
13 1891.544067 4675.212402 -140.375000 0.000000 155.000000 0.000000 0.000000 0.000000 1.000000 0.000000 155.000000 1.000000
15 2606.076660 4408.184082 -6.375001 0.000000 133.000000 0.000000 0.000000 0.000000 1.000000 0.000000 133.000000 1.000000
14 1876.432739 4606.543945 -34.375000 0.000000 -81.000000 0.000000 0.000000 0.000000 1.000000 0.000000 -81.000000 1.000000
15 2164.217773 4698.597656 -136.375000 0.000000 51.000000 0.000000 0.000000 0.000000 1.000000 0.000000 51.000000 1.000000
15 2187.018554 4598.810058 -112.375000 0.000000 -4.000000 0.000000 0.000000 0.000000 1.000000 0.000000 -4.000000 1.000000
15 2290.066650 4649.033691 -104.375000 0.000000 86.000000 0.000000 0.000000 0.000000 1.000000 0.000000 86.000000 1.000000
15 2310.722900 4515.853027 -72.375000 0.000000 83.000000 0.000000 0.000000 0.000000 1.000000 0.000000 83.000000 1.000000
13 2018.211914 4692.983398 -140.875000 0.000000 160.000000 0.000000 0.000000 0.000000 1.000000 0.000000 160.000000 1.000000
15 2627.455322 4490.285644 -46.375000 0.000000 140.000000 0.000000 0.000000 0.000000 1.000000 0.000000 140.000000 1.000000
15 2869.829101 4263.034179 19.625001 0.000000 -32.000000 0.000000 0.000000 0.000000 1.000000 0.000000 -32.000000 1.000000
15 2913.070312 4169.717773 19.625001 0.000000 -25.000000 0.000000 0.000000 0.000000 1.000000 0.000000 -25.000000 1.000000
11 2541.122314 4412.613769 -21.375000 0.000000 -65.000000 0.000000 0.000000 0.000000 1.000000 0.000000 -65.000000 1.000000
15 2934.113037 4086.301757 59.625000 0.000000 -23.000000 0.000000 0.000000 0.000000 1.000000 0.000000 -23.000000 1.000000
15 2879.298095 3910.982421 45.625000 0.000000 -134.000000 0.000000 0.000000 0.000000 1.000000 0.000000 -134.000000 1.000000
15 3101.968261 3824.534423 85.625000 0.000000 -56.000000 0.000000 0.000000 0.000000 1.000000 0.000000 -56.000000 1.000000
15 2982.407714 3810.523437 47.625000 0.000000 10.000000 0.000000 0.000000 0.000000 1.000000 0.000000 10.000000 1.000000
15 3124.290771 3920.572509 85.625000 0.000000 -41.000000 0.000000 0.000000 0.000000 1.000000 0.000000 -41.000000 1.000000
15 3062.824707 3697.953125 125.624992 0.000000 116.000000 0.000000 0.000000 0.000000 1.000000 0.000000 116.000000 1.000000
15 3268.090820 3523.467529 151.625000 0.000000 -11.000000 0.000000 0.000000 0.000000 1.000000 0.000000 -11.000000 1.000000
15 3170.020751 3476.078857 151.625000 0.000000 -74.000000 0.000000 0.000000 0.000000 1.000000 0.000000 -74.000000 1.000000
15 3206.901855 3368.048339 191.625000 0.000000 64.000000 0.000000 0.000000 0.000000 1.000000 0.000000 64.000000 1.000000
15 3290.000976 3430.251708 151.625000 0.000000 22.000000 0.000000 0.000000 0.000000 1.000000 0.000000 22.000000 1.000000
15 3263.816894 3280.551757 175.625000 0.000000 31.000000 0.000000 0.000000 0.000000 1.000000 0.000000 31.000000 1.000000
15 3071.007568 3415.658447 109.624992 0.000000 -41.000000 0.000000 0.000000 0.000000 1.000000 0.000000 -41.000000 1.000000
15 2897.246337 3732.626464 47.625000 0.000000 -24.000000 0.000000 0.000000 0.000000 1.000000 0.000000 -24.000000 1.000000
15 2670.716796 4037.818359 -18.375000 0.000000 -19.000000 0.000000 0.000000 0.000000 1.000000 0.000000 -19.000000 1.000000
15 2138.557128 4452.745605 -154.375000 0.000000 43.000000 0.000000 0.000000 0.000000 1.000000 0.000000 43.000000 1.000000
15 2385.602783 4246.532714 -84.375000 0.000000 -3.000000 0.000000 0.000000 0.000000 1.000000 0.000000 -3.000000 1.000000
15 1766.808227 4542.378906 -228.375000 0.000000 57.000000 0.000000 0.000000 0.000000 1.000000 0.000000 57.000000 1.000000
14 4105.675781 2274.021972 147.625000 0.000000 1.000000 0.000000 0.000000 0.000000 1.000000 0.000000 1.000000 1.000000
16 4031.418212 2269.974365 155.625000 0.000000 1.000000 0.000000 0.000000 0.000000 1.000000 0.000000 1.000000 1.000000
11 4603.065917 181.741943 272.625000 0.000000 -85.000000 0.000000 0.000000 0.000000 1.000000 0.000000 -85.000000 1.000000
11 4534.421875 178.101684 272.625000 0.000000 -92.000000 0.000000 0.000000 0.000000 1.000000 0.000000 -92.000000 1.000000
10 4567.742187 368.152099 252.625000 0.000000 -91.000000 0.000000 0.000000 0.000000 1.000000 0.000000 -91.000000 1.000000
14 4569.517089 275.049865 239.625000 0.000000 -123.000000 0.000000 0.000000 0.000000 1.000000 0.000000 -123.000000 1.000000
4 3461.074218 2929.874511 177.625000 0.000000 -7.000000 0.000000 0.000000 0.000000 1.000000 0.000000 -7.000000 1.000000
1 3665.031005 2794.814941 354.375000 0.000000 -126.000000 -179.000000 0.000000 0.000000 -1.000000 1.000000 -126.000000 0.000000
4 3472.746093 2979.872558 177.625000 0.000000 42.000000 0.000000 0.000000 0.000000 1.000000 0.000000 42.000000 1.000000
4 3426.723144 2995.262695 177.625000 0.000000 28.000000 0.000000 0.000000 0.000000 1.000000 0.000000 28.000000 1.000000
4 3430.957519 2962.122802 177.625000 0.000000 8.000000 0.000000 0.000000 0.000000 1.000000 0.000000 8.000000 1.000000
4 3396.359619 2976.613281 177.625000 0.000000 26.000000 0.000000 0.000000 0.000000 1.000000 0.000000 26.000000 1.000000
4 3455.583740 2982.375000 253.442092 0.000000 -13.000000 92.000000 0.000000 -1.000000 0.000000 0.000000 -13.000000 0.000000
4 3476.218261 2980.897705 291.918792 0.000000 -13.000000 92.000000 -0.707106 -0.707106 0.000000 0.000000 -13.000000 0.000000
4 3470.039306 2987.076660 332.529754 0.000000 -13.000000 91.000000 -0.707106 -0.707106 0.000000 0.000000 -13.000000 0.000000
4 3471.933593 2985.182373 209.026351 0.000000 -13.000000 85.000000 -0.707106 -0.707106 0.000000 0.000000 -13.000000 0.000000
4 3432.936035 3000.375000 210.062133 0.000000 -17.000000 76.000000 0.000000 -1.000000 0.000000 0.000000 -17.000000 0.000000
4 3424.564453 2982.375000 246.154693 0.000000 -16.000000 78.000000 0.000000 -1.000000 0.000000 0.000000 -16.000000 0.000000
4 3422.867919 2982.375000 320.171539 0.000000 -16.000000 102.000000 0.000000 -1.000000 0.000000 0.000000 -16.000000 0.000000
4 3475.262695 2949.558349 354.375000 0.000000 22.000000 179.000000 0.000000 0.000000 -1.000000 1.000000 22.000000 0.000000
4 3434.392333 2973.732177 354.375000 0.000000 59.000000 179.000000 0.000000 0.000000 -1.000000 1.000000 59.000000 0.000000
4 3437.877929 2911.697753 354.375000 0.000000 31.000000 179.000000 0.000000 0.000000 -1.000000 1.000000 31.000000 0.000000
4 3865.771728 2528.168212 155.625000 0.000000 -114.000000 0.000000 0.000000 0.000000 1.000000 0.000000 -114.000000 1.000000
1 3403.591064 2678.204345 177.625000 0.000000 -9.000000 0.000000 0.000000 0.000000 1.000000 0.000000 -9.000000 1.000000
4 3870.614501 2569.406250 155.625000 0.000000 -122.000000 0.000000 0.000000 0.000000 1.000000 0.000000 -122.000000 1.000000
4 3071.461914 2196.542724 194.149612 0.000000 -90.000000 0.000000 0.502893 0.000000 0.864348 0.000000 -90.000000 1.000000
4 3869.954345 2609.465087 165.625000 0.000000 -136.000000 0.000000 0.000000 0.000000 1.000000 0.000000 -136.000000 1.000000
4 3853.625000 2512.394042 196.493438 0.000000 -100.000000 -98.000000 1.000000 0.000000 0.000000 1.000000 -100.000000 0.000000
4 3877.625000 2479.036621 222.729797 0.000000 -94.000000 -92.000000 1.000000 0.000000 0.000000 1.000000 -94.000000 0.000000
14 -2543.154785 -1432.936157 151.625000 0.000000 56.000000 0.000000 0.000000 0.000000 1.000000 0.000000 56.000000 1.000000
1 -679.971923 -989.974121 111.625000 0.000000 -56.000000 0.000000 0.000000 0.000000 1.000000 0.000000 -56.000000 1.000000
15 -2619.623046 -1516.511474 327.625000 0.000000 81.000000 0.000000 0.000000 0.000000 1.000000 0.000000 81.000000 1.000000
6 -633.437683 -994.545654 1.125000 0.000000 -88.000000 0.000000 0.000000 0.000000 1.000000 0.000000 -88.000000 1.000000
15 -628.601135 -156.904510 79.625000 0.000000 -68.000000 0.000000 0.000000 0.000000 1.000000 0.000000 -68.000000 1.000000
15 -450.457366 -218.657989 63.625000 0.000000 -91.000000 0.000000 0.000000 0.000000 1.000000 0.000000 -91.000000 1.000000
11 -710.628601 -149.844741 96.625000 0.000000 114.000000 0.000000 0.000000 0.000000 1.000000 0.000000 114.000000 1.000000
15 -363.069885 -240.974563 55.625000 0.000000 -90.000000 0.000000 0.000000 0.000000 1.000000 0.000000 -90.000000 1.000000
15 -536.811889 -154.863342 79.625000 0.000000 -97.000000 0.000000 0.000000 0.000000 1.000000 0.000000 -97.000000 1.000000
11 -306.162689 -177.860473 88.625000 0.000000 -94.000000 0.000000 0.000000 0.000000 1.000000 0.000000 -94.000000 1.000000
14 -668.872802 -386.283081 343.625000 0.000000 -10.000000 0.000000 0.000000 0.000000 1.000000 0.000000 -10.000000 1.000000
13 -426.747070 -884.386596 5.625000 0.000000 -110.000000 0.000000 0.000000 0.000000 1.000000 0.000000 -110.000000 1.000000
13 -497.320770 -924.937744 5.625000 0.000000 -102.000000 0.000000 0.000000 0.000000 1.000000 0.000000 -102.000000 1.000000
13 -339.379272 -917.036254 5.625000 0.000000 -89.000000 0.000000 0.000000 0.000000 1.000000 0.000000 -89.000000 1.000000
11 -334.003601 -1065.425781 32.625000 0.000000 -87.000000 0.000000 0.000000 0.000000 1.000000 0.000000 -87.000000 1.000000
11 -387.044738 -1060.538818 32.625000 0.000000 -97.000000 0.000000 0.000000 0.000000 1.000000 0.000000 -97.000000 1.000000
11 -451.252685 -1051.629638 32.625000 0.000000 -92.000000 0.000000 0.000000 0.000000 1.000000 0.000000 -92.000000 1.000000
10 -305.396148 -1845.128906 12.625000 0.000000 32.000000 0.000000 0.000000 0.000000 1.000000 0.000000 32.000000 1.000000
11 -321.092163 -1790.937133 32.625000 0.000000 -65.000000 0.000000 0.000000 0.000000 1.000000 0.000000 -65.000000 1.000000
11 -369.530090 -1828.663330 32.625000 0.000000 -44.000000 0.000000 0.000000 0.000000 1.000000 0.000000 -44.000000 1.000000
11 -410.537994 -1891.384521 32.625000 0.000000 -65.000000 0.000000 0.000000 0.000000 1.000000 0.000000 -65.000000 1.000000
14 -348.406707 -1906.980957 -0.374999 0.000000 -120.000000 0.000000 0.000000 0.000000 1.000000 0.000000 -120.000000 1.000000
15 -1144.465698 -1399.162109 -0.375001 0.000000 163.000000 0.000000 0.000000 0.000000 1.000000 0.000000 163.000000 1.000000
11 -1211.493530 -1507.211791 24.625000 0.000000 145.000000 0.000000 0.000000 0.000000 1.000000 0.000000 145.000000 1.000000
11 -1159.157348 -1480.758544 24.625000 0.000000 127.000000 0.000000 0.000000 0.000000 1.000000 0.000000 127.000000 1.000000
11 -1199.350097 -1279.001342 24.625000 0.000000 -175.000000 0.000000 0.000000 0.000000 1.000000 0.000000 -175.000000 1.000000
11 -1159.057617 -1323.745849 24.625000 0.000000 -169.000000 0.000000 0.000000 0.000000 1.000000 0.000000 -169.000000 1.000000
10 -1221.335449 -1428.543823 4.625000 0.000000 -24.000000 0.000000 0.000000 0.000000 1.000000 0.000000 -24.000000 1.000000
11 -1227.063842 -1229.049560 24.625000 0.000000 75.000000 0.000000 0.000000 0.000000 1.000000 0.000000 75.000000 1.000000
14 -1396.777587 -1181.830688 -8.375000 0.000000 81.000000 0.000000 0.000000 0.000000 1.000000 0.000000 81.000000 1.000000
14 -1397.070434 -1587.517456 -8.375000 0.000000 -76.000000 0.000000 0.000000 0.000000 1.000000 0.000000 -76.000000 1.000000
14 -1113.183959 667.386779 535.625000 0.000000 -163.000000 0.000000 0.000000 0.000000 1.000000 0.000000 -163.000000 1.000000
15 -719.484924 600.674682 559.625000 0.000000 46.000000 0.000000 0.000000 0.000000 1.000000 0.000000 46.000000 1.000000
15 -805.809814 630.028076 527.625000 0.000000 24.000000 0.000000 0.000000 0.000000 1.000000 0.000000 24.000000 1.000000
15 -806.567687 524.499328 559.625000 0.000000 9.000000 0.000000 0.000000 0.000000 1.000000 0.000000 9.000000 1.000000
15 -837.997985 421.571899 591.625000 0.000000 -14.000000 0.000000 0.000000 0.000000 1.000000 0.000000 -14.000000 1.000000
15 -877.148986 323.986206 591.625000 0.000000 -14.000000 0.000000 0.000000 0.000000 1.000000 0.000000 -14.000000 1.000000
15 -841.865966 230.179260 559.625000 0.000000 -12.000000 0.000000 0.000000 0.000000 1.000000 0.000000 -12.000000 1.000000
15 -846.708007 140.738098 591.625000 0.000000 -12.000000 0.000000 0.000000 0.000000 1.000000 0.000000 -12.000000 1.000000
12 -271.711120 285.021942 77.625000 0.000000 -89.000000 0.000000 0.000000 0.000000 1.000000 0.000000 -89.000000 1.000000
15 -812.118652 56.700923 559.625000 0.000000 6.000000 0.000000 0.000000 0.000000 1.000000 0.000000 6.000000 1.000000
14 -193.029113 257.832519 79.625000 0.000000 -102.000000 0.000000 0.000000 0.000000 1.000000 0.000000 -102.000000 1.000000
14 -403.649658 375.908630 583.625000 0.000000 107.000000 0.000000 0.000000 0.000000 1.000000 0.000000 107.000000 1.000000
14 -924.876647 253.241226 407.625000 0.000000 67.000000 0.000000 0.000000 0.000000 1.000000 0.000000 67.000000 1.000000
11 -1348.590942 70.666206 168.625000 0.000000 -90.000000 0.000000 0.000000 0.000000 1.000000 0.000000 -90.000000 1.000000
11 -1348.547851 118.676338 168.625000 0.000000 -90.000000 0.000000 0.000000 0.000000 1.000000 0.000000 -90.000000 1.000000
11 -1348.471191 172.819122 168.625000 0.000000 -90.000000 0.000000 0.000000 0.000000 1.000000 0.000000 -90.000000 1.000000
11 -1341.215454 238.941604 168.625000 0.000000 -2.000000 0.000000 0.000000 0.000000 1.000000 0.000000 -2.000000 1.000000
11 -1343.587158 287.039184 168.625000 0.000000 8.000000 0.000000 0.000000 0.000000 1.000000 0.000000 8.000000 1.000000
11 -1352.169921 343.231842 168.625000 0.000000 8.000000 0.000000 0.000000 0.000000 1.000000 0.000000 8.000000 1.000000
11 -1351.823608 397.638946 168.625000 0.000000 8.000000 0.000000 0.000000 0.000000 1.000000 0.000000 8.000000 1.000000
11 -1351.034423 454.422119 168.625000 0.000000 41.000000 0.000000 0.000000 0.000000 1.000000 0.000000 41.000000 1.000000
10 -354.614044 -21.830371 84.625000 0.000000 -149.000000 0.000000 0.000000 0.000000 1.000000 0.000000 -149.000000 1.000000
14 -1791.485473 366.613281 143.625000 0.000000 177.000000 0.000000 0.000000 0.000000 1.000000 0.000000 177.000000 1.000000
16 -1796.352050 442.107177 151.625000 0.000000 144.000000 0.000000 0.000000 0.000000 1.000000 0.000000 144.000000 1.000000
10 -1850.882202 -1471.506713 4.625000 0.000000 -178.000000 0.000000 0.000000 0.000000 1.000000 0.000000 -178.000000 1.000000
10 -1853.739746 -1341.670288 4.625000 0.000000 -178.000000 0.000000 0.000000 0.000000 1.000000 0.000000 -178.000000 1.000000
11 -2115.887207 -1482.605346 24.625000 0.000000 178.000000 0.000000 0.000000 0.000000 1.000000 0.000000 178.000000 1.000000
11 -2110.711181 -1433.095336 24.625000 0.000000 178.000000 0.000000 0.000000 0.000000 1.000000 0.000000 178.000000 1.000000
11 -2109.948974 -1376.205932 24.625000 0.000000 178.000000 0.000000 0.000000 0.000000 1.000000 0.000000 178.000000 1.000000
11 -2108.953125 -1324.402954 24.625000 0.000000 178.000000 0.000000 0.000000 0.000000 1.000000 0.000000 178.000000 1.000000
11 -2403.428955 -844.137329 136.625000 0.000000 155.000000 0.000000 0.000000 0.000000 1.000000 0.000000 155.000000 1.000000
13 -2344.449951 -850.157287 109.625000 0.000000 98.000000 0.000000 0.000000 0.000000 1.000000 0.000000 98.000000 1.000000
11 -2278.872070 -842.660583 136.625000 0.000000 90.000000 0.000000 0.000000 0.000000 1.000000 0.000000 90.000000 1.000000
11 -2231.948730 -842.266418 136.625000 0.000000 91.000000 0.000000 0.000000 0.000000 1.000000 0.000000 91.000000 1.000000
14 -2248.825439 -1273.509155 111.625000 0.000000 -50.000000 0.000000 0.000000 0.000000 1.000000 0.000000 -50.000000 1.000000
10 -2326.444580 -1253.164306 72.625000 0.000000 -100.000000 0.000000 0.000000 0.000000 1.000000 0.000000 -100.000000 1.000000
10 -2380.038085 -1242.888305 80.625000 0.000000 -100.000000 0.000000 0.000000 0.000000 1.000000 0.000000 -100.000000 1.000000
10 -2434.680908 -1208.091308 96.625000 0.000000 -134.000000 0.000000 0.000000 0.000000 1.000000 0.000000 -134.000000 1.000000
14 -1095.584838 -153.720809 535.625000 0.000000 165.000000 0.000000 0.000000 0.000000 1.000000 0.000000 165.000000 1.000000
15 -2438.074462 -146.013290 159.625000 0.000000 106.000000 0.000000 0.000000 0.000000 1.000000 0.000000 106.000000 1.000000
15 -2341.320068 -160.625183 159.625000 0.000000 79.000000 0.000000 0.000000 0.000000 1.000000 0.000000 79.000000 1.000000
14 -2264.718994 -191.060272 151.625000 0.000000 -107.000000 0.000000 0.000000 0.000000 1.000000 0.000000 -107.000000 1.000000
15 -2176.068847 -232.578979 191.625000 0.000000 8.000000 0.000000 0.000000 0.000000 1.000000 0.000000 8.000000 1.000000
15 -2467.820312 -235.317276 191.625000 0.000000 165.000000 0.000000 0.000000 0.000000 1.000000 0.000000 165.000000 1.000000
15 -2266.173339 -75.545478 159.625000 0.000000 151.000000 0.000000 0.000000 0.000000 1.000000 0.000000 151.000000 1.000000
15 -2179.494140 -105.833084 159.625000 0.000000 -117.000000 0.000000 0.000000 0.000000 1.000000 0.000000 -117.000000 1.000000
11 -1629.018920 394.161285 336.676086 0.000000 -26.000000 0.000000 0.000000 -0.216930 0.976187 0.000000 -26.000000 1.000000
11 -1657.971923 345.294281 336.625000 0.000000 -41.000000 0.000000 0.000000 0.000000 1.000000 0.000000 -41.000000 1.000000
11 -1763.922241 289.213439 336.625000 0.000000 -74.000000 0.000000 0.000000 0.000000 1.000000 0.000000 -74.000000 1.000000
11 -1713.099731 314.804199 336.625000 0.000000 -45.000000 0.000000 0.000000 0.000000 1.000000 0.000000 -45.000000 1.000000
14 -93.123718 -320.550109 535.625000 0.000000 -76.000000 0.000000 0.000000 0.000000 1.000000 0.000000 -76.000000 1.000000
14 37.905364 -149.535263 535.625000 0.000000 20.000000 0.000000 0.000000 0.000000 1.000000 0.000000 20.000000 1.000000
14 -98.345970 802.513671 535.625000 0.000000 170.000000 0.000000 0.000000 0.000000 1.000000 0.000000 170.000000 1.000000
4 -303.272888 -841.751159 138.988830 0.000000 89.000000 -125.000000 -0.800000 0.000000 -0.600000 -0.800000 89.000000 -0.600000
4 -528.375000 -894.861633 146.945831 0.000000 80.000000 90.000000 1.000000 0.000000 0.000000 1.000000 80.000000 0.000000
4 -546.679016 -1255.782104 7.625000 0.000000 -128.000000 0.000000 0.000000 0.000000 1.000000 0.000000 -128.000000 1.000000
4 -2336.821289 -864.143249 262.400390 0.000000 118.000000 -149.000000 0.242535 0.000000 -0.970142 -0.554700 118.000000 -0.832050
2 -1674.921875 -1405.812255 327.625000 0.000000 165.000000 0.000000 0.000000 0.000000 1.000000 0.000000 165.000000 1.000000
4 -1768.779174 -1398.718505 -0.375000 0.000000 -179.000000 0.000000 0.000000 0.000000 1.000000 0.000000 -179.000000 1.000000
2 -2371.620605 -1268.189941 439.625000 0.000000 60.000000 0.000000 0.000000 0.000000 1.000000 0.000000 60.000000 1.000000
4 -2432.875000 -1263.122436 158.018493 0.000000 110.000000 82.000000 1.000000 0.000000 0.000000 1.000000 110.000000 0.000000
4 -2103.393066 63.282623 159.625000 0.000000 -98.000000 0.000000 0.000000 0.000000 1.000000 0.000000 -98.000000 1.000000
2 -2252.065429 -35.004150 447.625000 0.000000 75.000000 0.000000 0.000000 0.000000 1.000000 0.000000 75.000000 1.000000
15 -744.834716 -390.483856 527.625000 0.000000 137.000000 0.000000 0.000000 0.000000 1.000000 0.000000 137.000000 1.000000
2 -1332.238159 133.446456 855.625000 0.000000 -113.000000 0.000000 0.000000 0.000000 1.000000 0.000000 -113.000000 1.000000
15 -646.123779 -382.026062 527.625000 0.000000 106.000000 0.000000 0.000000 0.000000 1.000000 0.000000 106.000000 1.000000
6 -1342.228881 119.411819 521.125000 0.000000 -114.000000 0.000000 0.000000 0.000000 1.000000 0.000000 -114.000000 1.000000
15 -556.174438 -396.695861 527.625000 0.000000 114.000000 0.000000 0.000000 0.000000 1.000000 0.000000 114.000000 1.000000
14 -655.203247 -471.984802 519.625000 0.000000 168.000000 0.000000 0.000000 0.000000 1.000000 0.000000 168.000000 1.000000
14 3835.782714 -1529.306396 39.125000 0.000000 -99.000000 0.000000 0.000000 0.000000 1.000000 0.000000 -99.000000 1.000000
10 3589.607177 -1148.470703 84.125000 0.000000 -78.000000 0.000000 0.000000 0.000000 1.000000 0.000000 -78.000000 1.000000
15 3580.670166 -1025.101928 79.125000 0.000000 62.000000 0.000000 0.000000 0.000000 1.000000 0.000000 62.000000 1.000000
11 3472.915527 -1099.490722 104.125000 0.000000 -82.000000 0.000000 0.000000 0.000000 1.000000 0.000000 -82.000000 1.000000
15 3890.064941 -1246.734863 47.125000 0.000000 -136.000000 0.000000 0.000000 0.000000 1.000000 0.000000 -136.000000 1.000000
15 3835.801513 -1164.354125 47.125000 0.000000 -136.000000 0.000000 0.000000 0.000000 1.000000 0.000000 -136.000000 1.000000
15 3749.872314 -1105.795288 55.125000 0.000000 -136.000000 0.000000 0.000000 0.000000 1.000000 0.000000 -136.000000 1.000000
15 3663.526123 -1064.014038 79.125000 0.000000 -143.000000 0.000000 0.000000 0.000000 1.000000 0.000000 -143.000000 1.000000
11 3536.690185 -1090.378417 104.125000 0.000000 -60.000000 0.000000 0.000000 0.000000 1.000000 0.000000 -60.000000 1.000000
11 3426.099121 -1112.440307 104.125000 0.000000 -86.000000 0.000000 0.000000 0.000000 1.000000 0.000000 -86.000000 1.000000
11 3632.155273 -958.282714 136.124908 0.000000 169.000000 0.000000 0.000000 0.000000 1.000000 0.000000 169.000000 1.000000
11 3674.870117 -909.685302 104.125000 0.000000 152.000000 0.000000 0.000000 0.000000 1.000000 0.000000 152.000000 1.000000
11 3677.585449 -971.502929 104.125000 0.000000 -177.000000 0.000000 0.000000 0.000000 1.000000 0.000000 -177.000000 1.000000
11 3523.455566 -807.839477 104.125000 0.000000 -91.000000 0.000000 0.000000 0.000000 1.000000 0.000000 -91.000000 1.000000
11 3460.075439 -806.060241 104.125000 0.000000 -91.000000 0.000000 0.000000 0.000000 1.000000 0.000000 -91.000000 1.000000
10 3424.238281 -753.432678 68.125000 0.000000 -127.000000 0.000000 0.000000 0.000000 1.000000 0.000000 -127.000000 1.000000
13 3635.323242 -708.703247 93.125000 0.000000 -54.000000 0.000000 0.000000 0.000000 1.000000 0.000000 -54.000000 1.000000
10 3420.869628 -698.764282 68.125000 0.000000 -153.000000 0.000000 0.000000 0.000000 1.000000 0.000000 -153.000000 1.000000
10 3421.826660 -641.435302 68.125000 0.000000 -147.000000 0.000000 0.000000 0.000000 1.000000 0.000000 -147.000000 1.000000
15 3491.590576 -722.241149 63.125000 0.000000 -174.000000 0.000000 0.000000 0.000000 1.000000 0.000000 -174.000000 1.000000
11 3558.316650 -756.853149 88.125000 0.000000 -160.000000 0.000000 0.000000 0.000000 1.000000 0.000000 -160.000000 1.000000
15 3498.224609 -632.853759 63.125000 0.000000 -86.000000 0.000000 0.000000 0.000000 1.000000 0.000000 -86.000000 1.000000
13 3573.271240 -1435.309692 77.125000 0.000000 -23.000000 0.000000 0.000000 0.000000 1.000000 0.000000 -23.000000 1.000000
13 3430.855468 -1363.037597 77.125000 0.000000 90.000000 0.000000 0.000000 0.000000 1.000000 0.000000 90.000000 1.000000
13 3538.128662 -1261.229003 77.125000 0.000000 -26.000000 0.000000 0.000000 0.000000 1.000000 0.000000 -26.000000 1.000000
13 3504.899658 -1333.878417 77.125000 0.000000 69.000000 0.000000 0.000000 0.000000 1.000000 0.000000 69.000000 1.000000
10 3561.707275 -878.058471 84.125000 0.000000 43.000000 0.000000 0.000000 0.000000 1.000000 0.000000 43.000000 1.000000
14 3501.757568 -1424.567260 71.125000 0.000000 -128.000000 0.000000 0.000000 0.000000 1.000000 0.000000 -128.000000 1.000000
11 189.662872 3021.085937 -215.875000 0.000000 -173.000000 0.000000 0.000000 0.000000 1.000000 0.000000 -173.000000 1.000000
11 165.848159 2972.077636 -259.875000 0.000000 -178.000000 0.000000 0.000000 0.000000 1.000000 0.000000 -178.000000 1.000000
11 167.406478 2911.321289 -259.875000 0.000000 -178.000000 0.000000 0.000000 0.000000 1.000000 0.000000 -178.000000 1.000000
11 173.805404 2846.354980 -259.875000 0.000000 179.000000 0.000000 0.000000 0.000000 1.000000 0.000000 179.000000 1.000000
11 133.907821 2789.227539 -215.875000 0.000000 175.000000 0.000000 0.000000 0.000000 1.000000 0.000000 175.000000 1.000000
11 190.581665 2799.371093 -259.875000 0.000000 176.000000 0.000000 0.000000 0.000000 1.000000 0.000000 176.000000 1.000000
11 -137.986312 3023.384765 -215.875000 0.000000 124.000000 0.000000 0.000000 0.000000 1.000000 0.000000 124.000000 1.000000
11 -135.855606 2785.960205 -215.875000 0.000000 -126.000000 0.000000 0.000000 0.000000 1.000000 0.000000 -126.000000 1.000000
11 -175.590652 2966.538085 -259.875000 0.000000 167.000000 0.000000 0.000000 0.000000 1.000000 0.000000 167.000000 1.000000
11 -165.202789 2921.233398 -259.875000 0.000000 -175.000000 0.000000 0.000000 0.000000 1.000000 0.000000 -175.000000 1.000000
11 -152.477584 2875.603515 -259.875000 0.000000 6.000000 0.000000 0.000000 0.000000 1.000000 0.000000 6.000000 1.000000
11 -184.209808 2825.689453 -259.875000 0.000000 -176.000000 0.000000 0.000000 0.000000 1.000000 0.000000 -176.000000 1.000000
15 -317.568084 3003.440917 -40.875000 0.000000 88.000000 0.000000 0.000000 0.000000 1.000000 0.000000 88.000000 1.000000
11 -253.795593 3008.689697 -19.875000 0.000000 -92.000000 0.000000 0.000000 0.000000 1.000000 0.000000 -92.000000 1.000000
10 -255.491592 2933.761230 -99.875000 0.000000 96.000000 0.000000 0.000000 0.000000 1.000000 0.000000 96.000000 1.000000
11 -246.900970 2852.396972 -79.875000 0.000000 -92.000000 0.000000 0.000000 0.000000 1.000000 0.000000 -92.000000 1.000000
11 -385.144500 2775.637695 -79.875000 0.000000 -88.000000 0.000000 0.000000 0.000000 1.000000 0.000000 -88.000000 1.000000
13 -368.168334 3079.882080 -42.875000 0.000000 -111.000000 0.000000 0.000000 0.000000 1.000000 0.000000 -111.000000 1.000000
10 3909.989257 -2500.134765 52.125000 0.000000 -73.000000 0.000000 0.000000 0.000000 1.000000 0.000000 -73.000000 1.000000
13 3734.681396 -2116.377197 45.125000 0.000000 91.000000 0.000000 0.000000 0.000000 1.000000 0.000000 91.000000 1.000000
13 3821.241943 -2114.677001 45.125000 0.000000 91.000000 0.000000 0.000000 0.000000 1.000000 0.000000 91.000000 1.000000
13 3908.993652 -2112.868164 45.125000 0.000000 91.000000 0.000000 0.000000 0.000000 1.000000 0.000000 91.000000 1.000000
11 3925.248291 -2181.303222 72.125000 0.000000 38.000000 0.000000 0.000000 0.000000 1.000000 0.000000 38.000000 1.000000
13 4079.426513 -1986.515014 45.125000 0.000000 9.000000 0.000000 0.000000 0.000000 1.000000 0.000000 9.000000 1.000000
13 4079.053710 -2056.648193 45.125000 0.000000 -24.000000 0.000000 0.000000 0.000000 1.000000 0.000000 -24.000000 1.000000
11 4064.001464 -2116.139160 72.125000 0.000000 -50.000000 0.000000 0.000000 0.000000 1.000000 0.000000 -50.000000 1.000000
10 4147.349609 -1972.164916 52.125000 0.000000 113.000000 0.000000 0.000000 0.000000 1.000000 0.000000 113.000000 1.000000
10 4232.687500 -2104.774414 52.125000 0.000000 41.000000 0.000000 0.000000 0.000000 1.000000 0.000000 41.000000 1.000000
15 4301.373535 -2187.500244 79.125000 0.000000 170.000000 0.000000 0.000000 0.000000 1.000000 0.000000 170.000000 1.000000
15 4403.122070 -2179.380126 79.125000 0.000000 170.000000 0.000000 0.000000 0.000000 1.000000 0.000000 170.000000 1.000000
15 4521.466308 -2156.529296 71.125000 0.000000 -162.000000 0.000000 0.000000 0.000000 1.000000 0.000000 -162.000000 1.000000
15 4647.897460 -2205.754150 79.125000 0.000000 -79.000000 0.000000 0.000000 0.000000 1.000000 0.000000 -79.000000 1.000000
11 4591.293457 -2140.670166 80.125000 0.000000 -99.000000 0.000000 0.000000 0.000000 1.000000 0.000000 -99.000000 1.000000
10 4463.188476 -2266.010498 84.125000 0.000000 -16.000000 0.000000 0.000000 0.000000 1.000000 0.000000 -16.000000 1.000000
15 4667.549804 -2011.127319 47.125000 0.000000 -1.000000 0.000000 0.000000 0.000000 1.000000 0.000000 -1.000000 1.000000
15 4683.895019 -2094.204589 47.125000 0.000000 -7.000000 0.000000 0.000000 0.000000 1.000000 0.000000 -7.000000 1.000000
4 3958.875000 -2020.106689 193.876434 0.000000 -85.000000 88.000000 -1.000000 0.000000 0.000000 -1.000000 -85.000000 0.000000
1 3744.771972 -2454.628173 289.353729 0.000000 134.000000 169.000000 0.263117 0.000000 -0.964763 0.263115 134.000000 -0.964763
6 3695.868164 -2511.098144 41.125000 0.000000 -140.000000 0.000000 0.000000 0.000000 1.000000 0.000000 -140.000000 1.000000
6 4851.835937 -1703.257812 41.125000 0.000000 98.000000 0.000000 0.000000 0.000000 1.000000 0.000000 98.000000 1.000000
2 4546.989746 -2215.145019 447.125000 0.000000 11.000000 0.000000 0.000000 0.000000 1.000000 0.000000 11.000000 1.000000
2 4920.493164 -1833.990112 447.125000 0.000000 -125.000000 0.000000 0.000000 0.000000 1.000000 0.000000 -125.000000 1.000000
4 4675.572753 -2274.091064 79.125000 0.000000 -11.000000 0.000000 0.000000 0.000000 1.000000 0.000000 -11.000000 1.000000
10 5119.695800 -387.831054 308.125000 0.000000 -95.000000 0.000000 0.000000 0.000000 1.000000 0.000000 -95.000000 1.000000
15 4794.723632 -649.858642 319.125000 0.000000 -161.000000 0.000000 0.000000 0.000000 1.000000 0.000000 -161.000000 1.000000
14 4786.610839 -402.943878 311.125000 0.000000 -136.000000 0.000000 0.000000 0.000000 1.000000 0.000000 -136.000000 1.000000
14 4163.189453 467.665161 159.125000 0.000000 -175.000000 0.000000 0.000000 0.000000 1.000000 0.000000 -175.000000 1.000000
16 4110.448242 473.423583 167.125000 0.000000 172.000000 0.000000 0.000000 0.000000 1.000000 0.000000 172.000000 1.000000
14 5102.413085 -1428.127075 295.125000 0.000000 -104.000000 0.000000 0.000000 0.000000 1.000000 0.000000 -104.000000 1.000000
15 4992.818847 -1868.436401 47.125000 0.000000 -87.000000 0.000000 0.000000 0.000000 1.000000 0.000000 -87.000000 1.000000
11 5067.718261 -1821.946655 72.125000 0.000000 -45.000000 0.000000 0.000000 0.000000 1.000000 0.000000 -45.000000 1.000000
10 5199.955078 -1554.032226 52.125000 0.000000 69.000000 0.000000 0.000000 0.000000 1.000000 0.000000 69.000000 1.000000
13 5162.745605 -1811.615234 45.125000 0.000000 -36.000000 0.000000 0.000000 0.000000 1.000000 0.000000 -36.000000 1.000000
11 4895.022949 -1872.363647 72.125000 0.000000 -161.000000 0.000000 0.000000 0.000000 1.000000 0.000000 -161.000000 1.000000
15 1379.702514 2966.906250 -284.875000 0.000000 -31.000000 0.000000 0.000000 0.000000 1.000000 0.000000 -31.000000 1.000000
15 1381.608154 2880.026611 -284.875000 0.000000 43.000000 0.000000 0.000000 0.000000 1.000000 0.000000 43.000000 1.000000
11 1199.511108 2774.155517 -215.875000 0.000000 -178.000000 0.000000 0.000000 0.000000 1.000000 0.000000 -178.000000 1.000000
15 1172.946533 2841.434570 -284.875000 0.000000 -114.000000 0.000000 0.000000 0.000000 1.000000 0.000000 -114.000000 1.000000
15 1325.007202 3056.350097 -284.875000 0.000000 -33.000000 0.000000 0.000000 0.000000 1.000000 0.000000 -33.000000 1.000000
15 1227.278808 3039.358154 -284.875000 0.000000 -81.000000 0.000000 0.000000 0.000000 1.000000 0.000000 -81.000000 1.000000
15 1173.094726 2951.834960 -284.875000 0.000000 -64.000000 0.000000 0.000000 0.000000 1.000000 0.000000 -64.000000 1.000000
11 1254.038818 2849.218505 -259.875000 0.000000 132.000000 0.000000 0.000000 0.000000 1.000000 0.000000 132.000000 1.000000
10 1093.053344 2795.450927 -235.875000 0.000000 -148.000000 0.000000 0.000000 0.000000 1.000000 0.000000 -148.000000 1.000000
15 1142.961059 3056.457519 -284.875000 0.000000 -104.000000 0.000000 0.000000 0.000000 1.000000 0.000000 -104.000000 1.000000
15 1057.088867 3064.693603 -284.875000 0.000000 -104.000000 0.000000 0.000000 0.000000 1.000000 0.000000 -104.000000 1.000000
15 960.411254 3071.753906 -284.875000 0.000000 -104.000000 0.000000 0.000000 0.000000 1.000000 0.000000 -104.000000 1.000000
15 862.770507 3076.917236 -284.875000 0.000000 -104.000000 0.000000 0.000000 0.000000 1.000000 0.000000 -104.000000 1.000000
11 1031.017211 2776.285400 -215.875000 0.000000 177.000000 0.000000 0.000000 0.000000 1.000000 0.000000 177.000000 1.000000
15 951.946472 2849.034423 -284.875000 0.000000 168.000000 0.000000 0.000000 0.000000 1.000000 0.000000 168.000000 1.000000
10 1100.419921 2848.441406 -279.875000 0.000000 -32.000000 0.000000 0.000000 0.000000 1.000000 0.000000 -32.000000 1.000000
15 844.653198 2845.583496 -284.875000 0.000000 -116.000000 0.000000 0.000000 0.000000 1.000000 0.000000 -116.000000 1.000000
15 824.613647 2982.941406 -284.875000 0.000000 -2.000000 0.000000 0.000000 0.000000 1.000000 0.000000 -2.000000 1.000000
11 803.470764 2912.123291 -259.875000 0.000000 -4.000000 0.000000 0.000000 0.000000 1.000000 0.000000 -4.000000 1.000000
11 924.358154 2781.061279 -215.875000 0.000000 1.000000 0.000000 0.000000 0.000000 1.000000 0.000000 1.000000 1.000000
14 4077.470703 -2251.419921 71.125000 0.000000 -133.000000 0.000000 0.000000 0.000000 1.000000 0.000000 -133.000000 1.000000
15 4186.300781 -2174.841308 79.125000 0.000000 -89.000000 0.000000 0.000000 0.000000 1.000000 0.000000 -89.000000 1.000000
11 1506.536010 -967.170654 32.125000 0.000000 -90.000000 0.000000 0.000000 0.000000 1.000000 0.000000 -90.000000 1.000000
11 4110.966308 -2188.690185 104.125000 0.000000 -114.000000 0.000000 0.000000 0.000000 1.000000 0.000000 -114.000000 1.000000
11 4059.862060 -2182.826660 96.125000 0.000000 -133.000000 0.000000 0.000000 0.000000 1.000000 0.000000 -133.000000 1.000000
11 1144.489013 -162.386840 32.125000 0.000000 -53.000000 0.000000 0.000000 0.000000 1.000000 0.000000 -53.000000 1.000000
10 1117.375122 10.450139 12.125000 0.000000 -55.000000 0.000000 0.000000 0.000000 1.000000 0.000000 -55.000000 1.000000
10 1046.900024 62.945251 12.125000 0.000000 -67.000000 0.000000 0.000000 0.000000 1.000000 0.000000 -67.000000 1.000000
10 1075.164306 -80.949172 12.125000 0.000000 -61.000000 0.000000 0.000000 0.000000 1.000000 0.000000 -61.000000 1.000000
15 150.424972 82.223220 15.125000 0.000000 172.000000 0.000000 0.000000 0.000000 1.000000 0.000000 172.000000 1.000000
15 153.117523 173.384780 15.125000 0.000000 172.000000 0.000000 0.000000 0.000000 1.000000 0.000000 172.000000 1.000000
15 164.204406 262.184600 15.125000 0.000000 172.000000 0.000000 0.000000 0.000000 1.000000 0.000000 172.000000 1.000000
15 176.712036 361.592315 15.125000 0.000000 172.000000 0.000000 0.000000 0.000000 1.000000 0.000000 172.000000 1.000000
11 184.226516 429.064605 40.125000 0.000000 172.000000 0.000000 0.000000 0.000000 1.000000 0.000000 172.000000 1.000000
11 119.994934 458.435058 40.125000 0.000000 4.000000 0.000000 0.000000 0.000000 1.000000 0.000000 4.000000 1.000000
15 1223.881225 1.026924 135.125000 0.000000 -49.000000 0.000000 0.000000 0.000000 1.000000 0.000000 -49.000000 1.000000
11 1198.501831 -73.885940 160.125000 0.000000 -51.000000 0.000000 0.000000 0.000000 1.000000 0.000000 -51.000000 1.000000
13 1312.308959 26.678665 181.125000 0.000000 127.000000 0.000000 0.000000 0.000000 1.000000 0.000000 127.000000 1.000000
14 1273.670898 -106.544609 111.125000 0.000000 112.000000 0.000000 0.000000 0.000000 1.000000 0.000000 112.000000 1.000000
14 735.645996 262.908905 207.125000 0.000000 42.000000 0.000000 0.000000 0.000000 1.000000 0.000000 42.000000 1.000000
14 236.734649 110.776794 503.125000 0.000000 139.000000 0.000000 0.000000 0.000000 1.000000 0.000000 139.000000 1.000000
15 171.132492 315.091888 527.125000 0.000000 119.000000 0.000000 0.000000 0.000000 1.000000 0.000000 119.000000 1.000000
15 169.974899 405.195465 527.125000 0.000000 166.000000 0.000000 0.000000 0.000000 1.000000 0.000000 166.000000 1.000000
11 170.971023 471.697692 552.125000 0.000000 -177.000000 0.000000 0.000000 0.000000 1.000000 0.000000 -177.000000 1.000000
15 -480.458587 2435.340087 159.125000 0.000000 67.000000 0.000000 0.000000 0.000000 1.000000 0.000000 67.000000 1.000000
15 3874.007568 -1728.510131 47.125000 0.000000 40.000000 0.000000 0.000000 0.000000 1.000000 0.000000 40.000000 1.000000
15 3790.710937 -1686.059936 47.125000 0.000000 91.000000 0.000000 0.000000 0.000000 1.000000 0.000000 91.000000 1.000000
15 -691.884704 825.007568 151.125000 0.000000 -82.000000 0.000000 0.000000 0.000000 1.000000 0.000000 -82.000000 1.000000
15 -601.402099 819.866577 151.125000 0.000000 -75.000000 0.000000 0.000000 0.000000 1.000000 0.000000 -75.000000 1.000000
15 -585.922973 2451.737304 159.125000 0.000000 134.000000 0.000000 0.000000 0.000000 1.000000 0.000000 134.000000 1.000000
15 -422.983856 836.492675 159.125000 0.000000 -75.000000 0.000000 0.000000 0.000000 1.000000 0.000000 -75.000000 1.000000
15 -514.699157 820.447875 175.125000 0.000000 -75.000000 0.000000 0.000000 0.000000 1.000000 0.000000 -75.000000 1.000000
15 -686.747863 732.648864 527.125000 0.000000 -83.000000 0.000000 0.000000 0.000000 1.000000 0.000000 -83.000000 1.000000
15 -330.555389 839.200073 159.125000 0.000000 -79.000000 0.000000 0.000000 0.000000 1.000000 0.000000 -79.000000 1.000000
15 -783.330322 727.185974 527.125000 0.000000 -101.000000 0.000000 0.000000 0.000000 1.000000 0.000000 -101.000000 1.000000
14 -691.779663 940.172180 519.125000 0.000000 179.000000 0.000000 0.000000 0.000000 1.000000 0.000000 179.000000 1.000000
10 784.486389 3466.397216 -279.875000 0.000000 19.000000 0.000000 0.000000 0.000000 1.000000 0.000000 19.000000 1.000000
15 753.163940 3545.235351 -260.875000 0.000000 122.000000 0.000000 0.000000 0.000000 1.000000 0.000000 122.000000 1.000000
15 650.135009 3494.073486 -280.875000 0.000000 165.000000 0.000000 0.000000 0.000000 1.000000 0.000000 165.000000 1.000000
11 807.269470 3611.050781 -223.875000 0.000000 -97.000000 0.000000 0.000000 0.000000 1.000000 0.000000 -97.000000 1.000000
15 548.757385 3455.148193 -284.875000 0.000000 136.000000 0.000000 0.000000 0.000000 1.000000 0.000000 136.000000 1.000000
15 1242.432250 3456.224365 -280.875000 0.000000 98.000000 0.000000 0.000000 0.000000 1.000000 0.000000 98.000000 1.000000
15 1335.587280 3461.349121 -284.875000 0.000000 78.000000 0.000000 0.000000 0.000000 1.000000 0.000000 78.000000 1.000000
15 1333.117797 3375.234375 -284.875000 0.000000 55.000000 0.000000 0.000000 0.000000 1.000000 0.000000 55.000000 1.000000
13 1155.839355 3058.329589 -90.875000 0.000000 4.000000 0.000000 0.000000 0.000000 1.000000 0.000000 4.000000 1.000000
11 1105.361328 2996.200439 -91.875000 0.000000 1.000000 0.000000 0.000000 0.000000 1.000000 0.000000 1.000000 1.000000
11 1105.805419 2943.770507 -91.875000 0.000000 1.000000 0.000000 0.000000 0.000000 1.000000 0.000000 1.000000 1.000000
11 1106.484252 2880.921875 -91.875000 0.000000 1.000000 0.000000 0.000000 0.000000 1.000000 0.000000 1.000000 1.000000
11 1113.604614 2822.802734 -91.875000 0.000000 1.000000 0.000000 0.000000 0.000000 1.000000 0.000000 1.000000 1.000000
11 1167.230834 2783.041015 -91.875000 0.000000 -11.000000 0.000000 0.000000 0.000000 1.000000 0.000000 -11.000000 1.000000
15 1139.723999 3442.484375 -284.875000 0.000000 98.000000 0.000000 0.000000 0.000000 1.000000 0.000000 98.000000 1.000000
14 1361.384399 2881.559082 -124.875000 0.000000 25.000000 0.000000 0.000000 0.000000 1.000000 0.000000 25.000000 1.000000
11 764.695556 2854.036376 -91.875000 0.000000 -161.000000 0.000000 0.000000 0.000000 1.000000 0.000000 -161.000000 1.000000
13 781.804504 3065.613037 -90.875000 0.000000 178.000000 0.000000 0.000000 0.000000 1.000000 0.000000 178.000000 1.000000
11 775.331359 3004.671630 -91.875000 0.000000 178.000000 0.000000 0.000000 0.000000 1.000000 0.000000 178.000000 1.000000
11 774.792602 2956.107666 -91.875000 0.000000 178.000000 0.000000 0.000000 0.000000 1.000000 0.000000 178.000000 1.000000
11 773.846496 2901.167724 -91.875000 0.000000 178.000000 0.000000 0.000000 0.000000 1.000000 0.000000 178.000000 1.000000
11 817.281372 2822.214843 -91.875000 0.000000 -167.000000 0.000000 0.000000 0.000000 1.000000 0.000000 -167.000000 1.000000
14 -852.424133 4619.869628 -20.875000 0.000000 -146.000000 0.000000 0.000000 0.000000 1.000000 0.000000 -146.000000 1.000000
11 855.300476 3091.037841 -63.875000 0.000000 128.000000 0.000000 0.000000 0.000000 1.000000 0.000000 128.000000 1.000000
11 958.494323 4078.994628 -259.875000 0.000000 87.000000 0.000000 0.000000 0.000000 1.000000 0.000000 87.000000 1.000000
15 1026.822021 4026.741943 -284.875000 0.000000 91.000000 0.000000 0.000000 0.000000 1.000000 0.000000 91.000000 1.000000
15 892.431274 4035.783935 -284.875000 0.000000 96.000000 0.000000 0.000000 0.000000 1.000000 0.000000 96.000000 1.000000
10 965.608642 4242.564941 -279.875000 0.000000 -95.000000 0.000000 0.000000 0.000000 1.000000 0.000000 -95.000000 1.000000
1 1581.655029 4571.623046 -228.875000 0.000000 95.000000 0.000000 0.000000 0.000000 1.000000 0.000000 95.000000 1.000000
2 803.255004 4395.166015 463.125000 0.000000 121.000000 0.000000 0.000000 0.000000 1.000000 0.000000 121.000000 1.000000
1 744.632263 4344.768066 -284.875000 0.000000 -165.000000 0.000000 0.000000 0.000000 1.000000 0.000000 -165.000000 1.000000
10 911.403381 3944.959472 -279.875000 0.000000 91.000000 0.000000 0.000000 0.000000 1.000000 0.000000 91.000000 1.000000
6 1496.004638 4565.502929 -226.875000 0.000000 1.000000 0.000000 0.000000 0.000000 1.000000 0.000000 1.000000 1.000000
6 909.198364 4286.621582 -290.875000 0.000000 -92.000000 0.000000 0.000000 0.000000 1.000000 0.000000 -92.000000 1.000000
15 1475.635009 4448.973144 -208.875000 0.000000 7.000000 0.000000 0.000000 0.000000 1.000000 0.000000 7.000000 1.000000
15 1276.279418 4801.162109 -284.875000 0.000000 -5.000000 0.000000 0.000000 0.000000 1.000000 0.000000 -5.000000 1.000000
15 1274.005371 4715.066406 -284.875000 0.000000 0.000000 0.000000 0.000000 0.000000 1.000000 0.000000 0.000000 1.000000
15 1360.303955 4662.585937 -244.875000 0.000000 26.000000 0.000000 0.000000 0.000000 1.000000 0.000000 26.000000 1.000000
15 1453.533569 4647.494628 -204.875000 0.000000 64.000000 0.000000 0.000000 0.000000 1.000000 0.000000 64.000000 1.000000
15 1562.308959 4378.778808 -218.875000 0.000000 3.000000 0.000000 0.000000 0.000000 1.000000 0.000000 3.000000 1.000000
14 -308.147369 4563.789550 -290.875000 0.000000 178.000000 0.000000 0.000000 0.000000 1.000000 0.000000 178.000000 1.000000
16 -352.514312 4428.588378 -284.875000 0.000000 -109.000000 0.000000 0.000000 0.000000 1.000000 0.000000 -109.000000 1.000000
1 -240.828704 4481.016113 -310.875000 0.000000 177.000000 0.000000 0.000000 0.000000 1.000000 0.000000 177.000000 1.000000
4 -34.108673 4418.987304 -282.875000 0.000000 178.000000 0.000000 0.000000 0.000000 1.000000 0.000000 178.000000 1.000000
11 2074.972900 -2149.840576 296.125000 0.000000 32.000000 0.000000 0.000000 0.000000 1.000000 0.000000 32.000000 1.000000
15 2065.605957 -2218.392578 255.125000 0.000000 115.000000 0.000000 0.000000 0.000000 1.000000 0.000000 115.000000 1.000000
9 1834.109008 -2256.110839 388.125000 0.000000 -107.000000 0.000000 0.000000 0.000000 1.000000 0.000000 -107.000000 1.000000
15 1842.026977 -2174.692871 399.125000 0.000000 83.000000 0.000000 0.000000 0.000000 1.000000 0.000000 83.000000 1.000000
10 1890.901489 -2321.511718 404.125000 0.000000 -60.000000 0.000000 0.000000 0.000000 1.000000 0.000000 -60.000000 1.000000
11 2078.679687 -2089.400146 320.125000 0.000000 -120.000000 0.000000 0.000000 0.000000 1.000000 0.000000 -120.000000 1.000000
10 2446.635986 -2305.609130 260.125000 0.000000 77.000000 0.000000 0.000000 0.000000 1.000000 0.000000 77.000000 1.000000
15 2405.865966 -2208.882812 255.125000 0.000000 104.000000 0.000000 0.000000 0.000000 1.000000 0.000000 104.000000 1.000000
10 2493.235107 -2215.641845 304.125000 0.000000 86.000000 0.000000 0.000000 0.000000 1.000000 -330.000000 86.000000 1.000000
11 2638.694091 -2465.890625 324.125000 0.000000 -5.000000 0.000000 0.000000 0.000000 1.000000 0.000000 -5.000000 1.000000
15 2395.654052 -2225.620361 7.124999 0.000000 10.000000 0.000000 0.000000 0.000000 1.000000 0.000000 10.000000 1.000000
15 2380.394042 -2315.326660 7.124999 0.000000 -10.000000 0.000000 0.000000 0.000000 1.000000 0.000000 -10.000000 1.000000
15 2387.025146 -2397.812011 7.124998 0.000000 66.000000 0.000000 0.000000 0.000000 1.000000 0.000000 66.000000 1.000000
15 2400.064941 -2539.110351 7.124998 0.000000 149.000000 0.000000 0.000000 0.000000 1.000000 0.000000 149.000000 1.000000
15 2588.770751 -2090.121337 7.124998 0.000000 156.000000 0.000000 0.000000 0.000000 1.000000 0.000000 156.000000 1.000000
15 2717.058105 -2077.110351 7.124999 0.000000 133.000000 0.000000 0.000000 0.000000 1.000000 0.000000 133.000000 1.000000
15 2723.091064 -1983.814331 7.124998 0.000000 -86.000000 0.000000 0.000000 0.000000 1.000000 0.000000 -86.000000 1.000000
15 2501.263916 -2568.704101 7.124998 0.000000 -150.000000 0.000000 0.000000 0.000000 1.000000 0.000000 -150.000000 1.000000
15 2591.422851 -2587.630615 7.124998 0.000000 -103.000000 0.000000 0.000000 0.000000 1.000000 0.000000 -103.000000 1.000000
15 2695.768554 -2578.600830 7.124998 0.000000 -52.000000 0.000000 0.000000 0.000000 1.000000 0.000000 -52.000000 1.000000
15 2802.277832 -2577.223632 7.124998 0.000000 -51.000000 0.000000 0.000000 0.000000 1.000000 0.000000 -51.000000 1.000000
15 2907.556884 -2561.947265 7.124998 0.000000 -28.000000 0.000000 0.000000 0.000000 1.000000 0.000000 -28.000000 1.000000
15 2982.139160 -2477.681152 7.124999 0.000000 -105.000000 0.000000 0.000000 0.000000 1.000000 0.000000 -105.000000 1.000000
15 2991.240966 -2385.771240 7.124999 0.000000 -161.000000 0.000000 0.000000 0.000000 1.000000 0.000000 -161.000000 1.000000
15 3001.570800 -2281.014648 7.124999 0.000000 166.000000 0.000000 0.000000 0.000000 1.000000 0.000000 166.000000 1.000000
15 2979.058349 -2192.619384 7.124998 0.000000 -86.000000 0.000000 0.000000 0.000000 1.000000 0.000000 -86.000000 1.000000
15 1505.465942 -1073.875610 7.124998 0.000000 92.000000 0.000000 0.000000 0.000000 1.000000 0.000000 92.000000 1.000000
15 1416.455444 -1094.906616 7.124998 0.000000 122.000000 0.000000 0.000000 0.000000 1.000000 0.000000 122.000000 1.000000
15 1598.043334 -1091.744018 7.124998 0.000000 55.000000 0.000000 0.000000 0.000000 1.000000 0.000000 55.000000 1.000000
15 2716.147949 -1892.630004 7.124998 0.000000 -86.000000 0.000000 0.000000 0.000000 1.000000 0.000000 -86.000000 1.000000
1 211.071807 2881.938720 255.125000 0.000000 -92.000000 0.000000 0.000000 0.000000 1.000000 0.000000 -92.000000 1.000000
15 2256.766357 -2199.753906 255.125000 0.000000 42.000000 0.000000 0.000000 0.000000 1.000000 0.000000 42.000000 1.000000
11 1963.838378 -2549.086181 192.125000 0.000000 5.000000 0.000000 0.000000 0.000000 1.000000 0.000000 5.000000 1.000000
15 1954.224243 -2331.661132 223.125000 0.000000 178.000000 0.000000 0.000000 0.000000 1.000000 0.000000 178.000000 1.000000
15 1980.081787 -1995.802978 351.125000 0.000000 -12.000000 0.000000 0.000000 0.000000 1.000000 0.000000 -12.000000 1.000000
11 2029.027587 -2291.285400 280.125000 0.000000 131.000000 0.000000 0.000000 0.000000 1.000000 0.000000 131.000000 1.000000
15 1917.125000 -2414.968750 207.125000 0.000000 0.000000 0.000000 0.000000 0.000000 1.000000 0.000000 0.000000 1.000000
15 2709.317382 -1793.730590 7.124998 0.000000 -86.000000 0.000000 0.000000 0.000000 1.000000 0.000000 -86.000000 1.000000
15 1934.531738 -2244.241455 215.125000 0.000000 151.000000 0.000000 0.000000 0.000000 1.000000 0.000000 151.000000 1.000000
15 2701.949462 -1686.168945 7.124998 0.000000 -86.000000 0.000000 0.000000 0.000000 1.000000 0.000000 -86.000000 1.000000
11 2123.010253 -2120.668457 304.125000 0.000000 -116.000000 0.000000 0.000000 0.000000 1.000000 0.000000 -116.000000 1.000000
15 2682.591308 -1587.943969 7.124998 0.000000 -158.000000 0.000000 0.000000 0.000000 1.000000 0.000000 -158.000000 1.000000
15 2259.623291 -2405.885742 255.125000 0.000000 -13.000000 0.000000 0.000000 0.000000 1.000000 0.000000 -13.000000 1.000000
11 1819.415161 -2049.749267 392.125000 0.000000 95.000000 0.000000 0.000000 0.000000 1.000000 0.000000 95.000000 1.000000
15 2159.180664 -2409.344238 255.125000 0.000000 -90.000000 0.000000 0.000000 0.000000 1.000000 0.000000 -90.000000 1.000000
15 2066.503417 -2408.413818 255.125000 0.000000 -113.000000 0.000000 0.000000 0.000000 1.000000 0.000000 -113.000000 1.000000
11 1939.758544 -2064.078613 400.125000 0.000000 -53.000000 0.000000 0.000000 0.000000 1.000000 0.000000 -53.000000 1.000000
11 1982.454345 -2423.325439 256.125000 0.000000 -120.000000 0.000000 0.000000 0.000000 1.000000 0.000000 -120.000000 1.000000
15 2144.384765 -2430.846679 47.125003 0.000000 82.000000 0.000000 0.000000 0.000000 1.000000 0.000000 82.000000 1.000000
15 1992.978637 -2411.734130 47.125000 0.000000 155.000000 0.000000 0.000000 0.000000 1.000000 0.000000 155.000000 1.000000
11 2064.081054 -2394.941406 88.125000 0.000000 111.000000 0.000000 0.000000 0.000000 1.000000 0.000000 111.000000 1.000000
11 2068.138183 -2524.703125 136.125000 0.000000 65.000000 0.000000 0.000000 0.000000 1.000000 0.000000 65.000000 1.000000
10 1954.927490 -1964.671875 52.125000 0.000000 79.000000 0.000000 0.000000 0.000000 1.000000 0.000000 79.000000 1.000000
13 2054.298828 -2180.378173 61.125000 0.000000 91.000000 0.000000 0.000000 0.000000 1.000000 0.000000 91.000000 1.000000
13 1982.652832 -2180.543212 45.125000 0.000000 91.000000 0.000000 0.000000 0.000000 1.000000 0.000000 91.000000 1.000000
13 2126.771728 -2173.047607 37.125000 0.000000 91.000000 0.000000 0.000000 0.000000 1.000000 0.000000 91.000000 1.000000
11 2161.152099 -2110.539550 64.125000 0.000000 -98.000000 0.000000 0.000000 0.000000 1.000000 0.000000 -98.000000 1.000000
15 2110.998535 -1982.654418 39.125000 0.000000 76.000000 0.000000 0.000000 0.000000 1.000000 0.000000 76.000000 1.000000
15 2024.621826 -1978.265014 63.125000 0.000000 125.000000 0.000000 0.000000 0.000000 1.000000 0.000000 125.000000 1.000000
10 2157.488769 -2050.952636 44.125000 0.000000 78.000000 0.000000 0.000000 0.000000 1.000000 0.000000 78.000000 1.000000
15 2090.268554 -2068.303955 63.125000 0.000000 -166.000000 0.000000 0.000000 0.000000 1.000000 0.000000 -166.000000 1.000000
11 2015.981811 -2055.178466 72.125000 0.000000 -42.000000 0.000000 0.000000 0.000000 1.000000 0.000000 -42.000000 1.000000
14 1955.485595 -2052.370361 39.125000 0.000000 47.000000 0.000000 0.000000 0.000000 1.000000 0.000000 47.000000 1.000000
15 2582.920898 -1584.214721 7.124998 0.000000 -140.000000 0.000000 0.000000 0.000000 1.000000 0.000000 -140.000000 1.000000
15 2432.929443 -1578.926025 7.124998 0.000000 -152.000000 0.000000 0.000000 0.000000 1.000000 0.000000 -152.000000 1.000000
11 2510.240722 -1603.454345 32.125000 0.000000 -93.000000 0.000000 0.000000 0.000000 1.000000 0.000000 -93.000000 1.000000
15 2336.354492 -1589.144409 7.124998 0.000000 -128.000000 0.000000 0.000000 0.000000 1.000000 0.000000 -128.000000 1.000000
15 2252.389648 -1601.959350 7.124998 0.000000 -133.000000 0.000000 0.000000 0.000000 1.000000 0.000000 -133.000000 1.000000
15 2158.619873 -1603.279785 7.124998 0.000000 -125.000000 0.000000 0.000000 0.000000 1.000000 0.000000 -125.000000 1.000000
15 2068.101318 -1602.645996 7.124998 0.000000 -135.000000 0.000000 0.000000 0.000000 1.000000 0.000000 -135.000000 1.000000
15 1968.175781 -1580.852539 7.124998 0.000000 -154.000000 0.000000 0.000000 0.000000 1.000000 0.000000 -154.000000 1.000000
15 1876.895385 -1593.185180 7.124998 0.000000 -119.000000 0.000000 0.000000 0.000000 1.000000 0.000000 -119.000000 1.000000
15 1778.026000 -1617.447021 7.124998 0.000000 -119.000000 0.000000 0.000000 0.000000 1.000000 0.000000 -119.000000 1.000000
15 1684.398925 -1591.298095 7.124998 0.000000 -153.000000 0.000000 0.000000 0.000000 1.000000 0.000000 -153.000000 1.000000
15 1589.782348 -1602.627197 7.124998 0.000000 -125.000000 0.000000 0.000000 0.000000 1.000000 0.000000 -125.000000 1.000000
15 1499.429931 -1574.880126 7.124998 0.000000 -148.000000 0.000000 0.000000 0.000000 1.000000 0.000000 -148.000000 1.000000
15 1501.463867 -1491.217285 7.124998 0.000000 53.000000 0.000000 0.000000 0.000000 1.000000 0.000000 53.000000 1.000000
15 1503.614135 -1397.916015 7.124998 0.000000 54.000000 0.000000 0.000000 0.000000 1.000000 0.000000 54.000000 1.000000
15 1499.326904 -1295.956909 7.124998 0.000000 56.000000 0.000000 0.000000 0.000000 1.000000 0.000000 56.000000 1.000000
15 1509.316650 -1158.852905 7.124998 0.000000 50.000000 0.000000 0.000000 0.000000 1.000000 0.000000 50.000000 1.000000
11 1520.912475 -1223.825927 32.125000 0.000000 15.000000 0.000000 0.000000 0.000000 1.000000 0.000000 15.000000 1.000000
14 1585.855346 -1239.990234 -0.875000 0.000000 79.000000 0.000000 0.000000 0.000000 1.000000 0.000000 79.000000 1.000000
13 1963.592285 -1671.305908 5.125000 0.000000 173.000000 0.000000 0.000000 0.000000 1.000000 0.000000 173.000000 1.000000
11 1727.794189 -1682.682250 32.125000 0.000000 179.000000 0.000000 0.000000 0.000000 1.000000 0.000000 179.000000 1.000000
15 2761.399169 -2170.469726 7.125000 0.000000 70.000000 0.000000 0.000000 0.000000 1.000000 0.000000 70.000000 1.000000
11 2653.802490 -2089.014404 32.125000 0.000000 -83.000000 0.000000 0.000000 0.000000 1.000000 0.000000 -83.000000 1.000000
15 2972.056152 -2092.488525 7.124998 0.000000 -31.000000 0.000000 0.000000 0.000000 1.000000 0.000000 -31.000000 1.000000
13 2841.151855 -2007.650146 5.125000 0.000000 -70.000000 0.000000 0.000000 0.000000 1.000000 0.000000 -70.000000 1.000000
1 1691.998413 -834.986328 7.125000 0.000000 -83.000000 0.000000 0.000000 0.000000 1.000000 0.000000 -83.000000 1.000000
1 1683.778198 -772.393554 7.125000 0.000000 -83.000000 0.000000 0.000000 0.000000 1.000000 0.000000 -83.000000 1.000000
1 1674.237792 -692.166564 7.125000 0.000000 -83.000000 0.000000 0.000000 0.000000 1.000000 0.000000 -83.000000 1.000000
1 1676.667236 -610.791748 7.125000 0.000000 -83.000000 0.000000 0.000000 0.000000 1.000000 0.000000 -83.000000 1.000000
1 1677.122192 -528.541809 7.125000 0.000000 -83.000000 0.000000 0.000000 0.000000 1.000000 0.000000 -83.000000 1.000000
1 2512.348144 -2307.473876 210.171218 0.000000 122.000000 83.000000 0.707106 0.000000 -0.707106 0.707106 122.000000 0.000000
4 2503.659667 -2223.424072 26.927654 0.000000 165.000000 0.000000 0.000000 -0.447213 0.894427 0.000000 165.000000 1.000000
4 2793.978271 -2447.540283 23.628845 0.000000 -20.000000 0.000000 -0.447213 0.000000 0.894427 0.000000 -20.000000 1.000000
4 2867.223632 -2369.858398 7.125000 0.000000 -20.000000 0.000000 0.000000 0.000000 1.000000 0.000000 -20.000000 1.000000
4 2884.212646 -2284.448730 7.125000 0.000000 -20.000000 0.000000 0.000000 0.000000 1.000000 0.000000 -20.000000 1.000000
4 2829.211425 -2213.609375 25.954168 0.000000 31.000000 0.000000 -0.408248 -0.408248 0.816496 0.000000 31.000000 1.000000
4 2486.983886 -2406.594970 37.937236 0.000000 175.000000 0.000000 0.000000 0.447213 0.894427 0.000000 175.000000 1.000000
4 2536.625488 -2452.410400 38.326938 0.000000 -160.000000 0.000000 0.447213 0.000000 0.894427 0.000000 -160.000000 1.000000
4 2575.308837 -2462.644042 7.125000 0.000000 -148.000000 0.000000 0.000000 0.000000 1.000000 0.000000 -148.000000 1.000000
4 2666.099121 -2174.996582 3.125000 0.000000 114.000000 0.000000 0.000000 0.000000 1.000000 0.000000 114.000000 1.000000
4 2671.539550 -2480.092529 7.125000 0.000000 -108.000000 0.000000 0.000000 0.000000 1.000000 0.000000 -108.000000 1.000000
4 2723.044433 -2322.150146 -8.875000 0.000000 172.000000 0.000000 0.000000 0.000000 1.000000 0.000000 172.000000 1.000000
5 2599.601074 -2424.875000 229.651824 0.000000 169.000000 89.000000 0.000000 1.000000 0.000000 0.000000 169.000000 0.000000
5 2660.484619 -2424.875000 230.699707 0.000000 169.000000 89.000000 0.000000 1.000000 0.000000 0.000000 169.000000 0.000000
5 2743.855224 -2424.875000 232.158355 0.000000 -174.000000 89.000000 0.000000 1.000000 0.000000 -0.447213 -174.000000 0.000000
5 2812.545410 -2389.277587 233.391815 0.000000 -111.000000 89.000000 -0.707106 0.707106 0.000000 -1.000000 -111.000000 0.000000
5 2840.875000 -2358.387207 233.420959 0.000000 -120.000000 89.000000 -1.000000 0.000000 0.000000 -1.000000 -120.000000 0.000000
5 2840.875000 -2317.959228 229.646041 0.000000 -114.000000 72.000000 -1.000000 0.000000 0.000000 -1.000000 -114.000000 0.000000
5 2840.875000 -2278.698242 226.352996 0.000000 98.000000 -84.000000 -1.000000 0.000000 0.000000 -1.000000 98.000000 0.000000
5 2844.021972 -2240.990234 213.801162 0.000000 108.000000 -77.000000 -0.707106 0.000000 -0.707106 -1.000000 108.000000 0.000000
5 2809.026611 -2215.203369 231.373825 0.000000 110.000000 -76.000000 -0.707106 -0.707106 0.000000 -1.000000 110.000000 0.000000
5 2759.648193 -2183.125000 229.901107 0.000000 155.000000 -76.000000 0.000000 -1.000000 0.000000 -0.707106 155.000000 0.000000
5 2711.101074 -2183.125000 230.191757 0.000000 17.000000 98.000000 0.000000 -1.000000 0.000000 0.000000 17.000000 0.000000
5 2663.814453 -2183.125000 232.210311 0.000000 15.000000 98.000000 0.000000 -1.000000 0.000000 0.000000 15.000000 0.000000
5 2655.772460 -2175.125000 202.144592 0.000000 17.000000 103.000000 0.000000 -1.000000 0.000000 0.000000 17.000000 0.000000
5 2615.812011 -2175.125000 208.979293 0.000000 174.000000 -93.000000 0.000000 -1.000000 0.000000 0.000000 174.000000 0.000000
5 2579.409912 -2177.640380 211.463516 0.000000 174.000000 -93.000000 0.000000 -0.707106 -0.707106 0.000000 174.000000 0.000000
5 2556.335449 -2209.841552 233.037292 0.000000 179.000000 -90.000000 0.707106 -0.707106 0.000000 0.000000 179.000000 0.000000
5 2535.318603 -2377.141845 247.565414 0.000000 -86.000000 -88.000000 0.707106 0.707106 0.000000 1.000000 -86.000000 0.000000
5 2519.125000 -2343.763916 236.443771 0.000000 -90.000000 -90.000000 1.000000 0.000000 0.000000 1.000000 -90.000000 0.000000
11 2321.527099 -2278.312011 280.125000 0.000000 118.000000 0.000000 0.000000 0.000000 1.000000 0.000000 118.000000 1.000000
14 3238.910400 -2303.137695 11.125000 0.000000 178.000000 0.000000 0.000000 0.000000 1.000000 0.000000 178.000000 1.000000
11 2906.546142 -2038.921020 32.125000 0.000000 -14.000000 0.000000 0.000000 0.000000 1.000000 0.000000 -14.000000 1.000000
14 3237.058349 -2376.575439 11.125000 0.000000 178.000000 0.000000 0.000000 0.000000 1.000000 0.000000 178.000000 1.000000
14 3240.726318 -2231.140136 11.125000 0.000000 178.000000 0.000000 0.000000 0.000000 1.000000 0.000000 178.000000 1.000000
10 3221.394042 -2170.221923 24.125000 0.000000 154.000000 0.000000 0.000000 0.000000 1.000000 0.000000 154.000000 1.000000
10 3224.213378 -2438.623291 24.125000 0.000000 -129.000000 0.000000 0.000000 0.000000 1.000000 0.000000 -129.000000 1.000000
11 3384.264892 -2365.451904 42.125000 0.000000 170.000000 0.000000 0.000000 0.000000 1.000000 0.000000 170.000000 1.000000
11 3392.394531 -2245.465087 42.125000 0.000000 -177.000000 0.000000 0.000000 0.000000 1.000000 0.000000 -177.000000 1.000000
10 3473.813720 -2298.399169 38.125000 0.000000 175.000000 0.000000 0.000000 0.000000 1.000000 0.000000 175.000000 1.000000
15 3323.699951 -2299.003417 17.125001 0.000000 179.000000 0.000000 0.000000 0.000000 1.000000 0.000000 179.000000 1.000000
15 3516.669189 -2415.355712 41.125000 0.000000 -140.000000 0.000000 0.000000 0.000000 1.000000 0.000000 -140.000000 1.000000
15 3554.400146 -2332.541259 49.125000 0.000000 169.000000 0.000000 0.000000 0.000000 1.000000 0.000000 169.000000 1.000000
4 2926.887695 -2311.093261 7.125000 0.000000 -13.000000 0.000000 0.000000 0.000000 1.000000 0.000000 -13.000000 1.000000
15 3511.127197 -2197.189697 41.125000 0.000000 169.000000 0.000000 0.000000 0.000000 1.000000 0.000000 169.000000 1.000000
11 3567.747070 -2266.834472 74.125000 0.000000 168.000000 0.000000 0.000000 0.000000 1.000000 0.000000 168.000000 1.000000
11 3576.564453 -2168.172851 74.125000 0.000000 86.000000 0.000000 0.000000 0.000000 1.000000 0.000000 86.000000 1.000000
1 1667.827636 -472.946472 7.125000 0.000000 52.000000 0.000000 0.000000 0.000000 1.000000 0.000000 52.000000 1.000000
11 3596.079345 -2215.462646 74.125000 0.000000 138.000000 0.000000 0.000000 0.000000 1.000000 0.000000 138.000000 1.000000
11 1698.435913 -913.174194 32.125000 0.000000 -33.000000 0.000000 0.000000 0.000000 1.000000 0.000000 -33.000000 1.000000
1 1678.086181 -395.350952 7.125000 0.000000 52.000000 0.000000 0.000000 0.000000 1.000000 0.000000 52.000000 1.000000
1 1668.919311 -335.560821 7.125000 0.000000 52.000000 0.000000 0.000000 0.000000 1.000000 0.000000 52.000000 1.000000
1 1643.779296 -241.988784 7.125000 0.000000 56.000000 0.000000 0.000000 0.000000 1.000000 0.000000 56.000000 1.000000
2 1673.253417 -1592.704833 231.125015 0.000000 -167.000000 0.000000 0.000000 0.000000 1.000000 0.000000 -167.000000 1.000000
4 1934.543945 -1521.261230 7.125000 0.000000 23.000000 0.000000 0.000000 0.000000 1.000000 0.000000 23.000000 1.000000
10 1636.225219 -913.689147 12.125000 0.000000 -48.000000 0.000000 0.000000 0.000000 1.000000 0.000000 -48.000000 1.000000
11 1307.500244 -573.119445 32.125000 0.000000 108.000000 0.000000 0.000000 0.000000 1.000000 0.000000 108.000000 1.000000
11 1353.252197 -570.152160 32.125000 0.000000 108.000000 0.000000 0.000000 0.000000 1.000000 0.000000 108.000000 1.000000
11 1405.311401 -577.199462 32.125000 0.000000 108.000000 0.000000 0.000000 0.000000 1.000000 0.000000 108.000000 1.000000
11 1470.981201 -567.912719 32.125000 0.000000 108.000000 0.000000 0.000000 0.000000 1.000000 0.000000 108.000000 1.000000
11 1524.184814 -506.774047 32.125000 0.000000 105.000000 0.000000 0.000000 0.000000 1.000000 0.000000 105.000000 1.000000
15 1528.138305 -437.077270 87.124992 0.000000 73.000000 0.000000 0.000000 0.000000 1.000000 0.000000 73.000000 1.000000
