9 -289.376983 -2126.011718 -59.875000 0.000000 179.000000 0.000000 0.000000 0.000000 1.000000 0.000000 179.000000 1.000000 0 0 0.000000
15 -494.896972 -142.819290 -24.009960 0.000000 -59.000000 0.000000 0.000000 -0.476283 0.879291 0.000000 -59.000000 1.000000 0 0 0.000000
15 -494.896972 -142.209075 86.115036 0.000000 -59.000000 0.000000 0.000000 0.000000 1.000000 0.000000 -59.000000 1.000000 0 0 0.000000
15 -494.896972 -142.209075 196.240036 0.000000 -59.000000 0.000000 0.000000 0.000000 1.000000 0.000000 -59.000000 1.000000 0 0 0.000000
11 -841.987548 -3879.348632 288.125000 0.000000 -168.000000 0.000000 0.000000 0.000000 1.000000 0.000000 -168.000000 1.000000 0 0 0.000000
11 -801.287231 -3825.731933 288.125000 0.000000 138.000000 0.000000 0.000000 0.000000 1.000000 0.000000 138.000000 1.000000 0 0 0.000000
3 -593.413024 532.181640 69.502113 0.000000 128.000000 0.000000 0.000000 0.476283 0.879291 0.000000 128.000000 1.000000 0 0 0.000000
3 -583.989685 614.291320 25.026037 0.000000 143.000000 0.000000 0.000000 0.476283 0.879291 0.000000 143.000000 1.000000 0 0 0.000000
3 -462.270477 618.778320 22.595579 0.000000 -35.000000 0.000000 0.000000 0.476283 0.879291 0.000000 -35.000000 1.000000 0 0 0.000000
1 -470.117309 704.411804 -34.622562 0.000000 15.000000 0.000000 0.000000 0.476283 0.879291 0.000000 15.000000 1.000000 0 0 0.000000
1 -600.842163 684.070373 -23.604286 0.000000 151.000000 0.000000 0.000000 0.476283 0.879291 0.000000 151.000000 1.000000 0 0 0.000000
15 -338.966278 829.050476 -64.875000 0.000000 -78.000000 0.000000 0.000000 0.000000 1.000000 0.000000 -78.000000 1.000000 0 0 0.000000
3 -596.043640 460.298126 108.438995 0.000000 -95.000000 0.000000 0.000000 0.476283 0.879291 0.000000 -95.000000 1.000000 0 0 0.000000
3 -433.500671 512.991210 79.896926 0.000000 -36.000000 0.000000 0.000000 0.476283 0.879291 0.000000 -36.000000 1.000000 0 0 0.000000
1 887.124084 -886.882202 -16.875000 0.000000 -92.000000 0.000000 0.000000 0.000000 1.000000 0.000000 -92.000000 1.000000 0 0 0.000000
11 629.254028 -960.140808 -23.875000 0.000000 19.000000 0.000000 0.000000 0.000000 1.000000 0.000000 19.000000 1.000000 0 0 0.000000
11 577.512512 -985.914672 -23.875000 0.000000 15.000000 0.000000 0.000000 0.000000 1.000000 0.000000 15.000000 1.000000 0 0 0.000000
11 590.522521 -1035.127685 -15.875000 0.000000 10.000000 0.000000 0.000000 0.000000 1.000000 0.000000 10.000000 1.000000 0 0 0.000000
11 589.679443 -1081.413330 -23.875000 0.000000 -10.000000 0.000000 0.000000 0.000000 1.000000 0.000000 -10.000000 1.000000 0 0 0.000000
11 565.008911 -1130.884765 -23.875000 0.000000 -22.000000 0.000000 0.000000 0.000000 1.000000 0.000000 -22.000000 1.000000 0 0 0.000000
6 118.936965 -614.478027 233.125000 0.000000 -8.000000 0.000000 0.000000 0.000000 1.000000 0.000000 -8.000000 1.000000 0 0 0.000000
3 46.273292 -603.229675 239.125015 0.000000 -43.000000 0.000000 0.000000 0.000000 1.000000 0.000000 -43.000000 1.000000 0 0 0.000000
1 -390.142913 333.987030 174.606414 0.000000 124.000000 0.000000 -0.476283 0.000000 0.879291 0.000000 124.000000 1.000000 0 0 0.000000
1 -281.676879 352.370483 233.358856 0.000000 50.000000 0.000000 -0.476283 0.000000 0.879291 0.000000 50.000000 1.000000 0 0 0.000000
6 647.091613 -519.443664 -33.719436 0.000000 179.000000 0.000000 -0.304775 0.000000 0.952424 0.000000 179.000000 1.000000 0 0 0.000000
11 -807.854553 -3984.870361 288.125000 0.000000 -155.000000 0.000000 0.000000 0.000000 1.000000 0.000000 -155.000000 1.000000 0 0 0.000000
11 -812.900268 -3925.101074 288.125000 0.000000 172.000000 0.000000 0.000000 0.000000 1.000000 0.000000 172.000000 1.000000 0 0 0.000000
16 -647.106140 -3894.863525 263.125000 0.000000 -13.000000 0.000000 0.000000 0.000000 1.000000 0.000000 -13.000000 1.000000 0 0 0.000000
2 163.172607 -3906.516113 535.125000 0.000000 -3.000000 0.000000 0.000000 0.000000 1.000000 0.000000 -3.000000 1.000000 0 0 0.000000
3 73.142135 -3888.281005 37.084377 0.000000 49.000000 0.000000 0.316227 0.000000 0.948683 0.000000 49.000000 1.000000 0 0 0.000000
3 -47.572326 -3955.590087 77.322532 0.000000 -125.000000 0.000000 0.316227 0.000000 0.948683 0.000000 -125.000000 1.000000 0 0 0.000000
11 -1531.211791 -1999.970825 288.125000 0.000000 83.000000 0.000000 0.000000 0.000000 1.000000 0.000000 83.000000 1.000000 0 0 0.000000
11 -1322.781250 -1991.307250 288.125000 0.000000 83.000000 0.000000 0.000000 0.000000 1.000000 0.000000 83.000000 1.000000 0 0 0.000000
2 -1510.630004 -1640.095825 855.125000 0.000000 13.000000 0.000000 0.000000 0.000000 1.000000 0.000000 13.000000 1.000000 0 0 0.000000
11 -1531.508911 -1550.188842 368.125000 0.000000 166.000000 0.000000 0.000000 0.000000 1.000000 0.000000 166.000000 1.000000 0 0 0.000000
15 -1280.584838 -1767.176879 383.125000 0.000000 66.000000 0.000000 0.000000 0.000000 1.000000 0.000000 66.000000 1.000000 0 0 0.000000
11 -1434.366943 -1551.557128 368.125000 0.000000 102.000000 0.000000 0.000000 0.000000 1.000000 0.000000 102.000000 1.000000 0 0 0.000000
11 -1480.436401 -1553.508056 368.125000 0.000000 133.000000 0.000000 0.000000 0.000000 1.000000 0.000000 133.000000 1.000000 0 0 0.000000
11 -1385.255615 -1551.519409 368.125000 0.000000 84.000000 0.000000 0.000000 0.000000 1.000000 0.000000 84.000000 1.000000 0 0 0.000000
11 -1657.721801 -1493.456909 328.125000 0.000000 108.000000 0.000000 0.000000 0.000000 1.000000 0.000000 108.000000 1.000000 0 0 0.000000
11 -1577.214599 -1536.425659 368.125000 0.000000 60.000000 0.000000 0.000000 0.000000 1.000000 0.000000 60.000000 1.000000 0 0 0.000000
14 -1095.956909 -1714.652221 415.125000 0.000000 12.000000 0.000000 0.000000 0.000000 1.000000 0.000000 12.000000 1.000000 1 0 0.000000
11 -1609.367309 -1488.752807 368.125000 0.000000 82.000000 0.000000 0.000000 0.000000 1.000000 0.000000 82.000000 1.000000 0 0 0.000000
15 -1319.011596 -1547.568969 303.125000 0.000000 -126.000000 0.000000 0.000000 0.000000 1.000000 0.000000 -126.000000 1.000000 0 0 0.000000
15 -1125.866943 -1524.376098 263.125000 0.000000 -95.000000 0.000000 0.000000 0.000000 1.000000 0.000000 -95.000000 1.000000 0 0 0.000000
15 -1233.809936 -1548.475830 263.125000 0.000000 -90.000000 0.000000 0.000000 0.000000 1.000000 0.000000 -90.000000 1.000000 0 0 0.000000
15 -1092.064331 -1610.083740 303.125000 0.000000 1.000000 0.000000 0.000000 0.000000 1.000000 0.000000 1.000000 1.000000 0 0 0.000000
15 -1143.658935 -1424.308959 263.125000 0.000000 -81.000000 0.000000 0.000000 0.000000 1.000000 0.000000 -81.000000 1.000000 0 0 0.000000
10 111.012702 -45.373836 244.125000 0.000000 -18.000000 0.000000 0.000000 0.000000 1.000000 0.000000 -18.000000 1.000000 0 0 0.000000
3 -1250.477294 -2282.300292 263.125000 0.000000 -31.000000 0.000000 0.000000 0.000000 1.000000 0.000000 -31.000000 1.000000 0 0 0.000000
1 2272.308593 -3478.774414 59.498950 0.000000 103.000000 -94.000000 -0.776113 0.000000 -0.630592 -1.000000 103.000000 0.000000 0 0 0.000000
2 -287.397399 -2021.579101 335.125000 0.000000 59.000000 0.000000 0.000000 0.000000 1.000000 0.000000 59.000000 1.000000 0 0 0.000000
6 2265.064453 -3282.182861 -150.875000 0.000000 -92.000000 0.000000 0.000000 0.000000 1.000000 0.000000 -92.000000 1.000000 0 0 0.000000
3 -243.369750 -3548.883056 263.125000 0.000000 3.000000 0.000000 0.000000 0.000000 1.000000 0.000000 3.000000 1.000000 0 0 0.000000
1 -684.971740 -3969.130859 263.125000 0.000000 -160.000000 0.000000 0.000000 0.000000 1.000000 0.000000 -160.000000 1.000000 0 0 0.000000
3 -1168.051513 -2262.496826 263.125000 0.000000 -39.000000 0.000000 0.000000 0.000000 1.000000 0.000000 -39.000000 1.000000 0 0 0.000000
2 -1374.989379 -3049.289550 639.125000 0.000000 -57.000000 0.000000 0.000000 0.000000 1.000000 0.000000 -57.000000 1.000000 0 0 0.000000
1 -1181.094970 -2325.352294 263.125000 0.000000 -84.000000 0.000000 0.000000 0.000000 1.000000 0.000000 -84.000000 1.000000 0 0 0.000000
6 -1157.106811 -2188.928955 257.125000 0.000000 -39.000000 0.000000 0.000000 0.000000 1.000000 0.000000 -39.000000 1.000000 0 0 0.000000
3 -1245.624755 -2207.538330 263.125000 0.000000 -44.000000 0.000000 0.000000 0.000000 1.000000 0.000000 -44.000000 1.000000 0 0 0.000000
1 -385.386260 -510.944671 152.875000 0.000000 100.000000 180.000000 0.000000 0.000000 -1.000000 -1.000000 100.000000 0.000000 0 0 0.000000
12 484.327972 -501.084381 -50.875000 0.000000 -88.000000 0.000000 0.000000 0.000000 1.000000 0.000000 -88.000000 1.000000 1 0 0.000000
14 406.131713 -496.878356 -56.875000 0.000000 -135.000000 0.000000 0.000000 0.000000 1.000000 0.000000 -135.000000 1.000000 1 0 0.000000
10 569.985534 -500.274993 -43.875000 0.000000 -173.000000 0.000000 0.000000 0.000000 1.000000 0.000000 -173.000000 1.000000 0 0 0.000000
11 316.877227 -500.158691 -23.875000 0.000000 -19.000000 0.000000 0.000000 0.000000 1.000000 0.000000 -19.000000 1.000000 0 0 0.000000
10 -754.142150 -3054.394775 268.125000 0.000000 26.000000 0.000000 0.000000 0.000000 1.000000 0.000000 26.000000 1.000000 0 0 0.000000
1 832.000000 -3072.000000 -8.875000 0.000000 180.000000 0.000000 0.000000 0.000000 1.000000 0.000000 180.000000 0.000000 0 0 0.000000
1 898.332702 -3139.699951 -8.875000 0.000000 85.000000 0.000000 0.000000 0.000000 1.000000 0.000000 85.000000 1.000000 0 0 0.000000
1 861.852172 -3198.343017 -8.875000 0.000000 108.000000 0.000000 0.000000 0.000000 1.000000 0.000000 108.000000 1.000000 0 0 0.000000
1 818.968872 -3197.032958 -8.875000 0.000000 126.000000 0.000000 0.000000 0.000000 1.000000 0.000000 126.000000 1.000000 0 0 0.000000
11 1296.976806 -3810.482910 -119.875000 0.000000 89.000000 0.000000 0.000000 0.000000 1.000000 0.000000 89.000000 1.000000 0 0 0.000000
1 854.356140 -3306.418212 -8.875000 0.000000 101.000000 0.000000 0.000000 0.000000 1.000000 0.000000 101.000000 1.000000 0 0 0.000000
16 1012.269165 -3660.399902 -144.875000 0.000000 125.000000 0.000000 0.000000 0.000000 1.000000 0.000000 125.000000 1.000000 0 0 0.000000
11 297.278717 -548.068359 -23.875000 0.000000 -23.000000 0.000000 0.000000 0.000000 1.000000 0.000000 -23.000000 1.000000 0 0 0.000000
1 939.582519 -3337.845947 -8.875000 0.000000 72.000000 0.000000 0.000000 0.000000 1.000000 0.000000 72.000000 1.000000 0 0 0.000000
11 269.511535 -592.620605 -23.875000 0.000000 -37.000000 0.000000 0.000000 0.000000 1.000000 0.000000 -37.000000 1.000000 0 0 0.000000
11 -292.228393 432.105865 -31.875000 0.000000 93.000000 0.000000 0.000000 0.000000 1.000000 0.000000 93.000000 1.000000 0 0 0.000000
11 -241.584060 443.655487 -31.875000 0.000000 93.000000 0.000000 0.000000 0.000000 1.000000 0.000000 93.000000 1.000000 0 0 0.000000
11 -193.113357 449.882965 -31.875000 0.000000 93.000000 0.000000 0.000000 0.000000 1.000000 0.000000 93.000000 1.000000 0 0 0.000000
11 -141.228790 453.462982 -31.875000 0.000000 93.000000 0.000000 0.000000 0.000000 1.000000 0.000000 93.000000 1.000000 0 0 0.000000
11 -96.776504 456.523620 -31.875000 0.000000 93.000000 0.000000 0.000000 0.000000 1.000000 0.000000 93.000000 1.000000 0 0 0.000000
11 -47.608318 460.022583 -31.875000 0.000000 93.000000 0.000000 0.000000 0.000000 1.000000 0.000000 93.000000 1.000000 0 0 0.000000
11 1.764428 463.175811 -31.875000 0.000000 90.000000 0.000000 0.000000 0.000000 1.000000 0.000000 90.000000 1.000000 0 0 0.000000
11 57.434059 472.724456 -31.875000 0.000000 95.000000 0.000000 0.000000 0.000000 1.000000 0.000000 95.000000 1.000000 0 0 0.000000
11 112.331909 477.843383 -31.875000 0.000000 95.000000 0.000000 0.000000 0.000000 1.000000 0.000000 95.000000 1.000000 0 0 0.000000
11 160.800552 492.217864 -31.875000 0.000000 87.000000 0.000000 0.000000 0.000000 1.000000 0.000000 87.000000 1.000000 0 0 0.000000
11 -471.508392 382.208679 160.125000 0.000000 77.000000 0.000000 0.000000 0.000000 1.000000 0.000000 77.000000 1.000000 0 0 0.000000
11 -532.976196 383.023681 160.125000 0.000000 70.000000 0.000000 0.000000 0.000000 1.000000 0.000000 70.000000 1.000000 0 0 0.000000
11 -582.875366 387.475677 160.125000 0.000000 78.000000 0.000000 0.000000 0.000000 1.000000 0.000000 78.000000 1.000000 0 0 0.000000
11 -607.975097 327.469329 160.125000 0.000000 90.000000 0.000000 0.000000 0.000000 1.000000 0.000000 90.000000 1.000000 0 0 0.000000
11 192.952072 223.511459 -39.875000 0.000000 44.000000 0.000000 0.000000 0.000000 1.000000 0.000000 44.000000 1.000000 0 0 0.000000
11 132.443679 223.733489 -31.875000 0.000000 67.000000 0.000000 0.000000 0.000000 1.000000 0.000000 67.000000 1.000000 0 0 0.000000
11 78.475204 224.029907 -31.875000 0.000000 67.000000 0.000000 0.000000 0.000000 1.000000 0.000000 67.000000 1.000000 0 0 0.000000
11 18.911630 234.228790 -31.875000 0.000000 82.000000 0.000000 0.000000 0.000000 1.000000 0.000000 82.000000 1.000000 0 0 0.000000
11 -44.417900 222.193603 -31.875000 0.000000 82.000000 0.000000 0.000000 0.000000 1.000000 0.000000 82.000000 1.000000 0 0 0.000000
11 -103.094261 214.535385 -31.875000 0.000000 113.000000 0.000000 0.000000 0.000000 1.000000 0.000000 113.000000 1.000000 0 0 0.000000
11 -163.516448 204.173980 -31.875000 0.000000 110.000000 0.000000 0.000000 0.000000 1.000000 0.000000 110.000000 1.000000 0 0 0.000000
11 -225.360977 194.915573 -31.875000 0.000000 110.000000 0.000000 0.000000 0.000000 1.000000 0.000000 110.000000 1.000000 0 0 0.000000
11 -279.460693 179.204498 -31.875000 0.000000 111.000000 0.000000 0.000000 0.000000 1.000000 0.000000 111.000000 1.000000 0 0 0.000000
11 -340.097381 168.120697 -31.875000 0.000000 111.000000 0.000000 0.000000 0.000000 1.000000 0.000000 111.000000 1.000000 0 0 0.000000
11 -388.618591 197.949371 -39.875000 0.000000 -37.000000 0.000000 0.000000 0.000000 1.000000 0.000000 -37.000000 1.000000 0 0 0.000000
11 -440.204162 194.910598 -47.875000 0.000000 -77.000000 0.000000 0.000000 0.000000 1.000000 0.000000 -77.000000 1.000000 0 0 0.000000
11 -498.120483 193.533859 -47.875000 0.000000 -77.000000 0.000000 0.000000 0.000000 1.000000 0.000000 -77.000000 1.000000 0 0 0.000000
11 -550.673156 201.943359 -47.875000 0.000000 -82.000000 0.000000 0.000000 0.000000 1.000000 0.000000 -82.000000 1.000000 0 0 0.000000
11 -587.898925 250.408508 -47.875000 0.000000 -93.000000 0.000000 0.000000 0.000000 1.000000 0.000000 -93.000000 1.000000 0 0 0.000000
11 -105.439743 15.636384 -47.875000 0.000000 79.000000 0.000000 0.000000 0.000000 1.000000 0.000000 79.000000 1.000000 0 0 0.000000
11 -163.256011 -0.732769 -47.875000 0.000000 77.000000 0.000000 0.000000 0.000000 1.000000 0.000000 77.000000 1.000000 0 0 0.000000
11 -227.738479 -29.262115 -47.875000 0.000000 80.000000 0.000000 0.000000 0.000000 1.000000 0.000000 80.000000 1.000000 0 0 0.000000
11 -190.669952 457.441314 264.125000 0.000000 3.000000 0.000000 0.000000 0.000000 1.000000 0.000000 3.000000 1.000000 0 0 0.000000
11 -419.077697 -62.657897 -39.875000 0.000000 145.000000 0.000000 0.000000 0.000000 1.000000 0.000000 145.000000 1.000000 0 0 0.000000
11 -338.395782 -56.558338 -39.875000 0.000000 121.000000 0.000000 0.000000 0.000000 1.000000 0.000000 121.000000 1.000000 0 0 0.000000
11 -25.444496 165.472793 -31.875000 0.000000 8.000000 0.000000 0.000000 0.000000 1.000000 0.000000 8.000000 1.000000 0 0 0.000000
15 -1345.076782 -2607.041503 263.125000 0.000000 55.000000 0.000000 0.000000 0.000000 1.000000 0.000000 55.000000 1.000000 0 0 0.000000
11 -49.574272 663.589660 -47.875000 0.000000 -46.000000 0.000000 0.000000 0.000000 1.000000 0.000000 -46.000000 1.000000 0 0 0.000000
11 -506.895782 463.673217 119.125000 0.000000 1.000000 0.000000 0.000000 0.000000 1.000000 0.000000 1.000000 1.000000 0 0 0.000000
11 -108.630455 -459.442718 -47.875000 0.000000 2.000000 0.000000 0.000000 0.000000 1.000000 0.000000 2.000000 1.000000 0 0 0.000000
10 -398.020782 -486.389282 244.125000 0.000000 107.000000 0.000000 0.000000 0.000000 1.000000 0.000000 107.000000 1.000000 0 0 0.000000
11 56.925811 -508.646911 -47.875000 0.000000 6.000000 0.000000 0.000000 0.000000 1.000000 0.000000 6.000000 1.000000 0 0 0.000000
11 -234.568389 -528.488525 -47.875000 0.000000 5.000000 0.000000 0.000000 0.000000 1.000000 0.000000 5.000000 1.000000 0 0 0.000000
13 -387.486785 854.968017 237.125000 0.000000 93.000000 0.000000 0.000000 0.000000 1.000000 0.000000 93.000000 1.000000 0 0 0.000000
11 -34.717945 -888.209472 515.458862 0.000000 69.000000 0.000000 -0.707106 0.000000 0.707106 0.000000 69.000000 1.000000 0 0 0.000000
11 949.677185 -991.891479 0.125000 0.000000 44.000000 0.000000 0.000000 0.000000 1.000000 0.000000 44.000000 1.000000 0 0 0.000000
13 788.238220 -920.432739 3.679785 0.000000 126.000000 0.000000 0.000000 -0.257662 0.966234 0.000000 126.000000 1.000000 0 0 0.000000
11 827.150451 -858.990539 12.125000 0.000000 144.000000 0.000000 0.000000 0.000000 1.000000 0.000000 144.000000 1.000000 0 0 0.000000
13 866.585266 -947.663452 -14.875000 0.000000 76.000000 0.000000 0.000000 0.000000 1.000000 0.000000 76.000000 1.000000 0 0 0.000000
11 903.113159 -1012.636657 12.125000 0.000000 26.000000 0.000000 0.000000 0.000000 1.000000 0.000000 26.000000 1.000000 0 0 0.000000
11 954.050964 -1048.036254 0.125000 0.000000 26.000000 0.000000 0.000000 0.000000 1.000000 0.000000 26.000000 1.000000 0 0 0.000000
14 -335.678131 -182.222320 231.125000 0.000000 -91.000000 0.000000 0.000000 0.000000 1.000000 0.000000 -91.000000 1.000000 1 0 0.000000
11 -371.216918 -80.168617 264.125000 0.000000 -86.000000 0.000000 0.000000 0.000000 1.000000 0.000000 -86.000000 1.000000 0 0 0.000000
11 -315.020080 -70.258773 264.125000 0.000000 75.000000 0.000000 0.000000 0.000000 1.000000 0.000000 75.000000 1.000000 0 0 0.000000
11 -393.028686 -28.249494 264.125000 0.000000 -101.000000 0.000000 0.000000 0.000000 1.000000 0.000000 -101.000000 1.000000 0 0 0.000000
11 -312.721954 516.387268 264.125000 0.000000 -81.000000 0.000000 0.000000 0.000000 1.000000 0.000000 -81.000000 1.000000 0 0 0.000000
11 -308.865081 580.588195 264.125000 0.000000 -81.000000 0.000000 0.000000 0.000000 1.000000 0.000000 -81.000000 1.000000 0 0 0.000000
11 -308.734954 645.117675 264.125000 0.000000 -81.000000 0.000000 0.000000 0.000000 1.000000 0.000000 -81.000000 1.000000 0 0 0.000000
11 -395.342407 722.967529 264.125000 0.000000 -119.000000 0.000000 0.000000 0.000000 1.000000 0.000000 -119.000000 1.000000 0 0 0.000000
11 -401.249938 792.986755 264.125000 0.000000 -128.000000 0.000000 0.000000 0.000000 1.000000 0.000000 -128.000000 1.000000 0 0 0.000000
11 -327.531677 897.647949 264.125000 0.000000 99.000000 0.000000 0.000000 0.000000 1.000000 0.000000 99.000000 1.000000 0 0 0.000000
11 -303.218414 838.965270 264.125000 0.000000 80.000000 0.000000 0.000000 0.000000 1.000000 0.000000 80.000000 1.000000 0 0 0.000000
11 -125.634674 -458.147308 264.125000 0.000000 91.000000 0.000000 0.000000 0.000000 1.000000 0.000000 91.000000 1.000000 0 0 0.000000
11 -187.248779 386.306884 264.125000 0.000000 73.000000 0.000000 0.000000 0.000000 1.000000 0.000000 73.000000 1.000000 0 0 0.000000
11 -177.547302 330.752319 264.125000 0.000000 73.000000 0.000000 0.000000 0.000000 1.000000 0.000000 73.000000 1.000000 0 0 0.000000
11 -141.781295 276.313751 264.125000 0.000000 74.000000 0.000000 0.000000 0.000000 1.000000 0.000000 74.000000 1.000000 0 0 0.000000
11 -83.124122 269.252441 264.125000 0.000000 74.000000 0.000000 0.000000 0.000000 1.000000 0.000000 74.000000 1.000000 0 0 0.000000
11 -29.889703 238.329605 264.125000 0.000000 74.000000 0.000000 0.000000 0.000000 1.000000 0.000000 74.000000 1.000000 0 0 0.000000
11 37.975749 219.706146 264.125000 0.000000 74.000000 0.000000 0.000000 0.000000 1.000000 0.000000 74.000000 1.000000 0 0 0.000000
11 82.991020 270.697265 264.125000 0.000000 81.000000 0.000000 0.000000 0.000000 1.000000 0.000000 81.000000 1.000000 0 0 0.000000
11 117.007003 212.549911 264.125000 0.000000 80.000000 0.000000 0.000000 0.000000 1.000000 0.000000 80.000000 1.000000 0 0 0.000000
11 165.590011 229.217590 264.125000 0.000000 79.000000 0.000000 0.000000 0.000000 1.000000 0.000000 79.000000 1.000000 0 0 0.000000
11 180.871627 174.443939 264.125000 0.000000 60.000000 0.000000 0.000000 0.000000 1.000000 0.000000 60.000000 1.000000 0 0 0.000000
11 176.354263 105.705055 264.125000 0.000000 -20.000000 0.000000 0.000000 0.000000 1.000000 0.000000 -20.000000 1.000000 0 0 0.000000
11 119.508773 17.602958 264.125000 0.000000 -42.000000 0.000000 0.000000 0.000000 1.000000 0.000000 -42.000000 1.000000 0 0 0.000000
11 69.857795 19.859970 264.125000 0.000000 -85.000000 0.000000 0.000000 0.000000 1.000000 0.000000 -85.000000 1.000000 0 0 0.000000
11 21.422574 42.024459 264.125000 0.000000 -77.000000 0.000000 0.000000 0.000000 1.000000 0.000000 -77.000000 1.000000 0 0 0.000000
11 -31.714288 47.009967 264.125000 0.000000 -91.000000 0.000000 0.000000 0.000000 1.000000 0.000000 -91.000000 1.000000 0 0 0.000000
11 -85.824729 3.874489 264.125000 0.000000 -96.000000 0.000000 0.000000 0.000000 1.000000 0.000000 -96.000000 1.000000 0 0 0.000000
11 -124.434776 49.705501 264.125000 0.000000 -113.000000 0.000000 0.000000 0.000000 1.000000 0.000000 -113.000000 1.000000 0 0 0.000000
11 -147.081893 99.487838 264.125000 0.000000 -118.000000 0.000000 0.000000 0.000000 1.000000 0.000000 -118.000000 1.000000 0 0 0.000000
10 -53.848136 -136.449249 440.125000 0.000000 -167.000000 0.000000 0.000000 0.000000 1.000000 -330.000000 -167.000000 1.000000 0 0 0.000000
14 -319.326782 -221.470474 495.126098 0.000000 177.000000 0.000000 0.000000 0.000000 1.000000 0.000000 177.000000 1.000000 1 0 0.000000
11 18.606918 -901.931030 528.125000 0.000000 57.000000 0.000000 0.000000 0.000000 1.000000 0.000000 57.000000 1.000000 0 0 0.000000
11 -83.310882 -907.035278 528.126098 0.000000 77.000000 0.000000 0.000000 0.000000 1.000000 0.000000 77.000000 1.000000 0 0 0.000000
16 -289.837280 -2195.541748 -48.875000 0.000000 -139.000000 0.000000 0.000000 0.000000 1.000000 0.000000 -139.000000 1.000000 0 0 0.000000
11 -37.317279 -968.991821 526.024536 0.000000 65.000000 0.000000 -0.686829 0.231701 0.688897 0.000000 65.000000 1.000000 0 0 0.000000
11 -309.004791 -1898.959350 -23.875000 0.000000 103.000000 0.000000 0.000000 0.000000 1.000000 0.000000 103.000000 1.000000 0 0 0.000000
11 -258.686126 -1908.199829 -23.875000 0.000000 88.000000 0.000000 0.000000 0.000000 1.000000 0.000000 88.000000 1.000000 0 0 0.000000
11 -213.405288 -1903.591186 -23.875000 0.000000 90.000000 0.000000 0.000000 0.000000 1.000000 0.000000 90.000000 1.000000 0 0 0.000000
11 -170.845321 -1949.386718 -23.875000 0.000000 78.000000 0.000000 0.000000 0.000000 1.000000 0.000000 78.000000 1.000000 0 0 0.000000
11 -64.399429 65.823585 -31.875000 0.000000 -40.000000 0.000000 0.000000 0.000000 1.000000 0.000000 -40.000000 1.000000 0 0 0.000000
11 -158.809524 -2016.865356 -23.875000 0.000000 71.000000 0.000000 0.000000 0.000000 1.000000 0.000000 71.000000 1.000000 0 0 0.000000
11 -25.636302 -1955.459960 -23.875000 0.000000 80.000000 0.000000 0.000000 0.000000 1.000000 0.000000 80.000000 1.000000 0 0 0.000000
11 18.447813 -1962.597778 -23.875000 0.000000 80.000000 0.000000 0.000000 0.000000 1.000000 0.000000 80.000000 1.000000 0 0 0.000000
11 71.358970 -1944.228149 -23.875000 0.000000 67.000000 0.000000 0.000000 0.000000 1.000000 0.000000 67.000000 1.000000 0 0 0.000000
11 131.558364 -1933.860351 -23.875000 0.000000 73.000000 0.000000 0.000000 0.000000 1.000000 0.000000 73.000000 1.000000 0 0 0.000000
16 1803.373901 -2522.353759 -48.875000 0.000000 9.000000 0.000000 0.000000 0.000000 1.000000 0.000000 9.000000 1.000000 0 0 0.000000
11 1498.761230 -1873.267822 -23.875000 0.000000 34.000000 0.000000 0.000000 0.000000 1.000000 0.000000 34.000000 1.000000 0 0 0.000000
11 1448.531738 -1830.166625 -23.875000 0.000000 59.000000 0.000000 0.000000 0.000000 1.000000 0.000000 59.000000 1.000000 0 0 0.000000
16 410.055053 -2169.640869 -6.876388 0.000000 -41.000000 0.000000 0.000000 0.000000 1.000000 0.000000 -41.000000 1.000000 0 0 0.000000
11 467.958282 -2058.070068 -15.875000 0.000000 30.000000 0.000000 0.000000 0.000000 1.000000 0.000000 30.000000 1.000000 0 0 0.000000
11 486.188293 -2108.961425 -19.875000 0.000000 2.000000 0.000000 0.000000 0.000000 1.000000 0.000000 2.000000 1.000000 0 0 0.000000
11 491.379882 -2006.832641 18.126598 0.000000 138.000000 0.000000 0.000000 0.000000 1.000000 0.000000 138.000000 1.000000 0 0 0.000000
16 1505.908935 -1825.914916 -48.875000 0.000000 49.000000 0.000000 0.000000 0.000000 1.000000 0.000000 49.000000 1.000000 0 0 0.000000
11 -375.775512 -983.181640 -23.875000 0.000000 176.000000 0.000000 0.000000 0.000000 1.000000 0.000000 176.000000 1.000000 0 0 0.000000
11 -325.776519 -1125.336303 -23.875000 0.000000 -178.000000 0.000000 0.000000 0.000000 1.000000 0.000000 -178.000000 1.000000 0 0 0.000000
13 1556.191894 -2363.759765 -46.875000 0.000000 -8.000000 0.000000 0.000000 0.000000 1.000000 0.000000 -8.000000 1.000000 0 0 0.000000
11 1750.558349 -2392.090087 -23.875000 0.000000 31.000000 0.000000 0.000000 0.000000 1.000000 0.000000 31.000000 1.000000 0 0 0.000000
11 1760.836303 -2442.721435 -23.875000 0.000000 9.000000 0.000000 0.000000 0.000000 1.000000 0.000000 9.000000 1.000000 0 0 0.000000
11 -381.455383 -1040.506591 -23.875000 0.000000 176.000000 0.000000 0.000000 0.000000 1.000000 0.000000 176.000000 1.000000 0 0 0.000000
11 -314.614318 -955.412536 -23.875000 0.000000 172.000000 0.000000 0.000000 0.000000 1.000000 0.000000 172.000000 1.000000 0 0 0.000000
11 -376.963684 -1092.473388 -23.875000 0.000000 -166.000000 0.000000 0.000000 0.000000 1.000000 0.000000 -166.000000 1.000000 0 0 0.000000
11 1765.512817 -2495.065429 -23.875000 0.000000 3.000000 0.000000 0.000000 0.000000 1.000000 0.000000 3.000000 1.000000 0 0 0.000000
11 1764.678833 -2554.976318 -23.875000 0.000000 3.000000 0.000000 0.000000 0.000000 1.000000 0.000000 3.000000 1.000000 0 0 0.000000
11 1767.497680 -2608.050292 -23.875000 0.000000 3.000000 0.000000 0.000000 0.000000 1.000000 0.000000 3.000000 1.000000 0 0 0.000000
11 1770.111083 -2663.813964 -23.875000 0.000000 3.000000 0.000000 0.000000 0.000000 1.000000 0.000000 3.000000 1.000000 0 0 0.000000
11 1772.710205 -2711.008789 -23.875000 0.000000 3.000000 0.000000 0.000000 0.000000 1.000000 0.000000 3.000000 1.000000 0 0 0.000000
13 2196.057128 -2954.843505 -50.875000 0.000000 -82.000000 0.000000 0.000000 0.000000 1.000000 0.000000 -82.000000 1.000000 0 0 0.000000
16 2093.457519 -2957.268310 -48.875000 0.000000 -109.000000 0.000000 0.000000 0.000000 1.000000 0.000000 -109.000000 1.000000 0 0 0.000000
11 2182.500244 -3016.642089 -32.875000 0.000000 -29.000000 0.000000 0.000000 0.000000 1.000000 0.000000 -29.000000 1.000000 0 0 0.000000
11 2066.066650 -3062.410400 -47.080078 0.000000 -103.000000 0.000000 0.000000 -0.304775 0.952424 0.000000 -103.000000 1.000000 0 0 0.000000
11 2263.899658 -3385.980224 -119.875000 0.000000 -86.000000 0.000000 0.000000 0.000000 1.000000 0.000000 -86.000000 1.000000 0 0 0.000000
11 2214.900146 -3389.291503 -119.875000 0.000000 -86.000000 0.000000 0.000000 0.000000 1.000000 0.000000 -86.000000 1.000000 0 0 0.000000
11 2056.180175 -3382.389648 -119.875000 0.000000 -88.000000 0.000000 0.000000 0.000000 1.000000 0.000000 -88.000000 1.000000 0 0 0.000000
11 2159.033447 -3397.105712 -119.875000 0.000000 -86.000000 0.000000 0.000000 0.000000 1.000000 0.000000 -86.000000 1.000000 0 0 0.000000
13 2148.055908 -2882.795410 -50.875000 0.000000 -100.000000 0.000000 0.000000 0.000000 1.000000 0.000000 -100.000000 1.000000 0 0 0.000000
13 2109.350830 -3155.868164 -99.826560 0.000000 -131.000000 0.000000 0.000000 -0.304775 0.952424 0.000000 -131.000000 1.000000 0 0 0.000000
16 2241.889160 -3586.395996 -144.875000 0.000000 75.000000 0.000000 0.000000 0.000000 1.000000 0.000000 75.000000 1.000000 0 0 0.000000
11 2106.230468 -3388.732910 -119.875000 0.000000 -86.000000 0.000000 0.000000 0.000000 1.000000 0.000000 -86.000000 1.000000 0 0 0.000000
11 2116.441406 -3037.900146 -40.875000 0.000000 -74.000000 0.000000 0.000000 0.000000 1.000000 0.000000 -74.000000 1.000000 0 0 0.000000
10 2245.222412 -3462.354248 -139.875000 0.000000 62.000000 0.000000 0.000000 0.000000 1.000000 0.000000 62.000000 1.000000 0 0 0.000000
11 -509.036132 513.925720 95.125000 0.000000 26.000000 0.000000 0.000000 0.000000 1.000000 0.000000 26.000000 1.000000 0 0 0.000000
14 2117.554443 -3616.756591 -152.875000 0.000000 85.000000 0.000000 0.000000 0.000000 1.000000 0.000000 85.000000 1.000000 1 0 0.000000
1 907.084716 -3242.936767 -8.875000 0.000000 70.000000 0.000000 0.000000 0.000000 1.000000 0.000000 70.000000 1.000000 0 0 0.000000
1 997.676452 -3360.769042 -8.875000 0.000000 33.000000 0.000000 0.000000 0.000000 1.000000 0.000000 33.000000 1.000000 0 0 0.000000
1 954.485229 -3410.918945 -8.875000 0.000000 14.000000 0.000000 0.000000 0.000000 1.000000 0.000000 14.000000 1.000000 0 0 0.000000
1 817.679443 -3327.039062 -8.875000 0.000000 123.000000 0.000000 0.000000 0.000000 1.000000 0.000000 123.000000 1.000000 0 0 0.000000
1 809.861450 -3370.158691 -8.875000 0.000000 139.000000 0.000000 0.000000 0.000000 1.000000 0.000000 139.000000 1.000000 0 0 0.000000
1 884.550170 -3333.112304 -8.875000 0.000000 93.000000 0.000000 0.000000 0.000000 1.000000 0.000000 93.000000 1.000000 0 0 0.000000
11 -589.691040 863.275207 -47.875000 0.000000 -144.000000 0.000000 0.000000 0.000000 1.000000 0.000000 -144.000000 1.000000 0 0 0.000000
13 -448.092712 800.778686 -66.875000 0.000000 -111.000000 0.000000 0.000000 0.000000 1.000000 0.000000 -111.000000 1.000000 0 0 0.000000
11 -77.571151 -445.719879 264.125000 0.000000 91.000000 0.000000 0.000000 0.000000 1.000000 0.000000 91.000000 1.000000 0 0 0.000000
11 -33.570667 116.247840 -31.875000 0.000000 -9.000000 0.000000 0.000000 0.000000 1.000000 0.000000 -9.000000 1.000000 0 0 0.000000
11 -28.780284 -464.795074 264.125000 0.000000 91.000000 0.000000 0.000000 0.000000 1.000000 0.000000 91.000000 1.000000 0 0 0.000000
11 22.225513 -463.055694 264.125000 0.000000 91.000000 0.000000 0.000000 0.000000 1.000000 0.000000 91.000000 1.000000 0 0 0.000000
11 70.066154 -461.584686 264.125000 0.000000 91.000000 0.000000 0.000000 0.000000 1.000000 0.000000 91.000000 1.000000 0 0 0.000000
11 125.008781 -459.896270 264.125000 0.000000 91.000000 0.000000 0.000000 0.000000 1.000000 0.000000 91.000000 1.000000 0 0 0.000000
11 -749.976562 -478.081695 264.125000 0.000000 7.000000 0.000000 0.000000 0.000000 1.000000 0.000000 7.000000 1.000000 0 0 0.000000
11 -753.381958 -626.969177 264.125000 0.000000 -17.000000 0.000000 0.000000 0.000000 1.000000 0.000000 -17.000000 1.000000 0 0 0.000000
10 -862.270629 -549.539184 244.125000 0.000000 -1.000000 0.000000 0.000000 0.000000 1.000000 0.000000 -1.000000 1.000000 0 0 0.000000
13 -540.178955 -491.726470 237.125000 0.000000 6.000000 0.000000 0.000000 0.000000 1.000000 0.000000 6.000000 1.000000 0 0 0.000000
13 -532.470214 -597.393310 237.125000 0.000000 0.000000 0.000000 0.000000 0.000000 1.000000 0.000000 0.000000 1.000000 0 0 0.000000
11 -469.822937 -548.330932 264.125000 0.000000 169.000000 0.000000 0.000000 0.000000 1.000000 0.000000 169.000000 1.000000 0 0 0.000000
11 -458.007232 -482.643096 264.125000 0.000000 170.000000 0.000000 0.000000 0.000000 1.000000 0.000000 170.000000 1.000000 0 0 0.000000
11 -458.202819 -634.474792 264.125000 0.000000 175.000000 0.000000 0.000000 0.000000 1.000000 0.000000 175.000000 1.000000 0 0 0.000000
11 -293.816986 -615.410522 264.125000 0.000000 2.000000 0.000000 0.000000 0.000000 1.000000 0.000000 2.000000 1.000000 0 0 0.000000
11 -325.049957 -547.035217 264.125000 0.000000 -179.000000 0.000000 0.000000 0.000000 1.000000 0.000000 -179.000000 1.000000 0 0 0.000000
11 -322.643951 -496.016113 264.125000 0.000000 167.000000 0.000000 0.000000 0.000000 1.000000 0.000000 167.000000 1.000000 0 0 0.000000
11 -127.822174 -2628.972900 -23.875000 0.000000 -94.000000 0.000000 0.000000 0.000000 1.000000 0.000000 -94.000000 1.000000 0 0 0.000000
11 -79.091545 -2625.930908 -23.875000 0.000000 -91.000000 0.000000 0.000000 0.000000 1.000000 0.000000 -91.000000 1.000000 0 0 0.000000
11 -34.032817 -2608.347656 -23.875000 0.000000 -91.000000 0.000000 0.000000 0.000000 1.000000 0.000000 -91.000000 1.000000 0 0 0.000000
11 1970.839355 -3775.520507 -119.875000 0.000000 93.000000 0.000000 0.000000 0.000000 1.000000 0.000000 93.000000 1.000000 0 0 0.000000
11 18.727788 -2603.689697 -23.875000 0.000000 -104.000000 0.000000 0.000000 0.000000 1.000000 0.000000 -104.000000 1.000000 0 0 0.000000
11 78.595596 -2601.867675 -23.875000 0.000000 -100.000000 0.000000 0.000000 0.000000 1.000000 0.000000 -100.000000 1.000000 0 0 0.000000
11 143.095016 -2580.246582 -23.875000 0.000000 -101.000000 0.000000 0.000000 0.000000 1.000000 0.000000 -101.000000 1.000000 0 0 0.000000
11 1926.298217 -3778.135253 -119.875000 0.000000 93.000000 0.000000 0.000000 0.000000 1.000000 0.000000 93.000000 1.000000 0 0 0.000000
11 1863.194702 -3776.113525 -119.875000 0.000000 91.000000 0.000000 0.000000 0.000000 1.000000 0.000000 91.000000 1.000000 0 0 0.000000
11 1782.987182 -3786.001708 -119.875000 0.000000 93.000000 0.000000 0.000000 0.000000 1.000000 0.000000 93.000000 1.000000 0 0 0.000000
11 1734.127197 -3788.898193 -119.875000 0.000000 93.000000 0.000000 0.000000 0.000000 1.000000 0.000000 93.000000 1.000000 0 0 0.000000
11 1670.400024 -3792.395019 -119.875000 0.000000 93.000000 0.000000 0.000000 0.000000 1.000000 0.000000 93.000000 1.000000 0 0 0.000000
11 1615.406005 -3805.279052 -119.875000 0.000000 88.000000 0.000000 0.000000 0.000000 1.000000 0.000000 88.000000 1.000000 0 0 0.000000
16 1549.694213 -3670.879882 -144.875000 0.000000 83.000000 0.000000 0.000000 0.000000 1.000000 0.000000 83.000000 1.000000 0 0 0.000000
11 1558.449340 -3792.260498 -119.875000 0.000000 88.000000 0.000000 0.000000 0.000000 1.000000 0.000000 88.000000 1.000000 0 0 0.000000
11 1493.646606 -3801.614257 -119.875000 0.000000 89.000000 0.000000 0.000000 0.000000 1.000000 0.000000 89.000000 1.000000 0 0 0.000000
11 1428.291870 -3806.893798 -119.875000 0.000000 89.000000 0.000000 0.000000 0.000000 1.000000 0.000000 89.000000 1.000000 0 0 0.000000
11 1364.200195 -3810.664794 -119.875000 0.000000 89.000000 0.000000 0.000000 0.000000 1.000000 0.000000 89.000000 1.000000 0 0 0.000000
11 1225.834350 -3810.364013 -119.875000 0.000000 87.000000 0.000000 0.000000 0.000000 1.000000 0.000000 87.000000 1.000000 0 0 0.000000
11 1159.964965 -3816.134277 -119.875000 0.000000 87.000000 0.000000 0.000000 0.000000 1.000000 0.000000 87.000000 1.000000 0 0 0.000000
11 1105.391723 -3820.665771 -119.875000 0.000000 87.000000 0.000000 0.000000 0.000000 1.000000 0.000000 87.000000 1.000000 0 0 0.000000
11 1070.579833 -3878.030761 -119.875000 0.000000 87.000000 0.000000 0.000000 0.000000 1.000000 0.000000 87.000000 1.000000 0 0 0.000000
11 998.910583 -3883.379150 -119.875000 0.000000 87.000000 0.000000 0.000000 0.000000 1.000000 0.000000 87.000000 1.000000 0 0 0.000000
11 951.546142 -3889.479003 -119.875000 0.000000 87.000000 0.000000 0.000000 0.000000 1.000000 0.000000 87.000000 1.000000 0 0 0.000000
11 905.733398 -3887.814453 -119.875000 0.000000 87.000000 0.000000 0.000000 0.000000 1.000000 0.000000 87.000000 1.000000 0 0 0.000000
11 853.193603 -3862.169189 -119.875000 0.000000 87.000000 0.000000 0.000000 0.000000 1.000000 0.000000 87.000000 1.000000 0 0 0.000000
11 785.660949 -3852.608886 -119.875000 0.000000 87.000000 0.000000 0.000000 0.000000 1.000000 0.000000 87.000000 1.000000 0 0 0.000000
11 734.157958 -3826.511230 -119.875000 0.000000 87.000000 0.000000 0.000000 0.000000 1.000000 0.000000 87.000000 1.000000 0 0 0.000000
11 683.433776 -3831.031494 -119.875000 0.000000 87.000000 0.000000 0.000000 0.000000 1.000000 0.000000 87.000000 1.000000 0 0 0.000000
11 626.603149 -3818.333007 -119.875000 0.000000 87.000000 0.000000 0.000000 0.000000 1.000000 0.000000 87.000000 1.000000 0 0 0.000000
11 -1051.959350 -3820.358154 328.125000 0.000000 171.000000 0.000000 0.000000 0.000000 1.000000 0.000000 171.000000 1.000000 0 0 0.000000
14 657.008972 -3706.085205 -152.875000 0.000000 -89.000000 0.000000 0.000000 0.000000 1.000000 0.000000 -89.000000 1.000000 1 0 0.000000
11 294.221191 -2843.900878 -135.875000 0.000000 153.000000 0.000000 0.000000 0.000000 1.000000 0.000000 153.000000 1.000000 0 0 0.000000
16 228.182006 -3459.930908 263.125000 0.000000 -3.000000 0.000000 0.000000 0.000000 1.000000 0.000000 -3.000000 1.000000 0 0 0.000000
14 173.156692 -3462.550292 255.125000 0.000000 -3.000000 0.000000 0.000000 0.000000 1.000000 0.000000 -3.000000 1.000000 1 0 0.000000
11 -173.932678 -2508.751953 310.928771 0.000000 166.000000 0.000000 0.000000 0.707106 0.707106 0.000000 166.000000 1.000000 0 0 0.000000
11 -223.649047 -2525.298828 320.125122 0.000000 169.000000 0.000000 0.000000 0.000000 1.000000 0.000000 169.000000 1.000000 0 0 0.000000
11 11.266942 -3091.642333 192.125000 0.000000 83.000000 0.000000 0.000000 0.000000 1.000000 0.000000 83.000000 1.000000 0 0 0.000000
11 -38.891197 -3090.551757 192.125000 0.000000 2.000000 0.000000 0.000000 0.000000 1.000000 0.000000 2.000000 1.000000 0 0 0.000000
11 -99.352737 -3096.447265 168.125000 0.000000 89.000000 0.000000 0.000000 0.000000 1.000000 0.000000 89.000000 1.000000 0 0 0.000000
11 -151.370986 -3357.024902 288.125000 0.000000 96.000000 0.000000 0.000000 0.000000 1.000000 0.000000 96.000000 1.000000 0 0 0.000000
11 -100.691955 -3357.172363 288.125000 0.000000 96.000000 0.000000 0.000000 0.000000 1.000000 0.000000 96.000000 1.000000 0 0 0.000000
11 -53.608322 -3365.899169 288.125000 0.000000 96.000000 0.000000 0.000000 0.000000 1.000000 0.000000 96.000000 1.000000 0 0 0.000000
11 -1.775371 -3360.162841 288.125000 0.000000 96.000000 0.000000 0.000000 0.000000 1.000000 0.000000 96.000000 1.000000 0 0 0.000000
11 49.606266 -3368.209228 288.125000 0.000000 91.000000 0.000000 0.000000 0.000000 1.000000 0.000000 91.000000 1.000000 0 0 0.000000
11 102.307983 -3379.635742 288.125000 0.000000 63.000000 0.000000 0.000000 0.000000 1.000000 0.000000 63.000000 1.000000 0 0 0.000000
16 -1047.897216 -3985.020996 263.125000 0.000000 -143.000000 0.000000 0.000000 0.000000 1.000000 0.000000 -143.000000 1.000000 0 0 0.000000
14 -474.479156 904.885864 -80.875000 0.000000 -179.000000 0.000000 0.000000 0.000000 1.000000 0.000000 -179.000000 1.000000 1 0 0.000000
11 -815.413757 -3115.419433 288.125000 0.000000 63.000000 0.000000 0.000000 0.000000 1.000000 0.000000 63.000000 1.000000 0 0 0.000000
11 -788.823181 -3159.521240 288.125000 0.000000 61.000000 0.000000 0.000000 0.000000 1.000000 0.000000 61.000000 1.000000 0 0 0.000000
11 -744.295593 -3195.209716 288.125000 0.000000 61.000000 0.000000 0.000000 0.000000 1.000000 0.000000 61.000000 1.000000 0 0 0.000000
10 -1464.543945 -2719.199951 268.125000 0.000000 179.000000 0.000000 0.000000 0.000000 1.000000 0.000000 179.000000 1.000000 0 0 0.000000
10 -1486.763061 -2910.930908 268.125000 0.000000 179.000000 0.000000 0.000000 0.000000 1.000000 0.000000 179.000000 1.000000 0 0 0.000000
10 -1263.504028 -2912.299072 268.125000 0.000000 0.000000 0.000000 0.000000 0.000000 1.000000 0.000000 0.000000 1.000000 0 0 0.000000
11 -1250.970092 -2720.980224 288.125000 0.000000 -1.000000 0.000000 0.000000 0.000000 1.000000 0.000000 -1.000000 1.000000 0 0 0.000000
11 -1247.295288 -2511.689697 288.125000 0.000000 -90.000000 0.000000 0.000000 0.000000 1.000000 0.000000 -90.000000 1.000000 0 0 0.000000
11 -1312.562255 -2470.969482 288.125000 0.000000 -90.000000 0.000000 0.000000 0.000000 1.000000 0.000000 -90.000000 1.000000 0 0 0.000000
11 -1385.729614 -2452.939208 288.125000 0.000000 -96.000000 0.000000 0.000000 0.000000 1.000000 0.000000 -96.000000 1.000000 0 0 0.000000
11 -1452.543945 -2455.355468 288.125000 0.000000 -96.000000 0.000000 0.000000 0.000000 1.000000 0.000000 -96.000000 1.000000 0 0 0.000000
11 -1497.422241 -2495.428710 288.125000 0.000000 -89.000000 0.000000 0.000000 0.000000 1.000000 0.000000 -89.000000 1.000000 0 0 0.000000
10 -1341.790893 -2386.732910 268.125000 0.000000 -93.000000 0.000000 0.000000 0.000000 1.000000 -23.406143 -93.000000 1.000000 0 0 0.000000
15 -544.724731 793.391174 -72.875000 0.000000 96.000000 0.000000 0.000000 0.000000 1.000000 0.000000 96.000000 1.000000 0 0 0.000000
11 -228.674606 843.390747 -47.875000 0.000000 167.000000 0.000000 0.000000 0.000000 1.000000 0.000000 167.000000 1.000000 0 0 0.000000
15 -340.514739 -412.801483 -64.875000 0.000000 -177.000000 0.000000 0.000000 0.000000 1.000000 0.000000 -177.000000 1.000000 0 0 0.000000
10 1453.502807 -2408.170166 215.673995 0.000000 -90.000000 0.000000 0.707106 0.000000 0.707106 0.000000 -90.000000 1.000000 0 0 0.000000
16 302.181060 -2956.282470 264.125000 0.000000 -157.000000 0.000000 0.000000 0.000000 1.000000 0.000000 -157.000000 1.000000 0 0 0.000000
14 309.470886 -2884.253906 256.125000 0.000000 138.000000 0.000000 0.000000 0.000000 1.000000 0.000000 138.000000 1.000000 1 0 0.000000
14 91.173767 -1273.474121 -0.875000 0.000000 -68.000000 0.000000 0.000000 0.000000 1.000000 0.000000 -68.000000 1.000000 1 0 0.000000
10 86.275955 -1079.479736 328.125000 0.000000 10.000000 0.000000 0.000000 0.000000 1.000000 0.000000 10.000000 1.000000 0 0 0.000000
10 1458.436523 -1582.881713 180.125000 0.000000 -89.000000 0.000000 0.000000 0.000000 1.000000 0.000000 -89.000000 1.000000 0 0 0.000000
10 1458.154541 -1486.025512 188.125000 0.000000 -91.000000 0.000000 0.000000 0.000000 1.000000 0.000000 -91.000000 1.000000 0 0 0.000000
10 -150.513946 -1106.285888 400.125000 0.000000 178.000000 0.000000 0.000000 0.000000 1.000000 0.000000 178.000000 1.000000 0 0 0.000000
15 110.805984 -1097.253417 475.125030 0.000000 66.000000 0.000000 0.000000 0.000000 1.000000 0.000000 66.000000 1.000000 0 0 0.000000
10 107.675628 -1172.059936 476.125000 0.000000 2.000000 0.000000 0.000000 0.000000 1.000000 0.000000 2.000000 1.000000 0 0 0.000000
14 -1419.779785 -825.577514 439.125000 0.000000 177.000000 0.000000 0.000000 0.000000 1.000000 0.000000 177.000000 1.000000 1 0 0.000000
14 -1315.720214 -821.040954 439.125000 0.000000 -7.000000 0.000000 0.000000 0.000000 1.000000 0.000000 -7.000000 1.000000 1 0 0.000000
10 -1559.686279 -908.721862 268.125000 0.000000 99.000000 0.000000 0.000000 0.000000 1.000000 0.000000 99.000000 1.000000 0 0 0.000000
16 -1369.330322 -815.709167 547.125000 0.000000 87.000000 0.000000 0.000000 0.000000 1.000000 0.000000 87.000000 1.000000 0 0 0.000000
14 1194.205688 -3819.819824 101.125000 0.000000 73.000000 0.000000 0.000000 0.000000 1.000000 0.000000 73.000000 1.000000 1 0 0.000000
11 331.822906 -409.513488 -23.875000 0.000000 15.000000 0.000000 0.000000 0.000000 1.000000 0.000000 15.000000 1.000000 0 0 0.000000
11 307.239929 -454.488220 -23.875000 0.000000 -173.000000 0.000000 0.000000 0.000000 1.000000 0.000000 -173.000000 1.000000 0 0 0.000000
6 -562.880615 -3567.080078 257.625000 0.000000 -88.000000 0.000000 0.000000 0.000000 1.000000 0.000000 -88.000000 1.000000 0 0 0.000000
