15 1136.045166 -3717.817871 -120.275001 0.000000 -70.000000 0.000000 0.000000 0.000000 1.000000 0.000000 -70.000000 1.000000 0 0 0.000000
15 1673.254272 -2403.248535 336.225006 0.000000 40.000000 0.000000 0.000000 0.000000 0.000000 0.000000 40.000000 1.000000 0 0 0.000000
15 1659.953735 -2489.247802 336.225006 0.000000 -16.000000 0.000000 0.000000 0.000000 0.000000 0.000000 -16.000000 1.000000 0 0 0.000000
15 1666.677124 -2570.508544 336.225006 0.000000 -33.000000 0.000000 0.000000 0.000000 0.000000 0.000000 -33.000000 1.000000 0 0 0.000000
15 1663.213500 -2614.314453 312.721862 0.000000 -38.000000 0.000000 0.000000 0.000000 0.000000 0.000000 -38.000000 1.000000 0 0 0.000000
15 1670.754150 -2603.614013 312.721862 0.000000 -31.000000 0.000000 0.000000 0.000000 0.000000 0.000000 -31.000000 1.000000 0 0 0.000000
15 1670.047485 -2706.263183 324.047210 0.000000 -55.000000 0.000000 0.000000 0.000000 0.000000 0.000000 -55.000000 1.000000 0 0 0.000000
15 1667.878540 -2655.688964 156.896987 0.000000 -56.000000 0.000000 -0.149252 0.000000 0.988799 0.000000 -56.000000 1.000000 0 0 0.000000
15 1720.051879 -2643.746337 267.121978 0.000000 -133.000000 0.000000 0.000000 0.000000 0.000000 0.000000 -133.000000 1.000000 0 0 0.000000
14 1784.080932 -2621.566894 208.329467 0.000000 170.000000 0.000000 0.000000 0.496138 0.868243 0.000000 170.000000 1.000000 1 0 0.000000
15 1674.750854 -2647.075439 267.122009 0.000000 -37.000000 0.000000 0.000000 0.000000 0.000000 0.000000 -37.000000 1.000000 0 0 0.000000
14 1946.508544 -3297.346435 335.625000 0.000000 -95.000000 0.000000 0.000000 0.000000 1.000000 0.000000 -95.000000 1.000000 1 0 0.000000
15 154.464950 -2517.949707 286.227050 0.000000 177.000000 0.000000 0.000000 -0.707106 0.707106 0.000000 177.000000 1.000000 0 0 0.000000
4 478.762145 -3841.846679 124.091125 0.000000 107.000000 0.000000 0.331663 0.000000 0.943397 0.000000 107.000000 1.000000 0 0 0.000000
11 -169.009155 -1382.385498 -23.875000 0.000000 -91.000000 0.000000 0.000000 0.000000 1.000000 0.000000 -91.000000 1.000000 0 0 0.000000
15 -204.068389 -3427.664306 263.125000 0.000000 0.000000 0.000000 0.000000 0.000000 1.000000 0.000000 0.000000 1.000000 0 0 0.000000
15 -203.932418 -3522.384277 263.125000 0.000000 -1.000000 0.000000 0.000000 0.000000 1.000000 0.000000 -1.000000 1.000000 0 0 0.000000
16 -12.418549 -1300.942260 -48.875000 0.000000 -89.000000 0.000000 0.000000 0.000000 1.000000 0.000000 -89.000000 1.000000 0 0 0.000000
16 -212.331726 -3584.717773 263.125000 0.000000 -179.000000 0.000000 0.000000 0.000000 1.000000 0.000000 -179.000000 1.000000 0 0 0.000000
16 314.295532 -587.921569 -48.875000 0.000000 -130.000000 0.000000 0.000000 0.000000 1.000000 0.000000 -130.000000 1.000000 0 0 0.000000
11 288.300384 -469.358612 -23.875000 0.000000 173.000000 0.000000 0.000000 0.000000 1.000000 0.000000 173.000000 1.000000 0 0 0.000000
16 333.345825 -441.128601 -48.875000 0.000000 148.000000 0.000000 0.000000 0.000000 1.000000 0.000000 148.000000 1.000000 0 0 0.000000
14 384.549133 -505.898773 -56.875000 0.000000 174.000000 0.000000 0.000000 0.000000 1.000000 0.000000 174.000000 1.000000 1 0 0.000000
11 83.589599 -444.344329 -39.875000 0.000000 -13.000000 0.000000 0.000000 0.000000 1.000000 0.000000 -13.000000 1.000000 0 0 0.000000
14 876.258056 -836.437927 -20.875000 0.000000 -92.000000 0.000000 0.000000 0.000000 1.000000 0.000000 -92.000000 1.000000 1 0 0.000000
15 531.467529 -514.950805 -48.875000 0.000000 -173.000000 0.000000 0.000000 0.000000 1.000000 0.000000 -173.000000 1.000000 0 0 0.000000
15 620.154174 -449.760498 -31.539417 0.000000 156.000000 0.000000 -0.304775 0.000000 0.952424 0.000000 156.000000 1.000000 0 0 0.000000
5 522.094665 -565.497009 92.494506 0.000000 178.000000 118.000000 0.000000 0.877895 -0.478852 0.000000 178.000000 -0.478852 0 0 0.000000
5 527.042663 -584.156005 58.286254 0.000000 -171.000000 119.000000 0.000000 0.877895 -0.478852 0.000000 -171.000000 -0.478852 0 0 0.000000
5 517.939025 -518.932739 117.945922 0.000000 170.000000 179.000000 0.000000 0.000000 -1.000000 -0.999995 170.000000 0.000000 0 0 0.000000
5 532.782226 -465.250488 117.875000 0.000000 -174.000000 179.000000 0.000000 0.000000 -1.000000 -0.999995 -174.000000 0.000000 0 0 0.000000
1 600.020263 -535.235168 -48.875000 0.000000 -168.000000 0.000000 0.000000 0.000000 1.000000 0.000000 -168.000000 1.000000 0 0 0.000000
1 847.764831 -619.587280 -12.875000 0.000000 -69.000000 0.000000 0.000000 0.000000 1.000000 0.000000 -69.000000 1.000000 0 0 0.000000
1 681.387207 -549.425537 -20.264846 0.000000 -164.000000 0.000000 -0.304775 0.000000 0.952424 0.000000 -164.000000 1.000000 0 0 0.000000
1 870.239074 -712.184265 -16.875000 0.000000 102.000000 0.000000 0.000000 0.000000 1.000000 0.000000 102.000000 1.000000 0 0 0.000000
10 549.922607 -2888.194335 269.125000 0.000000 17.000000 0.000000 0.000000 0.000000 1.000000 0.000000 17.000000 1.000000 0 0 0.000000
16 496.199066 -2919.171142 264.125000 0.000000 21.000000 0.000000 0.000000 0.000000 1.000000 0.000000 21.000000 1.000000 0 0 0.000000
16 491.676757 -2860.624755 264.125000 0.000000 77.000000 0.000000 0.000000 0.000000 1.000000 0.000000 77.000000 1.000000 0 0 0.000000
16 -1154.261840 -563.146545 239.125000 0.000000 179.000000 0.000000 0.000000 0.000000 1.000000 0.000000 179.000000 1.000000 0 0 0.000000
9 1871.559936 -3073.926757 -155.875000 0.000000 81.000000 0.000000 0.000000 0.000000 1.000000 0.000000 81.000000 1.000000 1 0 0.000000
11 -1193.442016 -635.549438 264.125000 0.000000 0.000000 0.000000 0.000000 0.000000 1.000000 0.000000 0.000000 1.000000 0 0 0.000000
11 -1193.419921 -542.244628 264.125000 0.000000 0.000000 0.000000 0.000000 0.000000 1.000000 0.000000 0.000000 1.000000 0 0 0.000000
16 -1311.678588 -795.728576 263.125000 0.000000 20.000000 0.000000 0.000000 0.000000 1.000000 0.000000 20.000000 1.000000 0 0 0.000000
11 -1023.312561 -564.106445 264.125000 0.000000 179.000000 0.000000 0.000000 0.000000 1.000000 0.000000 179.000000 1.000000 0 0 0.000000
11 -1193.428955 -588.379943 264.125000 0.000000 0.000000 0.000000 0.000000 0.000000 1.000000 0.000000 0.000000 1.000000 0 0 0.000000
11 -127.899009 -363.314880 264.125000 0.000000 96.000000 0.000000 0.000000 0.000000 1.000000 0.000000 96.000000 1.000000 0 0 0.000000
11 -1193.409423 -492.308380 264.125000 0.000000 0.000000 0.000000 0.000000 0.000000 1.000000 0.000000 0.000000 1.000000 0 0 0.000000
11 -898.021301 -564.146606 264.125000 0.000000 179.000000 0.000000 0.000000 0.000000 1.000000 0.000000 179.000000 1.000000 0 0 0.000000
11 -792.345947 -564.182495 264.125000 0.000000 179.000000 0.000000 0.000000 0.000000 1.000000 0.000000 179.000000 1.000000 0 0 0.000000
11 -662.563903 -564.221130 264.125000 0.000000 179.000000 0.000000 0.000000 0.000000 1.000000 0.000000 179.000000 1.000000 0 0 0.000000
11 -250.167785 -564.364318 264.125000 0.000000 179.000000 0.000000 0.000000 0.000000 1.000000 0.000000 179.000000 1.000000 0 0 0.000000
11 -395.148986 -564.312072 264.125000 0.000000 179.000000 0.000000 0.000000 0.000000 1.000000 0.000000 179.000000 1.000000 0 0 0.000000
11 -512.435180 -564.265747 264.125000 0.000000 179.000000 0.000000 0.000000 0.000000 1.000000 0.000000 179.000000 1.000000 0 0 0.000000
11 -110.710067 -564.420227 264.125000 0.000000 179.000000 0.000000 0.000000 0.000000 1.000000 0.000000 179.000000 1.000000 0 0 0.000000
11 104.235504 -366.154388 264.125000 0.000000 88.000000 0.000000 0.000000 0.000000 1.000000 0.000000 88.000000 1.000000 0 0 0.000000
11 -80.642364 -357.774414 264.125000 0.000000 96.000000 0.000000 0.000000 0.000000 1.000000 0.000000 96.000000 1.000000 0 0 0.000000
11 54.693836 -365.999725 264.125000 0.000000 88.000000 0.000000 0.000000 0.000000 1.000000 0.000000 88.000000 1.000000 0 0 0.000000
11 0.763511 308.776519 344.125000 0.000000 -168.000000 0.000000 0.000000 0.000000 1.000000 0.000000 -168.000000 1.000000 0 0 0.000000
11 -0.219206 262.713348 304.125000 0.000000 88.000000 0.000000 0.000000 0.000000 1.000000 0.000000 88.000000 1.000000 0 0 0.000000
11 -10.650382 353.979187 304.125000 0.000000 -175.000000 0.000000 0.000000 0.000000 1.000000 0.000000 -175.000000 1.000000 0 0 0.000000
11 -7.614715 405.727661 304.125000 0.000000 167.000000 0.000000 0.000000 0.000000 1.000000 0.000000 167.000000 1.000000 0 0 0.000000
11 138.254989 291.486907 344.125000 0.000000 129.000000 0.000000 0.000000 0.000000 1.000000 0.000000 129.000000 1.000000 0 0 0.000000
15 -184.081680 117.449470 239.125000 0.000000 178.000000 0.000000 0.000000 0.000000 1.000000 0.000000 178.000000 1.000000 0 0 0.000000
15 -183.352203 200.743713 239.125000 0.000000 176.000000 0.000000 0.000000 0.000000 1.000000 0.000000 176.000000 1.000000 0 0 0.000000
15 -187.529876 284.421234 239.125000 0.000000 -179.000000 0.000000 0.000000 0.000000 1.000000 0.000000 -179.000000 1.000000 0 0 0.000000
15 74.918983 438.292419 279.125000 0.000000 109.000000 0.000000 0.000000 0.000000 1.000000 0.000000 109.000000 1.000000 0 0 0.000000
15 -88.224655 266.282165 239.125000 0.000000 97.000000 0.000000 0.000000 0.000000 1.000000 0.000000 97.000000 1.000000 0 0 0.000000
11 134.442520 343.592468 344.125000 0.000000 132.000000 0.000000 0.000000 0.000000 1.000000 0.000000 132.000000 1.000000 0 0 0.000000
11 -208.729583 378.850280 264.125000 0.000000 -25.000000 0.000000 0.000000 0.000000 1.000000 0.000000 -25.000000 1.000000 0 0 0.000000
16 -197.938659 427.915161 239.125000 0.000000 0.000000 0.000000 0.000000 0.000000 1.000000 0.000000 0.000000 1.000000 0 0 0.000000
15 -588.382751 -381.056396 -72.875000 0.000000 90.000000 0.000000 0.000000 0.000000 1.000000 0.000000 90.000000 1.000000 0 0 0.000000
15 -502.117034 -381.326080 -72.875000 0.000000 90.000000 0.000000 0.000000 0.000000 1.000000 0.000000 90.000000 1.000000 0 0 0.000000
15 -412.900634 -596.249450 -64.875000 0.000000 177.000000 0.000000 0.000000 0.000000 1.000000 0.000000 177.000000 1.000000 0 0 0.000000
15 -560.581665 -595.375305 -72.875000 0.000000 177.000000 0.000000 0.000000 0.000000 1.000000 0.000000 177.000000 1.000000 0 0 0.000000
15 -327.075927 -601.224731 -64.875000 0.000000 -96.000000 0.000000 0.000000 0.000000 1.000000 0.000000 -96.000000 1.000000 0 0 0.000000
15 -235.674224 -508.233276 -64.875000 0.000000 -97.000000 0.000000 0.000000 0.000000 1.000000 0.000000 -97.000000 1.000000 0 0 0.000000
15 -120.527404 -501.259246 -72.875000 0.000000 -92.000000 0.000000 0.000000 0.000000 1.000000 0.000000 -92.000000 1.000000 0 0 0.000000
15 -32.407829 -511.107299 -72.875000 0.000000 -92.000000 0.000000 0.000000 0.000000 1.000000 0.000000 -92.000000 1.000000 0 0 0.000000
15 72.662155 -512.411804 -64.875000 0.000000 -101.000000 0.000000 0.000000 0.000000 1.000000 0.000000 -101.000000 1.000000 0 0 0.000000
15 91.332969 -380.329681 -56.875000 0.000000 -48.000000 0.000000 0.000000 0.000000 1.000000 0.000000 -48.000000 1.000000 0 0 0.000000
15 104.808181 -272.622192 -56.875000 0.000000 -36.000000 0.000000 0.000000 0.000000 1.000000 0.000000 -36.000000 1.000000 0 0 0.000000
16 192.087265 -390.665527 -48.875000 0.000000 91.000000 0.000000 0.000000 0.000000 1.000000 0.000000 91.000000 1.000000 0 0 0.000000
11 -420.648986 207.475402 -39.875000 0.000000 -178.000000 0.000000 0.000000 0.000000 1.000000 0.000000 -178.000000 1.000000 0 0 0.000000
11 -423.801361 52.855720 -39.875000 0.000000 -178.000000 0.000000 0.000000 0.000000 1.000000 0.000000 -178.000000 1.000000 0 0 0.000000
11 -421.780761 257.547607 -39.875000 0.000000 -178.000000 0.000000 0.000000 0.000000 1.000000 0.000000 -178.000000 1.000000 0 0 0.000000
11 -423.281555 307.052032 -39.875000 0.000000 -178.000000 0.000000 0.000000 0.000000 1.000000 0.000000 -178.000000 1.000000 0 0 0.000000
11 -424.629821 358.161590 -39.875000 0.000000 -178.000000 0.000000 0.000000 0.000000 1.000000 0.000000 -178.000000 1.000000 0 0 0.000000
11 -397.570953 503.930603 -39.875000 0.000000 -178.000000 0.000000 0.000000 0.000000 1.000000 0.000000 -178.000000 1.000000 0 0 0.000000
14 -494.645812 246.090316 -80.875000 0.000000 -179.000000 0.000000 0.000000 0.000000 1.000000 0.000000 -179.000000 1.000000 1 0 0.000000
15 -1039.326416 -1267.537231 263.125000 0.000000 -80.000000 0.000000 0.000000 0.000000 1.000000 0.000000 -80.000000 1.000000 0 0 0.000000
16 -575.308959 241.568908 -72.875000 0.000000 -83.000000 0.000000 0.000000 0.000000 1.000000 0.000000 -83.000000 1.000000 0 0 0.000000
15 -1125.894409 -1281.530395 263.125000 0.000000 -89.000000 0.000000 0.000000 0.000000 1.000000 0.000000 -89.000000 1.000000 0 0 0.000000
15 -1223.111694 -1281.632812 263.125000 0.000000 -90.000000 0.000000 0.000000 0.000000 1.000000 0.000000 -90.000000 1.000000 0 0 0.000000
15 -1308.070190 -1281.544921 263.125000 0.000000 -90.000000 0.000000 0.000000 0.000000 1.000000 0.000000 -90.000000 1.000000 0 0 0.000000
15 -1396.993041 -1281.454345 263.125000 0.000000 -90.000000 0.000000 0.000000 0.000000 1.000000 0.000000 -90.000000 1.000000 0 0 0.000000
15 -1484.447021 -1281.366943 263.125000 0.000000 -90.000000 0.000000 0.000000 0.000000 1.000000 0.000000 -90.000000 1.000000 0 0 0.000000
15 -1576.646606 -1281.268920 263.125000 0.000000 -90.000000 0.000000 0.000000 0.000000 1.000000 0.000000 -90.000000 1.000000 0 0 0.000000
15 -1673.206298 -1270.382202 263.125000 0.000000 -90.000000 0.000000 0.000000 0.000000 1.000000 0.000000 -90.000000 1.000000 0 0 0.000000
11 -1741.959960 -1236.322021 288.125000 0.000000 -118.000000 0.000000 0.000000 0.000000 1.000000 0.000000 -118.000000 1.000000 0 0 0.000000
15 -1456.336914 -1446.439941 303.125000 0.000000 93.000000 0.000000 0.000000 0.000000 1.000000 0.000000 93.000000 1.000000 0 0 0.000000
15 -1082.649902 -1777.128417 383.125000 0.000000 -32.000000 0.000000 0.000000 0.000000 1.000000 0.000000 -32.000000 1.000000 0 0 0.000000
11 -1159.145019 -1751.016235 408.125000 0.000000 84.000000 0.000000 0.000000 0.000000 1.000000 0.000000 84.000000 1.000000 0 0 0.000000
15 -1400.775878 -1531.857421 343.125000 0.000000 -66.000000 0.000000 0.000000 0.000000 1.000000 0.000000 -66.000000 1.000000 0 0 0.000000
15 -1222.745239 -1837.352416 527.125000 0.000000 -59.000000 0.000000 0.000000 0.000000 1.000000 0.000000 -59.000000 1.000000 0 0 0.000000
15 -1563.074218 -1495.001831 383.125000 0.000000 -158.000000 0.000000 0.000000 0.000000 1.000000 0.000000 -158.000000 1.000000 0 0 0.000000
15 -1487.834350 -1587.602294 343.125000 0.000000 90.000000 0.000000 0.000000 0.000000 1.000000 0.000000 90.000000 1.000000 0 0 0.000000
15 -1225.997192 -1290.548950 527.125000 0.000000 72.000000 0.000000 0.000000 0.000000 1.000000 0.000000 72.000000 1.000000 0 0 0.000000
15 -1284.818359 -1834.055419 383.125000 0.000000 -123.000000 0.000000 0.000000 0.000000 1.000000 0.000000 -123.000000 1.000000 0 0 0.000000
15 -1320.559326 -1286.986206 527.125000 0.000000 92.000000 0.000000 0.000000 0.000000 1.000000 0.000000 92.000000 1.000000 0 0 0.000000
15 -1404.285888 -1290.421020 527.125000 0.000000 92.000000 0.000000 0.000000 0.000000 1.000000 0.000000 92.000000 1.000000 0 0 0.000000
15 -1486.753906 -1293.813964 527.125000 0.000000 92.000000 0.000000 0.000000 0.000000 1.000000 0.000000 92.000000 1.000000 0 0 0.000000
14 -1376.035034 -1420.894165 519.125000 0.000000 -5.000000 0.000000 0.000000 0.000000 1.000000 0.000000 -5.000000 1.000000 1 0 0.000000
15 -887.437988 -3773.721435 303.125000 0.000000 104.000000 0.000000 0.000000 0.000000 1.000000 0.000000 104.000000 1.000000 0 0 0.000000
14 2159.420410 -2731.941406 215.124969 0.000000 -95.000000 0.000000 0.000000 0.000000 1.000000 0.000000 -95.000000 1.000000 1 0 0.000000
14 559.938110 -2061.381591 -52.875000 0.000000 8.000000 0.000000 0.000000 0.000000 1.000000 0.000000 8.000000 1.000000 1 0 0.000000
16 555.876159 -2119.118164 -44.875000 0.000000 -12.000000 0.000000 0.000000 0.000000 1.000000 0.000000 -12.000000 1.000000 0 0 0.000000
11 495.583343 -2014.143432 18.126598 0.000000 26.000000 0.000000 0.000000 0.000000 1.000000 0.000000 26.000000 1.000000 0 0 0.000000
15 467.263183 -2085.526611 -40.875000 0.000000 -11.000000 0.000000 0.000000 0.000000 1.000000 0.000000 -11.000000 1.000000 0 0 0.000000
10 548.638427 -2008.494750 -1.873401 0.000000 99.000000 0.000000 0.000000 0.000000 1.000000 0.000000 99.000000 1.000000 0 0 0.000000
14 579.265319 -2541.409423 259.125793 0.000000 -173.000000 0.000000 0.000000 0.000000 1.000000 0.000000 -173.000000 1.000000 1 0 0.000000
11 839.102172 -2579.119628 -23.875000 0.000000 178.000000 0.000000 0.000000 0.000000 1.000000 0.000000 178.000000 1.000000 0 0 0.000000
11 835.185607 -2516.986083 -23.875000 0.000000 178.000000 0.000000 0.000000 0.000000 1.000000 0.000000 178.000000 1.000000 0 0 0.000000
11 832.715026 -2458.700439 -23.875000 0.000000 178.000000 0.000000 0.000000 0.000000 1.000000 0.000000 178.000000 1.000000 0 0 0.000000
16 780.032714 -2516.620849 -48.875000 0.000000 0.000000 0.000000 0.000000 0.000000 1.000000 0.000000 0.000000 1.000000 0 0 0.000000
11 269.445434 -594.306640 -23.875000 0.000000 -157.000000 0.000000 0.000000 0.000000 1.000000 0.000000 -157.000000 1.000000 0 0 0.000000
15 -434.069793 -751.893676 -48.875000 0.000000 56.000000 0.000000 0.000000 0.000000 1.000000 0.000000 56.000000 1.000000 0 0 0.000000
10 -24.840763 -1899.459350 -43.875000 0.000000 88.000000 0.000000 0.000000 0.000000 1.000000 0.000000 88.000000 1.000000 0 0 0.000000
11 -174.919998 -1882.036010 -23.875000 0.000000 88.000000 0.000000 0.000000 0.000000 1.000000 0.000000 88.000000 1.000000 0 0 0.000000
11 -241.237152 -1371.931396 -23.875000 0.000000 102.000000 0.000000 0.000000 0.000000 1.000000 0.000000 102.000000 1.000000 0 0 0.000000
11 -26.000919 -1375.014404 -23.875000 0.000000 91.000000 0.000000 0.000000 0.000000 1.000000 0.000000 91.000000 1.000000 0 0 0.000000
11 46.209117 -1362.324340 -23.875000 0.000000 -83.000000 0.000000 0.000000 0.000000 1.000000 0.000000 -83.000000 1.000000 0 0 0.000000
10 -293.007385 -1280.260986 12.125000 0.000000 179.000000 0.000000 0.000000 0.000000 1.000000 0.000000 179.000000 1.000000 0 0 0.000000
11 -390.075714 -1096.720703 -23.875000 0.000000 170.000000 0.000000 0.000000 0.000000 1.000000 0.000000 170.000000 1.000000 0 0 0.000000
14 91.711090 -1275.518310 -0.875000 0.000000 -49.000000 0.000000 0.000000 0.000000 1.000000 0.000000 -49.000000 1.000000 1 0 0.000000
11 -394.508056 -1039.621582 -23.875000 0.000000 179.000000 0.000000 0.000000 0.000000 1.000000 0.000000 179.000000 1.000000 0 0 0.000000
11 -394.430236 -985.467712 -23.875000 0.000000 179.000000 0.000000 0.000000 0.000000 1.000000 0.000000 179.000000 1.000000 0 0 0.000000
16 -461.887054 -1052.171875 -48.875000 0.000000 -176.000000 0.000000 0.000000 0.000000 1.000000 0.000000 -176.000000 1.000000 0 0 0.000000
14 2164.733886 -2904.349365 215.124969 0.000000 91.000000 0.000000 0.000000 0.000000 1.000000 0.000000 91.000000 1.000000 1 0 0.000000
11 2009.244140 -2545.689453 290.849273 0.000000 172.000000 0.000000 0.368048 0.000000 0.929806 0.000000 172.000000 1.000000 0 0 0.000000
11 2109.618652 -2540.024414 219.795410 0.000000 122.000000 0.000000 -0.707106 0.000000 0.707106 0.000000 122.000000 1.000000 0 0 0.000000
11 2157.901367 -2503.920410 248.125900 0.000000 98.000000 0.000000 0.000000 0.000000 1.000000 0.000000 98.000000 1.000000 0 0 0.000000
11 1904.222778 -2579.421875 278.755065 0.000000 -123.000000 0.000000 0.000000 -0.707106 0.707106 0.000000 -123.000000 1.000000 0 0 0.000000
11 1933.265747 -2508.004394 302.172485 0.000000 -7.000000 0.000000 0.000000 -0.707106 0.707106 0.000000 -7.000000 1.000000 0 0 0.000000
11 1934.850341 -2436.919921 311.096679 0.000000 165.000000 0.000000 0.000000 0.707106 0.707106 0.000000 165.000000 1.000000 0 0 0.000000
11 1667.121704 -2578.299072 279.877777 0.000000 -169.000000 0.000000 0.000000 -0.707106 0.707106 0.000000 -169.000000 1.000000 0 0 0.000000
11 1672.940063 -2528.728027 292.125793 0.000000 -172.000000 0.000000 0.000000 0.000000 1.000000 0.000000 -172.000000 1.000000 0 0 0.000000
11 1689.947021 -2481.740722 320.125061 0.000000 -172.000000 0.000000 0.000000 0.000000 1.000000 0.000000 -172.000000 1.000000 0 0 0.000000
11 1693.370239 -2436.573974 310.750732 0.000000 163.000000 0.000000 0.000000 0.707106 0.707106 0.000000 163.000000 1.000000 0 0 0.000000
12 433.142242 -2866.892089 262.125000 0.000000 88.000000 0.000000 0.000000 0.000000 1.000000 0.000000 88.000000 1.000000 1 0 0.000000
13 736.499206 -1005.337524 -10.875000 0.000000 9.000000 0.000000 0.000000 0.000000 1.000000 0.000000 9.000000 1.000000 0 0 0.000000
14 316.417633 -2866.574707 256.125000 0.000000 95.000000 0.000000 0.000000 0.000000 1.000000 0.000000 95.000000 1.000000 1 0 0.000000
13 724.751953 -1104.681274 -10.875000 0.000000 -9.000000 0.000000 0.000000 0.000000 1.000000 0.000000 -9.000000 1.000000 0 0 0.000000
13 818.376159 -935.324707 -14.875000 0.000000 94.000000 0.000000 0.000000 0.000000 1.000000 0.000000 94.000000 1.000000 0 0 0.000000
13 890.937988 -918.308044 -14.875000 0.000000 82.000000 0.000000 0.000000 0.000000 1.000000 0.000000 82.000000 1.000000 0 0 0.000000
11 954.720397 -902.137939 32.259159 0.000000 73.000000 0.000000 0.000000 -0.261415 0.965226 0.000000 73.000000 1.000000 0 0 0.000000
15 20.400182 -2662.941406 295.125579 0.000000 -74.000000 0.000000 0.000000 0.000000 1.000000 0.000000 -74.000000 1.000000 0 0 0.000000
15 -41.464572 -2752.629638 295.112426 0.000000 -87.000000 0.000000 0.000000 0.000000 1.000000 0.000000 -87.000000 1.000000 0 0 0.000000
11 154.728195 -2535.290527 292.125335 0.000000 -178.000000 0.000000 0.000000 0.000000 1.000000 0.000000 -178.000000 1.000000 0 0 0.000000
10 152.682891 -2456.237304 300.125061 0.000000 164.000000 0.000000 0.000000 0.000000 1.000000 0.000000 164.000000 1.000000 0 0 0.000000
16 162.546569 -2496.691894 281.484893 0.000000 -175.000000 0.000000 0.000000 -0.707106 0.707106 0.000000 -175.000000 1.000000 0 0 0.000000
11 81.508682 -2836.369140 40.125000 0.000000 -4.000000 0.000000 0.000000 0.000000 1.000000 0.000000 -4.000000 1.000000 0 0 0.000000
11 28.471384 -2837.590820 40.125000 0.000000 0.000000 0.000000 0.000000 0.000000 1.000000 0.000000 0.000000 1.000000 0 0 0.000000
11 -18.877489 -2837.710449 40.125000 0.000000 0.000000 0.000000 0.000000 0.000000 1.000000 0.000000 0.000000 1.000000 0 0 0.000000
11 -77.566070 -2838.282958 40.125000 0.000000 0.000000 0.000000 0.000000 0.000000 1.000000 0.000000 0.000000 1.000000 0 0 0.000000
11 -411.749908 -1226.916259 -23.875000 0.000000 -81.000000 0.000000 0.000000 0.000000 1.000000 0.000000 -81.000000 1.000000 0 0 0.000000
11 -462.002014 -1222.002807 -23.875000 0.000000 -87.000000 0.000000 0.000000 0.000000 1.000000 0.000000 -87.000000 1.000000 0 0 0.000000
11 -515.159179 -1219.040527 -23.875000 0.000000 -95.000000 0.000000 0.000000 0.000000 1.000000 0.000000 -95.000000 1.000000 0 0 0.000000
11 -560.152465 -1214.349365 -23.875000 0.000000 -89.000000 0.000000 0.000000 0.000000 1.000000 0.000000 -89.000000 1.000000 0 0 0.000000
11 -606.509460 -1212.414306 -23.875000 0.000000 -93.000000 0.000000 0.000000 0.000000 1.000000 0.000000 -93.000000 1.000000 0 0 0.000000
14 -665.202636 -1530.538330 125.125000 0.000000 -135.000000 0.000000 0.000000 0.000000 1.000000 0.000000 -135.000000 1.000000 1 0 0.000000
14 -565.172973 -845.271545 -56.875000 0.000000 71.000000 0.000000 0.000000 0.000000 1.000000 0.000000 71.000000 1.000000 1 0 0.000000
11 269.560882 -533.562255 -23.875000 0.000000 -166.000000 0.000000 0.000000 0.000000 1.000000 0.000000 -166.000000 1.000000 0 0 0.000000
11 247.578765 -418.103424 -23.875000 0.000000 168.000000 0.000000 0.000000 0.000000 1.000000 0.000000 168.000000 1.000000 0 0 0.000000
14 -373.123382 -221.565246 495.126098 0.000000 -179.000000 0.000000 0.000000 0.000000 1.000000 0.000000 -179.000000 1.000000 1 0 0.000000
14 198.671615 -487.702453 -56.875000 0.000000 0.000000 0.000000 0.000000 0.000000 1.000000 0.000000 0.000000 1.000000 1 0 0.000000
9 -358.016815 -324.479431 412.125000 0.000000 -120.000000 0.000000 0.000000 0.000000 1.000000 0.000000 -120.000000 1.000000 4 0 0.000000
11 -588.937438 -2255.300292 305.239288 0.000000 115.000000 0.000000 -0.707106 0.000000 0.707106 0.000000 115.000000 1.000000 0 0 0.000000
11 -536.557983 -2265.360107 320.124328 0.000000 86.000000 0.000000 0.000000 0.000000 1.000000 0.000000 86.000000 1.000000 0 0 0.000000
15 -637.302612 -1311.052734 491.910552 0.000000 -87.000000 0.000000 0.000000 -0.223291 0.974751 0.000000 -87.000000 1.000000 0 0 0.000000
11 -574.542053 -1387.397827 495.067474 0.000000 71.000000 0.000000 0.000000 -0.223291 0.974751 0.000000 71.000000 1.000000 0 0 0.000000
11 -724.189941 -1212.470214 505.706451 0.000000 -123.000000 0.000000 0.000000 -0.707106 0.707106 0.000000 -123.000000 1.000000 0 0 0.000000
9 -715.903686 -917.259643 500.125000 0.000000 125.000000 0.000000 0.000000 0.000000 1.000000 0.000000 125.000000 1.000000 5 0 0.000000
9 -705.240966 -831.745178 484.123840 0.000000 148.000000 0.000000 0.000000 0.000000 1.000000 0.000000 148.000000 1.000000 5 0 0.000000
14 -576.401123 -835.744628 487.126312 0.000000 81.000000 0.000000 0.000000 0.000000 1.000000 0.000000 81.000000 1.000000 1 0 0.000000
14 -563.813964 -755.475036 469.487213 0.000000 63.000000 0.000000 0.688247 0.229415 0.688247 0.000000 63.000000 1.000000 1 0 0.000000
15 -961.454223 -992.125061 503.126129 0.000000 164.000000 0.000000 0.000000 0.000000 1.000000 0.000000 164.000000 1.000000 0 0 0.000000
15 -958.189941 -1086.010009 503.125061 0.000000 -16.000000 0.000000 0.000000 0.000000 1.000000 0.000000 -16.000000 1.000000 0 0 0.000000
10 -1412.730590 -856.901855 452.125000 0.000000 -148.000000 0.000000 0.000000 0.000000 1.000000 0.000000 -148.000000 1.000000 0 0 0.000000
14 -1376.071899 -846.091674 539.125000 0.000000 59.000000 0.000000 0.000000 0.000000 1.000000 0.000000 59.000000 1.000000 1 0 0.000000
16 -39.463249 -349.038482 485.640014 0.000000 80.000000 0.000000 0.707106 0.000000 0.707106 0.000000 80.000000 1.000000 0 0 0.000000
10 -47.249298 -123.782066 440.125000 0.000000 175.000000 0.000000 0.000000 0.000000 1.000000 0.000000 175.000000 1.000000 0 0 0.000000
14 -282.382781 -1139.397705 315.125000 0.000000 -93.000000 0.000000 0.000000 0.000000 1.000000 0.000000 -93.000000 1.000000 1 0 0.000000
4 -783.125000 -3808.779541 431.448425 0.000000 -106.000000 90.000000 -1.000000 0.000000 0.000000 -1.000000 -106.000000 0.000000 0 0 0.000000
15 -1416.752197 -2595.149169 263.125000 0.000000 91.000000 0.000000 0.000000 0.000000 1.000000 0.000000 91.000000 1.000000 0 0 0.000000
15 -1331.155395 -2588.480957 263.125000 0.000000 83.000000 0.000000 0.000000 0.000000 1.000000 0.000000 83.000000 1.000000 0 0 0.000000
15 -1052.056030 -3110.752929 263.125000 0.000000 95.000000 0.000000 0.000000 0.000000 1.000000 0.000000 95.000000 1.000000 0 0 0.000000
4 -1065.454467 -3047.125000 435.467742 0.000000 -176.000000 -103.000000 0.000000 -1.000000 0.000000 0.000000 -176.000000 -0.242535 0 0 0.000000
4 -1117.476684 -3039.125000 435.182342 0.000000 -83.000000 173.000000 0.000000 -1.000000 0.000000 0.000000 -83.000000 0.000000 0 0 0.000000
15 -1415.481201 -2911.962402 263.125000 0.000000 99.000000 0.000000 0.000000 0.000000 1.000000 0.000000 99.000000 1.000000 0 0 0.000000
15 -1328.109497 -2921.990722 263.125000 0.000000 87.000000 0.000000 0.000000 0.000000 1.000000 0.000000 87.000000 1.000000 0 0 0.000000
11 -1365.969360 -2822.236572 288.125000 0.000000 -91.000000 0.000000 0.000000 0.000000 1.000000 0.000000 -91.000000 1.000000 0 0 0.000000
16 -1364.122070 -2761.222900 263.125000 0.000000 -91.000000 0.000000 0.000000 0.000000 1.000000 0.000000 -91.000000 1.000000 0 0 0.000000
11 -1375.247192 -2516.501953 288.125000 0.000000 -91.000000 0.000000 0.000000 0.000000 1.000000 0.000000 -91.000000 1.000000 0 0 0.000000
16 -1373.410034 -2444.978027 263.125000 0.000000 -91.000000 0.000000 0.000000 0.000000 1.000000 0.000000 -91.000000 1.000000 0 0 0.000000
4 -1019.393676 -3047.125000 424.937805 0.000000 171.000000 -118.000000 0.000000 -1.000000 0.000000 0.000000 171.000000 -0.474099 0 0 0.000000
4 -981.981567 -3047.414062 394.140686 0.000000 -170.000000 -100.000000 0.000000 -0.970142 -0.242535 0.000000 -170.000000 -0.242535 0 0 0.000000
4 -1169.832153 -3027.341552 457.403472 0.000000 111.000000 -109.000000 0.000000 -0.894427 -0.447213 -0.707106 111.000000 0.000000 0 0 0.000000
4 -947.442993 -3047.125000 362.383209 0.000000 -170.000000 -100.000000 0.000000 -1.000000 0.000000 0.000000 -170.000000 -0.242535 0 0 0.000000
6 2033.111206 -2701.113037 -54.875000 0.000000 0.000000 0.000000 0.000000 0.000000 1.000000 0.000000 0.000000 1.000000 0 0 0.000000
3 2012.559448 -2615.736816 -48.875000 0.000000 -1.000000 0.000000 0.000000 0.000000 1.000000 0.000000 -1.000000 1.000000 0 0 0.000000
6 958.074523 -1122.117187 -30.875000 0.000000 -52.000000 0.000000 0.000000 0.000000 1.000000 0.000000 -52.000000 1.000000 0 0 0.000000
6 -633.142456 -934.331481 505.125000 0.000000 77.000000 0.000000 0.000000 0.000000 1.000000 0.000000 77.000000 1.000000 0 0 0.000000
6 304.605438 -2944.092041 258.125000 0.000000 -101.000000 0.000000 0.000000 0.000000 1.000000 0.000000 -101.000000 1.000000 0 0 0.000000
5 374.015411 -2958.082031 264.125000 0.000000 -172.000000 0.000000 0.000000 0.000000 1.000000 0.000000 -172.000000 1.000000 0 0 0.000000
5 375.139678 -2922.773437 264.125000 0.000000 168.000000 0.000000 0.000000 0.000000 1.000000 0.000000 168.000000 1.000000 0 0 0.000000
16 1874.875976 -2999.773925 -144.875000 0.000000 -179.000000 0.000000 0.000000 0.000000 1.000000 0.000000 -179.000000 1.000000 0 0 0.000000
11 1645.749023 -3450.365478 -119.875000 0.000000 33.000000 0.000000 0.000000 0.000000 1.000000 0.000000 33.000000 1.000000 0 0 0.000000
11 1568.725219 -3473.930908 -119.875000 0.000000 118.000000 0.000000 0.000000 0.000000 1.000000 0.000000 118.000000 1.000000 0 0 0.000000
16 755.602905 -2125.382080 -44.875000 0.000000 -11.000000 0.000000 0.000000 0.000000 1.000000 0.000000 -11.000000 1.000000 0 0 0.000000
15 644.208007 -2069.200439 -40.875000 0.000000 -7.000000 0.000000 0.000000 0.000000 1.000000 0.000000 -7.000000 1.000000 0 0 0.000000
11 733.892700 -2048.668212 -19.875000 0.000000 106.000000 0.000000 0.000000 0.000000 1.000000 0.000000 106.000000 1.000000 0 0 0.000000
10 1451.821411 -2163.900146 217.355392 0.000000 85.000000 0.000000 0.707106 0.000000 0.707106 0.000000 85.000000 1.000000 0 0 0.000000
10 1455.781250 -2239.483154 213.395629 0.000000 90.000000 0.000000 0.707106 0.000000 0.707106 0.000000 90.000000 1.000000 0 0 0.000000
9 2048.804931 -3018.429931 -155.875000 0.000000 -162.000000 0.000000 0.000000 0.000000 1.000000 0.000000 -162.000000 1.000000 0 0 0.000000
11 -803.629150 -3063.618896 288.125000 0.000000 74.000000 0.000000 0.000000 0.000000 1.000000 0.000000 74.000000 1.000000 0 0 0.000000
11 -806.281066 -3130.802978 288.125000 0.000000 59.000000 0.000000 0.000000 0.000000 1.000000 0.000000 59.000000 1.000000 0 0 0.000000
11 -811.037536 -3197.090332 288.125000 0.000000 38.000000 0.000000 0.000000 0.000000 1.000000 0.000000 38.000000 1.000000 0 0 0.000000
11 -812.031433 -3245.448974 288.125000 0.000000 13.000000 0.000000 0.000000 0.000000 1.000000 0.000000 13.000000 1.000000 0 0 0.000000
11 -752.004516 -3261.612304 288.125000 0.000000 21.000000 0.000000 0.000000 0.000000 1.000000 0.000000 21.000000 1.000000 0 0 0.000000
9 -744.186462 -3173.753906 252.125000 0.000000 -100.000000 0.000000 0.000000 0.000000 1.000000 0.000000 -100.000000 1.000000 1 0 0.000000
14 551.502868 -3963.449462 99.125000 0.000000 173.000000 0.000000 0.000000 0.000000 1.000000 0.000000 173.000000 1.000000 1 0 0.000000
11 2041.350341 -3090.753906 -119.875000 0.000000 -101.000000 0.000000 0.000000 0.000000 1.000000 0.000000 -101.000000 1.000000 0 0 0.000000
10 2126.179199 -3039.900146 -139.875000 0.000000 -31.000000 0.000000 0.000000 0.000000 1.000000 -25.245174 -31.000000 1.000000 0 0 0.000000
6 -1043.269897 -3947.342285 257.125000 0.000000 -164.000000 0.000000 0.000000 0.000000 1.000000 0.000000 -164.000000 1.000000 0 0 0.000000
16 -516.926574 -3979.304931 467.125000 0.000000 178.000000 0.000000 0.000000 0.000000 1.000000 0.000000 178.000000 1.000000 0 0 0.000000
9 2151.003417 -2757.922363 -59.875000 0.000000 -92.000000 0.000000 0.000000 0.000000 1.000000 0.000000 -92.000000 1.000000 2 0 0.000000
11 2208.399902 -2667.163574 -23.875000 0.000000 -89.000000 0.000000 0.000000 0.000000 1.000000 0.000000 -89.000000 1.000000 0 0 0.000000
11 2158.238281 -2659.887695 -23.875000 0.000000 -91.000000 0.000000 0.000000 0.000000 1.000000 0.000000 -91.000000 1.000000 0 0 0.000000
11 2109.701904 -2658.930908 -23.875000 0.000000 -94.000000 0.000000 0.000000 0.000000 1.000000 0.000000 -94.000000 1.000000 0 0 0.000000
9 2161.139648 -2583.362548 -59.875000 0.000000 -94.000000 0.000000 0.000000 0.000000 1.000000 0.000000 -94.000000 1.000000 2 0 0.000000
11 2070.370849 -2543.678710 -23.875000 0.000000 -7.000000 0.000000 0.000000 0.000000 1.000000 0.000000 -7.000000 1.000000 0 0 0.000000
11 2075.589355 -2497.818603 -23.875000 0.000000 -4.000000 0.000000 0.000000 0.000000 1.000000 0.000000 -4.000000 1.000000 0 0 0.000000
11 2080.063720 -2448.003417 -23.875000 0.000000 -4.000000 0.000000 0.000000 0.000000 1.000000 0.000000 -4.000000 1.000000 0 0 0.000000
15 -927.882263 -3858.327636 263.125000 0.000000 17.000000 0.000000 0.000000 0.000000 1.000000 0.000000 17.000000 1.000000 0 0 0.000000
15 -1028.173095 -3830.648193 303.125000 0.000000 66.000000 0.000000 0.000000 0.000000 1.000000 0.000000 66.000000 1.000000 0 0 0.000000
11 1543.049926 -2247.385498 14.123163 0.000000 -15.000000 0.000000 0.000000 0.000000 1.000000 0.000000 -15.000000 1.000000 0 0 0.000000
11 1546.365356 -2121.751220 14.123163 0.000000 -1.000000 0.000000 0.000000 0.000000 1.000000 0.000000 -1.000000 1.000000 0 0 0.000000
11 1547.696289 -2165.990234 14.123163 0.000000 1.000000 0.000000 0.000000 0.000000 1.000000 0.000000 1.000000 1.000000 0 0 0.000000
15 1515.387207 -2002.459960 -10.873304 0.000000 -4.000000 0.000000 0.000000 0.000000 1.000000 0.000000 -4.000000 1.000000 0 0 0.000000
15 1492.217895 -1902.615234 -10.873304 0.000000 -38.000000 0.000000 0.000000 0.000000 1.000000 0.000000 -38.000000 1.000000 0 0 0.000000
9 1454.902221 -1700.795288 212.125000 0.000000 84.000000 0.000000 0.000000 0.000000 1.000000 0.000000 84.000000 1.000000 3 0 0.000000
15 1050.119995 -2105.813720 -32.471759 0.000000 176.000000 0.000000 0.000000 0.141421 0.989949 0.000000 176.000000 1.000000 0 0 0.000000
16 2005.026123 -2491.328125 -48.875000 0.000000 -4.000000 0.000000 0.000000 0.000000 1.000000 0.000000 -4.000000 1.000000 0 0 0.000000
16 1099.250000 -2164.062500 -6.870504 0.000000 -136.000000 0.000000 0.000000 0.000000 1.000000 0.000000 -136.000000 1.000000 0 0 0.000000
11 1037.260986 -2024.908447 18.129890 0.000000 -154.000000 0.000000 0.000000 0.000000 1.000000 0.000000 -154.000000 1.000000 0 0 0.000000
15 847.027221 -2064.022705 -40.875000 0.000000 3.000000 0.000000 0.000000 0.000000 1.000000 0.000000 3.000000 1.000000 0 0 0.000000
11 847.451416 -2130.006103 -6.729991 0.000000 -3.000000 0.000000 0.000000 0.141421 0.989949 0.000000 -3.000000 1.000000 0 0 0.000000
11 829.332519 -1996.670288 16.847078 0.000000 75.000000 0.000000 0.000000 0.707106 0.707106 0.000000 75.000000 1.000000 0 0 0.000000
15 1362.526000 -2235.078369 -48.875000 0.000000 178.000000 0.000000 0.000000 0.000000 1.000000 0.000000 178.000000 1.000000 0 0 0.000000
11 1401.128417 -1940.266845 244.125305 0.000000 98.000000 0.000000 0.000000 0.000000 1.000000 0.000000 98.000000 1.000000 0 0 0.000000
11 1449.852661 -1938.086791 236.324142 0.000000 85.000000 0.000000 0.707106 0.000000 0.707106 0.000000 85.000000 1.000000 0 0 0.000000
11 1510.546752 -1949.654418 244.123336 0.000000 76.000000 0.000000 0.000000 0.000000 1.000000 0.000000 76.000000 1.000000 0 0 0.000000
9 1679.981201 -1952.579223 60.124927 0.000000 0.000000 0.000000 0.000000 0.000000 1.000000 0.000000 0.000000 1.000000 3 0 0.000000
15 1950.550415 -3306.149169 -144.875000 0.000000 4.000000 0.000000 0.000000 0.000000 1.000000 0.000000 4.000000 1.000000 0 0 0.000000
15 1857.046997 -3315.879638 -144.875000 0.000000 11.000000 0.000000 0.000000 0.000000 1.000000 0.000000 11.000000 1.000000 0 0 0.000000
15 1768.546997 -3307.653320 -144.875000 0.000000 0.000000 0.000000 0.000000 0.000000 1.000000 0.000000 0.000000 1.000000 0 0 0.000000
15 1721.807006 -3156.584228 -144.875000 0.000000 -2.000000 0.000000 0.000000 0.000000 1.000000 0.000000 -2.000000 1.000000 0 0 0.000000
15 1706.850952 -3051.548828 -144.875000 0.000000 55.000000 0.000000 0.000000 0.000000 1.000000 0.000000 55.000000 1.000000 0 0 0.000000
11 1781.773803 -2992.028320 -119.875000 0.000000 0.000000 0.000000 0.000000 0.000000 1.000000 0.000000 0.000000 1.000000 0 0 0.000000
1 2261.513427 -2999.312500 -144.875000 0.000000 -3.000000 0.000000 0.000000 0.000000 1.000000 0.000000 -3.000000 1.000000 0 0 0.000000
16 2213.814208 -3074.512451 -144.875000 0.000000 -29.000000 0.000000 0.000000 0.000000 1.000000 0.000000 -29.000000 1.000000 0 0 0.000000
16 2231.457031 -3037.609619 -144.875000 0.000000 -16.000000 0.000000 0.000000 0.000000 1.000000 0.000000 -16.000000 1.000000 0 0 0.000000
11 2269.137695 -3337.389892 -119.875000 0.000000 91.000000 0.000000 0.000000 0.000000 1.000000 0.000000 91.000000 1.000000 0 0 0.000000
11 2211.137695 -3339.588134 -119.875000 0.000000 92.000000 0.000000 0.000000 0.000000 1.000000 0.000000 92.000000 1.000000 0 0 0.000000
11 2145.107177 -3345.648681 -119.875000 0.000000 90.000000 0.000000 0.000000 0.000000 1.000000 0.000000 90.000000 1.000000 0 0 0.000000
11 2087.450927 -3347.237548 -119.875000 0.000000 90.000000 0.000000 0.000000 0.000000 1.000000 0.000000 90.000000 1.000000 0 0 0.000000
11 2030.768310 -3352.047119 -119.875000 0.000000 90.000000 0.000000 0.000000 0.000000 1.000000 0.000000 90.000000 1.000000 0 0 0.000000
11 2095.808349 -2886.640136 -23.875000 0.000000 90.000000 0.000000 0.000000 0.000000 1.000000 0.000000 90.000000 1.000000 0 0 0.000000
11 2143.211914 -2886.533935 -23.875000 0.000000 90.000000 0.000000 0.000000 0.000000 1.000000 0.000000 90.000000 1.000000 0 0 0.000000
11 2201.112060 -2886.337646 -23.875000 0.000000 90.000000 0.000000 0.000000 0.000000 1.000000 0.000000 90.000000 1.000000 0 0 0.000000
16 2143.863525 -2836.654541 -48.875000 0.000000 -91.000000 0.000000 0.000000 0.000000 1.000000 0.000000 -91.000000 1.000000 0 0 0.000000
16 2146.290283 -3422.400146 -144.875000 0.000000 90.000000 0.000000 0.000000 0.000000 1.000000 0.000000 90.000000 1.000000 0 0 0.000000
13 1979.022216 -3780.762939 -146.875000 0.000000 92.000000 0.000000 0.000000 0.000000 1.000000 0.000000 92.000000 1.000000 0 0 0.000000
15 1006.998718 -3370.938232 31.125000 0.000000 86.000000 0.000000 0.000000 0.000000 1.000000 0.000000 86.000000 1.000000 0 0 0.000000
11 1970.594604 -3976.256103 -119.875000 0.000000 -126.000000 0.000000 0.000000 0.000000 1.000000 0.000000 -126.000000 1.000000 0 0 0.000000
11 1581.228393 -3835.179687 -119.875000 0.000000 89.000000 0.000000 0.000000 0.000000 1.000000 0.000000 89.000000 1.000000 0 0 0.000000
11 1921.131835 -3623.309570 -119.875000 0.000000 75.000000 0.000000 0.000000 0.000000 1.000000 0.000000 75.000000 1.000000 0 0 0.000000
13 1498.536010 -3625.378662 -146.875000 0.000000 179.000000 0.000000 0.000000 0.000000 1.000000 0.000000 179.000000 1.000000 0 0 0.000000
15 1391.496826 -3665.695556 -144.875000 0.000000 90.000000 0.000000 0.000000 0.000000 1.000000 0.000000 90.000000 1.000000 0 0 0.000000
11 1589.584716 -3883.430908 -119.875000 0.000000 26.000000 0.000000 0.000000 0.000000 1.000000 0.000000 26.000000 1.000000 0 0 0.000000
11 1075.097290 -3848.081054 -119.875000 0.000000 77.000000 0.000000 0.000000 0.000000 1.000000 0.000000 77.000000 1.000000 0 0 0.000000
11 1029.999633 -3887.033447 -119.875000 0.000000 77.000000 0.000000 0.000000 0.000000 1.000000 0.000000 77.000000 1.000000 0 0 0.000000
11 977.682312 -3886.207031 -119.875000 0.000000 77.000000 0.000000 0.000000 0.000000 1.000000 0.000000 77.000000 1.000000 0 0 0.000000
11 928.345947 -3883.220947 -119.875000 0.000000 77.000000 0.000000 0.000000 0.000000 1.000000 0.000000 77.000000 1.000000 0 0 0.000000
11 875.688049 -3853.123291 -119.875000 0.000000 77.000000 0.000000 0.000000 0.000000 1.000000 0.000000 77.000000 1.000000 0 0 0.000000
11 878.860656 -3799.802734 -119.875000 0.000000 -35.000000 0.000000 0.000000 0.000000 1.000000 0.000000 -35.000000 1.000000 0 0 0.000000
11 892.372863 -3749.507324 -119.875000 0.000000 -61.000000 0.000000 0.000000 0.000000 1.000000 0.000000 -61.000000 1.000000 0 0 0.000000
11 1073.442993 -3798.547607 -119.875000 0.000000 156.000000 0.000000 0.000000 0.000000 1.000000 0.000000 156.000000 1.000000 0 0 0.000000
11 1074.257812 -3747.158691 -119.875000 0.000000 149.000000 0.000000 0.000000 0.000000 1.000000 0.000000 149.000000 1.000000 0 0 0.000000
15 1128.541503 -3155.165771 -8.875000 0.000000 0.000000 0.000000 0.000000 0.000000 1.000000 0.000000 0.000000 1.000000 0 0 0.000000
11 1101.038940 -3087.153076 16.125000 0.000000 3.000000 0.000000 0.000000 0.000000 1.000000 0.000000 3.000000 1.000000 0 0 0.000000
11 1109.259399 -3223.559570 16.125000 0.000000 -18.000000 0.000000 0.000000 0.000000 1.000000 0.000000 -18.000000 1.000000 0 0 0.000000
11 1645.985229 -3651.694091 -119.875000 0.000000 -12.000000 0.000000 0.000000 0.000000 1.000000 0.000000 -12.000000 1.000000 0 0 0.000000
15 931.468505 -3285.741943 -8.875000 0.000000 75.000000 0.000000 0.000000 0.000000 1.000000 0.000000 75.000000 1.000000 0 0 0.000000
15 865.499023 -3386.243408 -8.875000 0.000000 129.000000 0.000000 0.000000 0.000000 1.000000 0.000000 129.000000 1.000000 0 0 0.000000
15 853.580505 -3523.544921 -8.875000 0.000000 162.000000 0.000000 0.000000 0.000000 1.000000 0.000000 162.000000 1.000000 0 0 0.000000
11 864.944091 -3458.926513 46.125000 0.000000 178.000000 0.000000 0.000000 0.000000 1.000000 0.000000 178.000000 1.000000 0 0 0.000000
11 1155.566040 -3135.355468 252.125000 0.000000 39.000000 0.000000 0.000000 0.000000 1.000000 0.000000 39.000000 1.000000 0 0 0.000000
11 1160.450927 -3186.572021 252.125000 0.000000 22.000000 0.000000 0.000000 0.000000 1.000000 0.000000 22.000000 1.000000 0 0 0.000000
11 1169.565917 -3277.398193 252.125000 0.000000 -28.000000 0.000000 0.000000 0.000000 1.000000 0.000000 -28.000000 1.000000 0 0 0.000000
11 1155.845947 -3332.226806 252.125000 0.000000 -8.000000 0.000000 0.000000 0.000000 1.000000 0.000000 -8.000000 1.000000 0 0 0.000000
11 1149.744628 -3454.793212 252.125000 0.000000 53.000000 0.000000 0.000000 0.000000 1.000000 0.000000 53.000000 1.000000 0 0 0.000000
11 1149.449340 -3505.482910 252.125000 0.000000 26.000000 0.000000 0.000000 0.000000 1.000000 0.000000 26.000000 1.000000 0 0 0.000000
11 1155.007202 -3650.932617 252.125000 0.000000 -100.000000 0.000000 0.000000 0.000000 1.000000 0.000000 -100.000000 1.000000 0 0 0.000000
11 1159.220214 -3598.682373 252.125000 0.000000 30.000000 0.000000 0.000000 0.000000 1.000000 0.000000 30.000000 1.000000 0 0 0.000000
11 2107.634521 -2800.383544 217.811279 0.000000 94.000000 0.000000 -0.707106 0.000000 0.707106 0.000000 94.000000 1.000000 0 0 0.000000
11 2156.218994 -2813.323974 248.124969 0.000000 91.000000 0.000000 0.000000 0.000000 1.000000 0.000000 91.000000 1.000000 0 0 0.000000
11 2202.536865 -2813.400146 227.639968 0.000000 81.000000 0.000000 0.707106 0.000000 0.707106 0.000000 81.000000 1.000000 0 0 0.000000
15 -725.668945 -3968.623535 263.125000 0.000000 174.000000 0.000000 0.000000 0.000000 1.000000 0.000000 174.000000 1.000000 0 0 0.000000
15 -734.116455 -3884.919921 263.125000 0.000000 174.000000 0.000000 0.000000 0.000000 1.000000 0.000000 174.000000 1.000000 0 0 0.000000
11 -801.852661 -3836.993408 288.125000 0.000000 -5.000000 0.000000 0.000000 0.000000 1.000000 0.000000 -5.000000 1.000000 0 0 0.000000
11 -811.024230 -3884.212402 288.125000 0.000000 -10.000000 0.000000 0.000000 0.000000 1.000000 0.000000 -10.000000 1.000000 0 0 0.000000
11 -802.775939 -3937.409423 288.125000 0.000000 -10.000000 0.000000 0.000000 0.000000 1.000000 0.000000 -10.000000 1.000000 0 0 0.000000
11 -792.769348 -3992.160644 288.125000 0.000000 -39.000000 0.000000 0.000000 0.000000 1.000000 0.000000 -39.000000 1.000000 0 0 0.000000
16 -734.525878 -3665.222900 263.125000 0.000000 -12.000000 0.000000 0.000000 0.000000 1.000000 0.000000 -12.000000 1.000000 0 0 0.000000
10 612.189453 -3799.908447 -139.875000 0.000000 -149.000000 0.000000 0.000000 0.000000 1.000000 0.000000 -149.000000 1.000000 0 0 0.000000
4 484.188659 -3870.803466 122.183364 0.000000 122.000000 0.000000 0.331663 0.000000 0.943397 0.000000 122.000000 1.000000 0 0 0.000000
4 525.351440 -3847.173095 107.712074 0.000000 107.000000 0.000000 0.331663 0.000000 0.943397 0.000000 107.000000 1.000000 0 0 0.000000
