11 2136.736816 -2822.108642 86.349998 0.000000 -70.000000 0.000000 0.000000 0.000000 0.000000 0.000000 -70.000000 1.000000 0 0 0.000000
11 2174.257324 -2820.344482 86.750000 0.000000 -178.000000 0.000000 0.000000 0.000000 1.000000 0.000000 -178.000000 1.000000 0 0 0.000000
15 2151.056152 -2843.962402 -48.874996 0.000000 -86.000000 0.000000 0.000000 0.000000 1.000000 0.000000 -86.000000 1.000000 0 0 0.000000
11 2102.510498 -2837.022705 86.250000 0.000000 -89.000000 0.000000 0.000000 0.000000 1.000000 0.000000 -89.000000 1.000000 0 0 0.000000
2 2149.798583 -2910.314941 223.124954 0.000000 -89.000000 0.000000 0.000000 0.000000 1.000000 0.000000 -89.000000 1.000000 0 0 0.000000
15 -482.798278 528.923583 263.125000 0.000000 -76.000000 0.000000 0.000000 0.000000 1.000000 0.000000 -76.000000 1.000000 0 0 0.000000
15 -493.920471 457.670440 113.112335 0.000000 -89.000000 0.000000 0.000000 0.476283 0.879291 0.000000 -89.000000 1.000000 0 0 0.000000
15 -588.891174 462.266540 110.622779 0.000000 -93.000000 0.000000 0.000000 0.476283 0.879291 0.000000 -93.000000 1.000000 0 0 0.000000
15 -585.612976 492.087707 220.747772 0.000000 -96.000000 0.000000 0.000000 0.000000 1.000000 0.000000 -96.000000 1.000000 0 0 0.000000
11 -289.540100 -2489.598144 320.125061 0.000000 -179.000000 0.000000 0.000000 0.000000 1.000000 0.000000 -179.000000 1.000000 0 0 0.000000
15 -810.060607 -1017.301147 263.125000 0.000000 -173.000000 0.000000 0.000000 0.000000 1.000000 0.000000 -173.000000 1.000000 0 0 0.000000
15 -812.368652 -1117.013061 263.125000 0.000000 -155.000000 0.000000 0.000000 0.000000 1.000000 0.000000 -155.000000 1.000000 0 0 0.000000
10 -772.847656 -1059.326416 516.125000 0.000000 -20.000000 0.000000 0.000000 0.000000 1.000000 0.000000 -20.000000 1.000000 0 0 0.000000
10 -772.125061 -996.131347 516.125000 0.000000 14.000000 0.000000 0.000000 0.000000 1.000000 0.000000 14.000000 1.000000 0 0 0.000000
15 -497.070648 30.581472 69.915458 0.000000 -61.000000 0.000000 0.000000 -0.476283 0.879291 0.000000 -61.000000 1.000000 0 0 0.000000
15 -590.248168 27.900497 68.463264 0.000000 -94.000000 0.000000 0.000000 -0.476283 0.879291 0.000000 -94.000000 1.000000 0 0 0.000000
15 -587.918823 -6.409512 178.588272 0.000000 -90.000000 0.000000 0.000000 0.000000 1.000000 0.000000 -90.000000 1.000000 0 0 0.000000
15 -495.560485 -5.425251 180.040466 0.000000 -84.000000 0.000000 0.000000 0.000000 1.000000 0.000000 -84.000000 1.000000 0 0 0.000000
8 -473.647033 -106.136238 268.125000 0.000000 -91.000000 0.000000 0.000000 0.000000 1.000000 0.000000 -91.000000 1.000000 0 0 0.000000
15 1177.434448 -2090.553222 -40.875000 0.000000 -177.000000 0.000000 0.000000 0.000000 1.000000 0.000000 -177.000000 1.000000 0 0 0.000000
1 2109.661132 -2755.662597 -48.875000 0.000000 -99.000000 0.000000 0.000000 0.000000 1.000000 0.000000 -99.000000 1.000000 0 0 0.000000
13 1190.151611 -2066.994628 67.250000 0.000000 -178.000000 0.000000 0.000000 0.000000 1.000000 0.000000 -178.000000 1.000000 0 0 0.000000
11 -271.545318 -2561.041015 320.125122 0.000000 -159.000000 0.000000 0.000000 0.000000 1.000000 0.000000 -159.000000 1.000000 0 0 0.000000
15 -218.107376 -2561.026123 -48.875000 0.000000 -152.000000 0.000000 0.000000 0.000000 1.000000 0.000000 -152.000000 1.000000 0 0 0.000000
15 -230.380813 -2444.932128 -48.875000 0.000000 171.000000 0.000000 0.000000 0.000000 1.000000 0.000000 171.000000 1.000000 0 0 0.000000
15 -210.489593 -2443.045410 61.250000 0.000000 168.000000 0.000000 0.000000 0.000000 1.000000 0.000000 168.000000 1.000000 0 0 0.000000
15 -196.390502 -2563.039062 61.250007 0.000000 -176.000000 0.000000 0.000000 0.000000 1.000000 0.000000 -176.000000 1.000000 0 0 0.000000
10 -228.350433 -2444.831542 176.375000 0.000000 7.000000 0.000000 0.000000 0.000000 1.000000 0.000000 7.000000 1.000000 0 0 0.000000
10 -222.525482 -2560.832519 176.375000 0.000000 -2.000000 0.000000 0.000000 0.000000 1.000000 0.000000 -2.000000 1.000000 0 0 0.000000
16 261.327728 -3466.952880 263.125000 0.000000 -6.000000 0.000000 0.000000 0.000000 1.000000 0.000000 -6.000000 1.000000 0 0 0.000000
15 -1306.155151 -791.021606 263.125000 0.000000 62.000000 0.000000 0.000000 0.000000 1.000000 0.000000 62.000000 1.000000 0 0 0.000000
15 -1418.470092 -780.251159 263.125000 0.000000 119.000000 0.000000 0.000000 0.000000 1.000000 0.000000 119.000000 1.000000 0 0 0.000000
16 -106.125083 -1052.902832 -48.875000 0.000000 1.000000 0.000000 0.000000 0.000000 1.000000 0.000000 1.000000 1.000000 0 0 0.000000
16 -137.885955 -1053.726196 -48.875000 0.000000 1.000000 0.000000 0.000000 0.000000 1.000000 0.000000 1.000000 1.000000 0 0 0.000000
16 -180.253204 -1054.785888 -48.875000 0.000000 1.000000 0.000000 0.000000 0.000000 1.000000 0.000000 1.000000 1.000000 0 0 0.000000
16 -225.140106 -1055.911376 -48.875000 0.000000 1.000000 0.000000 0.000000 0.000000 1.000000 0.000000 1.000000 1.000000 0 0 0.000000
16 -124.934715 -1089.807250 -48.875000 0.000000 8.000000 0.000000 0.000000 0.000000 1.000000 0.000000 8.000000 1.000000 0 0 0.000000
16 -152.268005 -1124.676879 -48.875000 0.000000 -3.000000 0.000000 0.000000 0.000000 1.000000 0.000000 -3.000000 1.000000 0 0 0.000000
16 -122.660095 -1016.586669 -48.875000 0.000000 -16.000000 0.000000 0.000000 0.000000 1.000000 0.000000 -16.000000 1.000000 0 0 0.000000
16 -143.374481 -980.774536 -48.875000 0.000000 0.000000 0.000000 0.000000 0.000000 1.000000 0.000000 0.000000 1.000000 0 0 0.000000
9 -509.879455 -1013.781433 -59.875000 0.000000 0.000000 0.000000 0.000000 0.000000 1.000000 0.000000 0.000000 1.000000 1 0 0.000000
12 -169.323226 231.706405 237.125015 0.000000 103.000000 0.000000 0.000000 0.000000 1.000000 0.000000 103.000000 1.000000 1 0 0.000000
15 -651.127685 -3468.540527 263.125000 0.000000 -175.000000 0.000000 0.000000 0.000000 1.000000 0.000000 -175.000000 1.000000 0 0 0.000000
15 -634.872070 -3469.286376 373.250000 0.000000 179.000000 0.000000 0.000000 0.000000 1.000000 0.000000 179.000000 1.000000 0 0 0.000000
14 512.150878 -3922.551025 87.125000 0.000000 171.000000 0.000000 0.000000 0.000000 1.000000 0.000000 171.000000 1.000000 1 0 0.000000
15 -1116.532592 -1702.198730 423.125000 0.000000 119.000000 0.000000 0.000000 0.000000 1.000000 0.000000 119.000000 1.000000 0 0 0.000000
14 -1127.262817 -915.447204 678.993896 0.000000 -157.000000 0.000000 0.000000 0.430978 0.902361 0.000000 -157.000000 1.000000 1 0 0.000000
14 -1616.528320 -1039.414672 738.202270 0.000000 50.000000 0.000000 0.000000 0.430978 0.902361 0.000000 50.000000 1.000000 1 0 0.000000
7 -1597.869750 -1207.604003 736.821594 0.000000 -123.000000 -165.000000 0.000000 -0.430978 -0.902361 0.000000 -123.000000 -0.902361 0 0 0.000000
16 -904.965820 -3348.701904 263.125000 0.000000 91.000000 0.000000 0.000000 0.000000 1.000000 0.000000 91.000000 1.000000 0 0 0.000000
16 -907.017272 -3383.777832 263.125000 0.000000 93.000000 0.000000 0.000000 0.000000 1.000000 0.000000 93.000000 1.000000 0 0 0.000000
16 -903.567504 -3421.323730 263.125000 0.000000 93.000000 0.000000 0.000000 0.000000 1.000000 0.000000 93.000000 1.000000 0 0 0.000000
16 -904.709106 -3457.931152 263.125000 0.000000 96.000000 0.000000 0.000000 0.000000 1.000000 0.000000 96.000000 1.000000 0 0 0.000000
16 -868.532714 -3366.691894 263.125000 0.000000 100.000000 0.000000 0.000000 0.000000 1.000000 0.000000 100.000000 1.000000 0 0 0.000000
16 -831.555175 -3391.260986 263.125000 0.000000 88.000000 0.000000 0.000000 0.000000 1.000000 0.000000 88.000000 1.000000 0 0 0.000000
15 1524.809326 -2508.692626 295.125061 0.000000 -164.000000 0.000000 0.000000 0.000000 1.000000 0.000000 -164.000000 1.000000 0 0 0.000000
13 1569.357910 -2617.389160 344.932403 0.000000 -170.000000 0.000000 0.000000 0.663929 0.747794 0.000000 -170.000000 1.000000 0 0 0.000000
15 1543.870971 -2655.531005 191.507675 0.000000 179.000000 0.000000 0.316261 0.000000 0.948671 0.000000 179.000000 1.000000 0 0 0.000000
13 1289.352661 -2679.047363 141.583297 0.000000 -122.000000 0.000000 0.101219 -0.703475 0.703475 0.000000 -122.000000 1.000000 0 0 0.000000
13 1376.153320 -2687.573486 190.182998 0.000000 -62.000000 0.000000 -0.316227 0.000000 0.948683 0.000000 -62.000000 1.000000 0 0 0.000000
13 902.540466 -2393.178710 149.125000 0.000000 87.000000 0.000000 0.000000 0.000000 1.000000 0.000000 87.000000 1.000000 0 0 0.000000
13 903.214172 -2666.251464 184.101623 0.000000 -141.000000 0.000000 0.499435 0.000000 0.866351 0.000000 -141.000000 1.000000 0 0 0.000000
15 2150.591552 -2858.857177 -48.875000 0.000000 -86.000000 0.000000 0.000000 0.000000 1.000000 0.000000 -86.000000 1.000000 0 0 0.000000
15 1998.640136 -2503.827148 -48.875000 0.000000 -173.000000 0.000000 0.000000 0.000000 1.000000 0.000000 -173.000000 1.000000 0 0 0.000000
11 2018.633300 -2540.477783 86.250007 0.000000 -166.000000 0.000000 0.000000 0.000000 1.000000 0.000000 -166.000000 1.000000 0 0 0.000000
11 2017.489746 -2472.608886 86.250000 0.000000 176.000000 0.000000 0.000000 0.000000 1.000000 0.000000 176.000000 1.000000 0 0 0.000000
16 -945.238525 -3368.865722 263.125000 0.000000 77.000000 0.000000 0.000000 0.000000 1.000000 0.000000 77.000000 1.000000 0 0 0.000000
16 -985.854370 -3386.279296 263.125000 0.000000 99.000000 0.000000 0.000000 0.000000 1.000000 0.000000 99.000000 1.000000 0 0 0.000000
9 -1339.778198 -1549.657104 516.125000 0.000000 -111.000000 0.000000 0.000000 0.000000 1.000000 0.000000 -111.000000 1.000000 1 0 0.000000
14 -525.500671 -735.821472 339.125000 0.000000 93.000000 0.000000 0.000000 0.000000 1.000000 0.000000 93.000000 1.000000 1 0 0.000000
9 -37.707073 -836.591674 492.126098 0.000000 89.000000 0.000000 0.000000 0.000000 1.000000 0.000000 89.000000 1.000000 2 0 0.000000
15 -466.775909 861.910766 263.125000 0.000000 -160.000000 0.000000 0.000000 0.000000 1.000000 0.000000 -160.000000 1.000000 0 0 0.000000
13 -468.651885 739.591674 261.125000 0.000000 -178.000000 0.000000 0.000000 0.000000 1.000000 0.000000 -178.000000 1.000000 0 0 0.000000
7 -584.331542 512.778381 382.875000 0.000000 121.000000 179.000000 0.000000 0.000000 -1.000000 0.000000 121.000000 0.000000 0 0 0.000000
7 -503.491882 503.699066 382.875000 0.000000 71.000000 179.000000 0.000000 0.000000 -1.000000 0.000000 71.000000 0.000000 0 0 0.000000
