15 -125.774612 -2141.084716 381.750000 0.000000 -161.000000 0.000000 0.000000 0.000000 1.000000 0.000000 -161.000000 1.000000 2 1 0.000000
15 114.389045 -2109.141845 381.750000 0.000000 -90.000000 0.000000 0.000000 0.000000 1.000000 0.000000 -90.000000 1.000000 2 1 0.000000
16 -252.141952 -2227.647460 431.750000 0.000000 91.000000 0.000000 0.000000 0.000000 1.000000 0.000000 91.000000 1.000000 2 1 0.000000
13 363.947723 -2175.194091 349.625000 0.000000 -87.000000 0.000000 0.000000 0.000000 1.000000 0.000000 -87.000000 1.000000 2 0 0.000000
4 581.786010 -2127.939941 399.625000 0.000000 -5.000000 0.000000 0.000000 0.000000 1.000000 0.000000 -5.000000 1.000000 1 0 0.000000
13 363.947723 -2175.194091 410.250000 0.000000 -87.000000 0.000000 0.000000 0.000000 1.000000 0.000000 -87.000000 1.000000 2 1 0.000000
16 360.621337 248.067337 15.125000 0.000000 76.000000 0.000000 0.000000 0.000000 1.000000 0.000000 76.000000 1.000000 0 0 0.000000
14 -577.489318 -2236.840820 7.125000 0.000000 0.000000 0.000000 0.000000 0.000000 1.000000 0.000000 0.000000 1.000000 1 0 0.000000
16 382.138885 -1780.709838 399.125000 0.000000 -88.000000 0.000000 0.000000 0.000000 1.000000 0.000000 -88.000000 1.000000 0 0 0.000000
16 -404.019714 -2115.047363 351.125000 0.000000 -147.000000 0.000000 0.000000 0.000000 1.000000 0.000000 -147.000000 1.000000 0 0 0.000000
11 -322.446716 -2092.254638 376.125000 0.000000 -44.000000 0.000000 0.000000 0.000000 1.000000 0.000000 -44.000000 1.000000 0 0 0.000000
16 1092.820922 -139.259429 -112.875000 0.000000 162.000000 0.000000 0.000000 0.000000 1.000000 0.000000 162.000000 1.000000 0 0 0.000000
16 1001.598754 -189.137161 -112.875000 0.000000 -158.000000 0.000000 0.000000 0.000000 1.000000 0.000000 -158.000000 1.000000 0 0 0.000000
16 1055.822998 -162.024642 -112.875000 0.000000 163.000000 0.000000 0.000000 0.000000 1.000000 0.000000 163.000000 1.000000 0 0 0.000000
16 994.935180 -69.335365 -112.875000 0.000000 149.000000 0.000000 0.000000 0.000000 1.000000 0.000000 149.000000 1.000000 0 0 0.000000
16 933.328674 -129.577896 -112.875000 0.000000 177.000000 0.000000 0.000000 0.000000 1.000000 0.000000 177.000000 1.000000 0 0 0.000000
16 1014.527709 -132.293151 -112.875000 0.000000 177.000000 0.000000 0.000000 0.000000 1.000000 0.000000 177.000000 1.000000 0 0 0.000000
16 887.604492 -125.078033 -112.875000 0.000000 -5.000000 0.000000 0.000000 0.000000 1.000000 0.000000 -5.000000 1.000000 0 0 0.000000
16 834.991516 -125.583969 -112.875000 0.000000 177.000000 0.000000 0.000000 0.000000 1.000000 0.000000 177.000000 1.000000 0 0 0.000000
16 1042.640625 -100.809341 -112.875000 0.000000 150.000000 0.000000 0.000000 0.000000 1.000000 0.000000 150.000000 1.000000 0 0 0.000000
1 383.970458 -1745.718994 399.125000 0.000000 -90.000000 0.000000 0.000000 0.000000 1.000000 0.000000 -90.000000 1.000000 0 0 0.000000
14 -152.974594 -529.636108 295.125000 0.000000 85.000000 0.000000 0.000000 0.000000 1.000000 0.000000 85.000000 1.000000 1 0 0.000000
15 122.782424 725.197875 351.125000 0.000000 -161.000000 0.000000 0.000000 0.000000 1.000000 0.000000 -161.000000 1.000000 0 0 0.000000
15 126.511703 633.368103 351.125000 0.000000 -153.000000 0.000000 0.000000 0.000000 1.000000 0.000000 -153.000000 1.000000 0 0 0.000000
11 371.789550 664.677001 376.125000 0.000000 126.000000 0.000000 0.000000 0.000000 1.000000 0.000000 126.000000 1.000000 0 0 0.000000
11 483.094726 593.225891 376.125000 0.000000 -101.000000 0.000000 0.000000 0.000000 1.000000 0.000000 -101.000000 1.000000 0 0 0.000000
11 373.587951 615.654479 376.125000 0.000000 131.000000 0.000000 0.000000 0.000000 1.000000 0.000000 131.000000 1.000000 0 0 0.000000
14 536.608642 483.466644 343.125000 0.000000 6.000000 0.000000 0.000000 0.000000 1.000000 0.000000 6.000000 1.000000 1 0 0.000000
11 481.669830 543.853454 376.125000 0.000000 47.000000 0.000000 0.000000 0.000000 1.000000 0.000000 47.000000 1.000000 0 0 0.000000
11 480.732177 642.918334 376.125000 0.000000 -127.000000 0.000000 0.000000 0.000000 1.000000 0.000000 -127.000000 1.000000 0 0 0.000000
11 380.205841 566.194702 376.125000 0.000000 145.000000 0.000000 0.000000 0.000000 1.000000 0.000000 145.000000 1.000000 0 0 0.000000
11 431.751464 645.031982 376.125000 0.000000 -101.000000 0.000000 0.000000 0.000000 1.000000 0.000000 -101.000000 1.000000 0 0 0.000000
11 476.241912 484.367858 376.125000 0.000000 11.000000 0.000000 0.000000 0.000000 1.000000 0.000000 11.000000 1.000000 0 0 0.000000
11 391.154602 512.654113 376.125000 0.000000 167.000000 0.000000 0.000000 0.000000 1.000000 0.000000 167.000000 1.000000 0 0 0.000000
13 8.775321 392.276916 205.125000 0.000000 -90.000000 0.000000 0.000000 0.000000 1.000000 0.000000 -90.000000 1.000000 0 0 0.000000
13 -90.444068 -1888.050903 13.125000 0.000000 -90.000000 0.000000 0.000000 0.000000 1.000000 0.000000 -90.000000 1.000000 0 0 0.000000
11 -105.965591 -1951.536987 40.125000 0.000000 92.000000 0.000000 0.000000 0.000000 1.000000 0.000000 92.000000 1.000000 0 0 0.000000
15 260.947387 -2071.385498 351.125000 0.000000 116.000000 0.000000 0.000000 0.000000 1.000000 0.000000 116.000000 1.000000 0 0 0.000000
11 329.232116 -2028.146484 376.125000 0.000000 131.000000 0.000000 0.000000 0.000000 1.000000 0.000000 131.000000 1.000000 0 0 0.000000
15 -254.922500 -2123.358642 351.125000 0.000000 0.000000 0.000000 0.000000 0.000000 1.000000 0.000000 0.000000 1.000000 0 0 0.000000
15 -254.909500 -2034.329345 351.125000 0.000000 0.000000 0.000000 0.000000 0.000000 1.000000 0.000000 0.000000 1.000000 0 0 0.000000
15 -180.743164 -2241.183349 351.125000 0.000000 -145.000000 0.000000 0.000000 0.000000 1.000000 0.000000 -145.000000 1.000000 0 0 0.000000
15 -346.775177 -2173.179687 351.125000 0.000000 -64.000000 0.000000 0.000000 0.000000 1.000000 0.000000 -64.000000 1.000000 0 0 0.000000
11 -246.011352 -2198.417236 376.125000 0.000000 -155.000000 0.000000 0.000000 0.000000 1.000000 0.000000 -155.000000 1.000000 0 0 0.000000
12 -528.064392 -2349.038085 349.125000 0.000000 176.000000 0.000000 0.000000 0.000000 1.000000 0.000000 176.000000 1.000000 1 0 0.000000
13 161.548614 -2262.831787 349.125000 0.000000 -173.000000 0.000000 0.000000 0.000000 1.000000 0.000000 -173.000000 1.000000 0 0 0.000000
15 -105.933174 -2149.953369 271.125000 0.000000 -93.000000 0.000000 0.000000 0.000000 1.000000 0.000000 -93.000000 1.000000 0 0 0.000000
13 42.178131 -2272.660156 205.125000 0.000000 90.000000 0.000000 0.000000 0.000000 1.000000 0.000000 90.000000 1.000000 0 0 0.000000
13 117.535835 -2272.568359 205.125000 0.000000 90.000000 0.000000 0.000000 0.000000 1.000000 0.000000 90.000000 1.000000 0 0 0.000000
14 532.054077 -2582.248291 343.125000 0.000000 -51.000000 0.000000 0.000000 0.000000 1.000000 0.000000 -51.000000 1.000000 1 0 0.000000
15 205.578247 -2154.364746 351.125000 0.000000 116.000000 0.000000 0.000000 0.000000 1.000000 0.000000 116.000000 1.000000 0 0 0.000000
14 -437.889862 -2356.359619 343.125000 0.000000 160.000000 0.000000 0.000000 0.000000 1.000000 0.000000 160.000000 1.000000 1 0 0.000000
13 -49.356136 -2272.781738 205.125000 0.000000 90.000000 0.000000 0.000000 0.000000 1.000000 0.000000 90.000000 1.000000 0 0 0.000000
11 539.698364 -2331.471923 376.125000 0.000000 41.000000 0.000000 0.000000 0.000000 1.000000 0.000000 41.000000 1.000000 0 0 0.000000
13 -122.656890 -2259.450927 205.125000 0.000000 91.000000 0.000000 0.000000 0.000000 1.000000 0.000000 91.000000 1.000000 0 0 0.000000
15 -236.184036 -2443.635009 351.125000 0.000000 -111.000000 0.000000 0.000000 0.000000 1.000000 0.000000 -111.000000 1.000000 0 0 0.000000
11 475.158782 -2388.469970 376.125000 0.000000 41.000000 0.000000 0.000000 0.000000 1.000000 0.000000 41.000000 1.000000 0 0 0.000000
11 410.966735 -2444.786376 376.125000 0.000000 41.000000 0.000000 0.000000 0.000000 1.000000 0.000000 41.000000 1.000000 0 0 0.000000
11 341.603698 -2505.557128 376.125000 0.000000 41.000000 0.000000 0.000000 0.000000 1.000000 0.000000 41.000000 1.000000 0 0 0.000000
11 198.690185 -2628.655761 376.125000 0.000000 176.000000 0.000000 0.000000 0.000000 1.000000 0.000000 176.000000 1.000000 0 0 0.000000
13 267.773345 -2568.389160 349.125000 0.000000 41.000000 0.000000 0.000000 0.000000 1.000000 0.000000 41.000000 1.000000 0 0 0.000000
10 428.628784 -2529.222900 356.125000 0.000000 147.000000 0.000000 0.000000 0.000000 1.000000 0.000000 147.000000 1.000000 0 0 0.000000
11 -464.035705 -2594.720947 376.125000 0.000000 -152.000000 0.000000 0.000000 0.000000 1.000000 0.000000 -152.000000 1.000000 0 0 0.000000
10 -178.928268 -2365.928955 356.125000 0.000000 -89.000000 0.000000 0.000000 0.000000 1.000000 0.000000 -89.000000 1.000000 0 0 0.000000
15 -324.906982 -2350.117675 351.125000 0.000000 170.000000 0.000000 0.000000 0.000000 1.000000 0.000000 170.000000 1.000000 0 0 0.000000
15 -123.378616 -2452.641357 351.125000 0.000000 -84.000000 0.000000 0.000000 0.000000 1.000000 0.000000 -84.000000 1.000000 0 0 0.000000
11 -177.594009 -2517.353027 376.125000 0.000000 86.000000 0.000000 0.000000 0.000000 1.000000 0.000000 86.000000 1.000000 0 0 0.000000
11 -444.783386 -2546.521484 376.125000 0.000000 -175.000000 0.000000 0.000000 0.000000 1.000000 0.000000 -175.000000 1.000000 0 0 0.000000
11 -429.273315 -2461.900146 376.125000 0.000000 162.000000 0.000000 0.000000 0.000000 1.000000 0.000000 162.000000 1.000000 0 0 0.000000
6 -15.319993 -2827.148681 9.125000 0.000000 88.000000 0.000000 0.000000 0.000000 1.000000 0.000000 88.000000 1.000000 0 0 0.000000
14 329.692932 -2035.785888 7.125000 0.000000 22.000000 0.000000 0.000000 0.000000 1.000000 0.000000 22.000000 1.000000 1 0 0.000000
11 257.367706 -2018.386840 40.125000 0.000000 45.000000 0.000000 0.000000 0.000000 1.000000 0.000000 45.000000 1.000000 0 0 0.000000
11 249.419799 -2080.529785 40.125000 0.000000 19.000000 0.000000 0.000000 0.000000 1.000000 0.000000 19.000000 1.000000 0 0 0.000000
11 254.788391 -2130.066650 40.125000 0.000000 -6.000000 0.000000 0.000000 0.000000 1.000000 0.000000 -6.000000 1.000000 0 0 0.000000
11 305.424804 -2147.498291 40.125000 0.000000 63.000000 0.000000 0.000000 0.000000 1.000000 0.000000 63.000000 1.000000 0 0 0.000000
10 356.320739 -2113.773925 20.125000 0.000000 80.000000 0.000000 0.000000 0.000000 1.000000 0.000000 80.000000 1.000000 0 0 0.000000
11 350.004302 -2170.200195 40.125000 0.000000 78.000000 0.000000 0.000000 0.000000 1.000000 0.000000 78.000000 1.000000 0 0 0.000000
14 -295.939788 -3359.502441 263.125000 0.000000 -178.000000 0.000000 0.000000 0.000000 1.000000 0.000000 -178.000000 1.000000 1 0 0.000000
14 321.704315 -3358.368896 263.125000 0.000000 -1.000000 0.000000 0.000000 0.000000 1.000000 0.000000 -1.000000 1.000000 1 0 0.000000
15 185.272491 -3037.727050 207.125000 0.000000 -93.000000 0.000000 0.000000 0.000000 1.000000 0.000000 -93.000000 1.000000 0 0 0.000000
15 99.354331 -3032.881347 207.125000 0.000000 -93.000000 0.000000 0.000000 0.000000 1.000000 0.000000 -93.000000 1.000000 0 0 0.000000
15 -94.905265 -3022.960205 207.125000 0.000000 -90.000000 0.000000 0.000000 0.000000 1.000000 0.000000 -90.000000 1.000000 0 0 0.000000
11 -94.070465 -2879.986083 232.125000 0.000000 127.000000 0.000000 0.000000 0.000000 1.000000 0.000000 127.000000 1.000000 0 0 0.000000
11 -35.479553 -2866.282470 232.125000 0.000000 173.000000 0.000000 0.000000 0.000000 1.000000 0.000000 173.000000 1.000000 0 0 0.000000
11 19.194175 -2861.320068 232.125000 0.000000 146.000000 0.000000 0.000000 0.000000 1.000000 0.000000 146.000000 1.000000 0 0 0.000000
11 83.596153 -2863.258056 232.125000 0.000000 125.000000 0.000000 0.000000 0.000000 1.000000 0.000000 125.000000 1.000000 0 0 0.000000
14 379.533355 -1687.760986 391.125000 0.000000 88.000000 0.000000 0.000000 0.000000 1.000000 0.000000 88.000000 1.000000 1 0 0.000000
15 105.555465 -2645.185302 207.125000 0.000000 -84.000000 0.000000 0.000000 0.000000 1.000000 0.000000 -84.000000 1.000000 0 0 0.000000
15 -105.137542 -2646.859130 207.125000 0.000000 -97.000000 0.000000 0.000000 0.000000 1.000000 0.000000 -97.000000 1.000000 0 0 0.000000
10 -4.190361 -2772.512451 212.125000 0.000000 -92.000000 0.000000 0.000000 0.000000 1.000000 0.000000 -92.000000 1.000000 0 0 0.000000
11 -6.599439 -2610.637695 232.125000 0.000000 88.000000 0.000000 0.000000 0.000000 1.000000 0.000000 88.000000 1.000000 0 0 0.000000
11 -5.142716 -2428.039550 232.125000 0.000000 -90.000000 0.000000 0.000000 0.000000 1.000000 0.000000 -90.000000 1.000000 0 0 0.000000
13 -27.944313 -2142.148193 269.125000 0.000000 -90.000000 0.000000 0.000000 0.000000 1.000000 0.000000 -90.000000 1.000000 0 0 0.000000
15 118.669853 -2134.200195 271.125000 0.000000 -89.000000 0.000000 0.000000 0.000000 1.000000 0.000000 -89.000000 1.000000 0 0 0.000000
13 42.503234 -2142.440917 269.125000 0.000000 -89.000000 0.000000 0.000000 0.000000 1.000000 0.000000 -89.000000 1.000000 0 0 0.000000
14 196.099746 -930.959655 39.125000 0.000000 -178.000000 0.000000 0.000000 0.000000 1.000000 0.000000 -178.000000 1.000000 1 0 0.000000
14 268.886749 1151.143554 7.125000 0.000000 -53.000000 0.000000 0.000000 0.000000 1.000000 0.000000 -53.000000 1.000000 1 0 0.000000
14 -273.756835 1142.185180 7.125000 0.000000 -123.000000 0.000000 0.000000 0.000000 1.000000 0.000000 -123.000000 1.000000 1 0 0.000000
11 294.452789 -246.050811 40.125000 0.000000 35.000000 0.000000 0.000000 0.000000 1.000000 0.000000 35.000000 1.000000 0 0 0.000000
11 -230.699127 -423.968780 40.125000 0.000000 -147.000000 0.000000 0.000000 0.000000 1.000000 0.000000 -147.000000 1.000000 0 0 0.000000
11 -207.590072 -362.173431 40.125000 0.000000 -155.000000 0.000000 0.000000 0.000000 1.000000 0.000000 -155.000000 1.000000 0 0 0.000000
11 -245.624404 -311.840667 40.125000 0.000000 179.000000 0.000000 0.000000 0.000000 1.000000 0.000000 179.000000 1.000000 0 0 0.000000
11 -270.425659 -262.431701 40.125000 0.000000 -175.000000 0.000000 0.000000 0.000000 1.000000 0.000000 -175.000000 1.000000 0 0 0.000000
10 -358.169372 -253.154296 20.125000 0.000000 3.000000 0.000000 0.000000 0.000000 1.000000 0.000000 3.000000 1.000000 0 0 0.000000
13 -364.883422 -676.450927 13.124999 0.000000 -63.000000 0.000000 0.000000 0.000000 1.000000 0.000000 -63.000000 1.000000 0 0 0.000000
15 -307.394287 -905.527282 47.125000 0.000000 159.000000 0.000000 0.000000 0.000000 1.000000 0.000000 159.000000 1.000000 0 0 0.000000
11 -452.006469 -674.509643 40.125000 0.000000 -100.000000 0.000000 0.000000 0.000000 1.000000 0.000000 -100.000000 1.000000 0 0 0.000000
11 -504.024261 -668.974731 40.125000 0.000000 -124.000000 0.000000 0.000000 0.000000 1.000000 0.000000 -124.000000 1.000000 0 0 0.000000
11 -553.327819 -644.704711 40.125000 0.000000 118.000000 0.000000 0.000000 0.000000 1.000000 0.000000 118.000000 1.000000 0 0 0.000000
15 -286.213317 -742.539123 47.125000 0.000000 166.000000 0.000000 0.000000 0.000000 1.000000 0.000000 166.000000 1.000000 0 0 0.000000
15 -191.702590 -684.955932 47.125000 0.000000 -10.000000 0.000000 0.000000 0.000000 1.000000 0.000000 -10.000000 1.000000 0 0 0.000000
15 -321.237365 -1017.913269 111.124992 0.000000 10.000000 0.000000 0.000000 0.000000 1.000000 0.000000 10.000000 1.000000 0 0 0.000000
15 -249.278839 -1450.712280 15.125000 0.000000 -6.000000 0.000000 0.000000 0.000000 1.000000 0.000000 -6.000000 1.000000 0 0 0.000000
15 -232.647384 -1094.954345 111.124992 0.000000 7.000000 0.000000 0.000000 0.000000 1.000000 0.000000 7.000000 1.000000 0 0 0.000000
15 -204.130828 -807.460083 111.124992 0.000000 13.000000 0.000000 0.000000 0.000000 1.000000 0.000000 13.000000 1.000000 0 0 0.000000
15 -203.158401 -903.535339 111.124992 0.000000 -37.000000 0.000000 0.000000 0.000000 1.000000 0.000000 -37.000000 1.000000 0 0 0.000000
15 -379.561859 -1160.699584 15.125000 0.000000 -3.000000 0.000000 0.000000 0.000000 1.000000 0.000000 -3.000000 1.000000 0 0 0.000000
15 -203.348648 -992.200988 111.124992 0.000000 -32.000000 0.000000 0.000000 0.000000 1.000000 0.000000 -32.000000 1.000000 0 0 0.000000
15 -261.895385 -1558.813354 15.125000 0.000000 -6.000000 0.000000 0.000000 0.000000 1.000000 0.000000 -6.000000 1.000000 0 0 0.000000
11 -347.304321 -1622.046508 40.125000 0.000000 -35.000000 0.000000 0.000000 0.000000 1.000000 0.000000 -35.000000 1.000000 0 0 0.000000
13 -217.595520 -1101.910034 45.125000 0.000000 172.000000 0.000000 0.000000 0.000000 1.000000 0.000000 172.000000 1.000000 0 0 0.000000
11 -273.497680 -1167.139648 72.125000 0.000000 175.000000 0.000000 0.000000 0.000000 1.000000 0.000000 175.000000 1.000000 0 0 0.000000
10 -291.213806 -1098.621704 52.125000 0.000000 0.000000 0.000000 0.000000 0.000000 1.000000 0.000000 0.000000 1.000000 0 0 0.000000
15 176.629226 -884.478027 271.125000 0.000000 80.000000 0.000000 0.000000 0.000000 1.000000 0.000000 80.000000 1.000000 0 0 0.000000
15 160.819503 -976.561462 271.125000 0.000000 81.000000 0.000000 0.000000 0.000000 1.000000 0.000000 81.000000 1.000000 0 0 0.000000
15 83.033164 -833.442810 271.125000 0.000000 -9.000000 0.000000 0.000000 0.000000 1.000000 0.000000 -9.000000 1.000000 0 0 0.000000
15 68.230125 -1029.253662 271.125000 0.000000 -3.000000 0.000000 0.000000 0.000000 1.000000 0.000000 -3.000000 1.000000 0 0 0.000000
15 263.122955 -940.310119 271.125000 0.000000 -86.000000 0.000000 0.000000 0.000000 1.000000 0.000000 -86.000000 1.000000 0 0 0.000000
15 -23.334999 -1020.016845 271.125000 0.000000 -4.000000 0.000000 0.000000 0.000000 1.000000 0.000000 -4.000000 1.000000 0 0 0.000000
10 249.689620 -1316.339355 276.125000 0.000000 -1.000000 0.000000 0.000000 0.000000 1.000000 0.000000 -1.000000 1.000000 0 0 0.000000
11 105.812683 -1964.199584 40.125000 0.000000 -90.000000 0.000000 0.000000 0.000000 1.000000 0.000000 -90.000000 1.000000 0 0 0.000000
15 42.730709 -1961.307006 15.125000 0.000000 -94.000000 0.000000 0.000000 0.000000 1.000000 0.000000 -94.000000 1.000000 0 0 0.000000
15 -42.306232 -1965.251586 15.125000 0.000000 -87.000000 0.000000 0.000000 0.000000 1.000000 0.000000 -87.000000 1.000000 0 0 0.000000
13 90.960815 -1881.969360 13.125000 0.000000 -91.000000 0.000000 0.000000 0.000000 1.000000 0.000000 -91.000000 1.000000 0 0 0.000000
10 107.763565 -2028.844360 20.125000 0.000000 89.000000 0.000000 0.000000 0.000000 1.000000 0.000000 89.000000 1.000000 0 0 0.000000
10 -110.733955 -2050.152099 20.125000 0.000000 88.000000 0.000000 0.000000 0.000000 1.000000 0.000000 88.000000 1.000000 0 0 0.000000
10 -179.629425 -1603.977783 20.125000 0.000000 -178.000000 0.000000 0.000000 0.000000 1.000000 0.000000 -178.000000 1.000000 0 0 0.000000
11 -185.463790 -1533.535644 40.125000 0.000000 162.000000 0.000000 0.000000 0.000000 1.000000 0.000000 162.000000 1.000000 0 0 0.000000
10 414.692565 -256.750091 20.125000 0.000000 102.000000 0.000000 0.000000 0.000000 1.000000 -40.000000 102.000000 1.000000 0 0 0.000000
15 -780.477539 -1425.769897 -112.875000 0.000000 80.000000 0.000000 0.000000 0.000000 1.000000 0.000000 80.000000 1.000000 0 0 0.000000
15 -792.995239 -1680.785888 -112.875000 0.000000 -92.000000 0.000000 0.000000 0.000000 1.000000 0.000000 -92.000000 1.000000 0 0 0.000000
15 -992.458251 -1674.736206 -112.875000 0.000000 138.000000 0.000000 0.000000 0.000000 1.000000 0.000000 138.000000 1.000000 0 0 0.000000
11 -1172.754394 -1722.464355 -87.875000 0.000000 77.000000 0.000000 0.000000 0.000000 1.000000 0.000000 77.000000 1.000000 0 0 0.000000
11 -442.803283 -2199.844726 40.250000 0.000000 0.000000 0.000000 0.000000 0.000000 1.000000 0.000000 0.000000 1.000000 0 0 0.000000
15 -1013.724792 -1767.432006 -112.875000 0.000000 -178.000000 0.000000 0.000000 0.000000 1.000000 0.000000 -178.000000 1.000000 0 0 0.000000
11 -442.794738 -2260.342773 40.250000 0.000000 0.000000 0.000000 0.000000 0.000000 1.000000 0.000000 0.000000 1.000000 0 0 0.000000
11 -43.808917 -2668.163085 40.125000 0.000000 -88.000000 0.000000 0.000000 0.000000 1.000000 0.000000 -88.000000 1.000000 0 0 0.000000
10 -1089.836059 -1715.929321 -107.875000 0.000000 18.000000 0.000000 0.000000 0.000000 1.000000 0.000000 18.000000 1.000000 0 0 0.000000
11 -1080.854980 -1813.193847 -87.875000 0.000000 -44.000000 0.000000 0.000000 0.000000 1.000000 0.000000 -44.000000 1.000000 0 0 0.000000
11 -1050.491821 -2165.877685 -87.875000 0.000000 -3.000000 0.000000 0.000000 0.000000 1.000000 0.000000 -3.000000 1.000000 0 0 0.000000
11 -1053.086791 -2210.459472 -87.875000 0.000000 -3.000000 0.000000 0.000000 0.000000 1.000000 0.000000 -3.000000 1.000000 0 0 0.000000
11 -1055.964965 -2260.972900 -87.875000 0.000000 -3.000000 0.000000 0.000000 0.000000 1.000000 0.000000 -3.000000 1.000000 0 0 0.000000
11 -1059.961914 -2310.685302 -87.875000 0.000000 -11.000000 0.000000 0.000000 0.000000 1.000000 0.000000 -11.000000 1.000000 0 0 0.000000
14 -906.048156 -1772.234375 -120.875000 0.000000 160.000000 0.000000 0.000000 0.000000 1.000000 0.000000 160.000000 1.000000 1 0 0.000000
11 -1051.900634 -2093.079833 -87.875000 0.000000 -86.000000 0.000000 0.000000 0.000000 1.000000 0.000000 -86.000000 1.000000 0 0 0.000000
11 46.375995 -2665.743408 40.125000 0.000000 -88.000000 0.000000 0.000000 0.000000 1.000000 0.000000 -88.000000 1.000000 0 0 0.000000
11 0.893391 -2666.990478 40.125000 0.000000 -88.000000 0.000000 0.000000 0.000000 1.000000 0.000000 -88.000000 1.000000 0 0 0.000000
10 -989.560668 -2299.832031 -107.875000 0.000000 -174.000000 0.000000 0.000000 0.000000 1.000000 0.000000 -174.000000 1.000000 0 0 0.000000
11 90.404891 -2660.068603 40.125000 0.000000 -87.000000 0.000000 0.000000 0.000000 1.000000 0.000000 -87.000000 1.000000 0 0 0.000000
11 80.083915 -2711.360107 40.125000 0.000000 86.000000 0.000000 0.000000 0.000000 1.000000 0.000000 86.000000 1.000000 0 0 0.000000
11 -91.314498 -2678.930908 40.125000 0.000000 -99.000000 0.000000 0.000000 0.000000 1.000000 0.000000 -99.000000 1.000000 0 0 0.000000
11 -66.112365 -2725.247070 40.125000 0.000000 94.000000 0.000000 0.000000 0.000000 1.000000 0.000000 94.000000 1.000000 0 0 0.000000
11 -17.850481 -2716.267333 40.125000 0.000000 89.000000 0.000000 0.000000 0.000000 1.000000 0.000000 89.000000 1.000000 0 0 0.000000
10 -7.296750 -2886.695068 20.125000 0.000000 87.000000 0.000000 0.000000 0.000000 1.000000 -3.535239 87.000000 1.000000 0 0 0.000000
11 34.026615 -2716.589843 40.125000 0.000000 88.000000 0.000000 0.000000 0.000000 1.000000 0.000000 88.000000 1.000000 0 0 0.000000
15 391.290161 -3032.665527 207.125000 0.000000 -102.000000 0.000000 0.000000 0.000000 1.000000 0.000000 -102.000000 1.000000 0 0 0.000000
2 226.296798 103.836051 975.125000 0.000000 8.000000 0.000000 0.000000 0.000000 1.000000 0.000000 8.000000 1.000000 0 0 0.000000
10 -21.696346 -2480.028564 20.125000 0.000000 -88.000000 0.000000 0.000000 0.000000 1.000000 0.000000 -88.000000 1.000000 0 0 0.000000
1 189.586196 -568.446472 255.125000 0.000000 -135.000000 0.000000 0.000000 0.000000 1.000000 0.000000 -135.000000 1.000000 0 0 0.000000
4 859.727539 -300.024291 -112.875000 0.000000 80.000000 0.000000 0.000000 0.000000 1.000000 0.000000 80.000000 1.000000 0 0 0.000000
6 185.780120 -240.789306 9.125000 0.000000 35.000000 0.000000 0.000000 0.000000 1.000000 0.000000 35.000000 1.000000 0 0 0.000000
15 -243.997970 -2998.670654 207.125000 0.000000 -145.000000 0.000000 0.000000 0.000000 1.000000 0.000000 -145.000000 1.000000 0 0 0.000000
15 275.217712 -3021.722412 207.125000 0.000000 -23.000000 0.000000 0.000000 0.000000 1.000000 0.000000 -23.000000 1.000000 0 0 0.000000
15 -334.431182 -2961.152587 207.125000 0.000000 -26.000000 0.000000 0.000000 0.000000 1.000000 0.000000 -26.000000 1.000000 0 0 0.000000
6 5.724987 888.755859 201.125000 0.000000 -157.000000 0.000000 0.000000 0.000000 1.000000 0.000000 -157.000000 1.000000 0 0 0.000000
15 -405.969329 -3043.183349 207.125000 0.000000 -137.000000 0.000000 0.000000 0.000000 1.000000 0.000000 -137.000000 1.000000 0 0 0.000000
14 -141.080505 -542.971008 -136.875000 0.000000 119.000000 0.000000 0.000000 0.000000 1.000000 0.000000 119.000000 1.000000 1 0 0.000000
15 18.075572 -928.727294 -272.875000 0.000000 1.000000 0.000000 0.000000 0.000000 1.000000 0.000000 1.000000 1.000000 0 0 0.000000
14 -133.315414 -1319.736206 -136.875000 0.000000 -144.000000 0.000000 0.000000 0.000000 1.000000 0.000000 -144.000000 1.000000 1 0 0.000000
13 -217.329925 -865.092529 -274.875000 0.000000 -175.000000 0.000000 0.000000 0.000000 1.000000 0.000000 -175.000000 1.000000 0 0 0.000000
11 341.876373 -925.534729 -247.875000 0.000000 -178.000000 0.000000 0.000000 0.000000 1.000000 0.000000 -178.000000 1.000000 0 0 0.000000
15 598.999023 -930.182373 -144.875000 0.000000 158.000000 0.000000 0.000000 0.000000 1.000000 0.000000 158.000000 1.000000 0 0 0.000000
13 -214.280838 -988.464233 -274.875000 0.000000 -175.000000 0.000000 0.000000 0.000000 1.000000 0.000000 -175.000000 1.000000 0 0 0.000000
11 -53.940341 -997.157653 -247.875000 0.000000 93.000000 0.000000 0.000000 0.000000 1.000000 0.000000 93.000000 1.000000 0 0 0.000000
13 217.585205 -921.835388 -274.875000 0.000000 -2.000000 0.000000 0.000000 0.000000 1.000000 0.000000 -2.000000 1.000000 0 0 0.000000
11 -205.053894 -923.683471 -247.875000 0.000000 -177.000000 0.000000 0.000000 0.000000 1.000000 0.000000 -177.000000 1.000000 0 0 0.000000
11 -49.293182 -864.208007 -247.875000 0.000000 -115.000000 0.000000 0.000000 0.000000 1.000000 0.000000 -115.000000 1.000000 0 0 0.000000
11 -660.500244 -991.660949 -119.875000 0.000000 -4.000000 0.000000 0.000000 0.000000 1.000000 0.000000 -4.000000 1.000000 0 0 0.000000
10 -350.612518 -918.302368 -267.875000 0.000000 -10.000000 0.000000 0.000000 0.000000 1.000000 0.000000 -10.000000 1.000000 0 0 0.000000
10 -716.185058 -980.925170 -139.875000 0.000000 -3.000000 0.000000 0.000000 0.000000 1.000000 0.000000 -3.000000 1.000000 0 0 0.000000
13 -859.545104 -1323.785888 -114.875000 0.000000 89.000000 0.000000 0.000000 0.000000 1.000000 0.000000 89.000000 1.000000 0 0 0.000000
4 50.451026 1521.527221 308.296112 0.000000 3.000000 135.000000 0.000000 -0.707106 -0.707106 0.000000 3.000000 -0.707106 0 0 0.000000
11 128.872207 763.290222 232.125000 0.000000 100.000000 0.000000 0.000000 0.000000 1.000000 0.000000 100.000000 1.000000 0 0 0.000000
2 1019.433593 153.441268 95.124992 0.000000 -170.000000 0.000000 0.000000 0.000000 1.000000 0.000000 -170.000000 1.000000 0 0 0.000000
6 1061.428344 167.768798 -118.875000 0.000000 149.000000 0.000000 0.000000 0.000000 1.000000 0.000000 149.000000 1.000000 0 0 0.000000
11 74.011833 759.328369 232.125000 0.000000 83.000000 0.000000 0.000000 0.000000 1.000000 0.000000 83.000000 1.000000 0 0 0.000000
4 -139.507202 601.369445 15.125000 0.000000 32.000000 0.000000 0.000000 0.000000 1.000000 0.000000 32.000000 1.000000 0 0 0.000000
11 -135.487335 765.488525 232.125000 0.000000 163.000000 0.000000 0.000000 0.000000 1.000000 0.000000 163.000000 1.000000 0 0 0.000000
11 19.330986 765.203369 232.125000 0.000000 83.000000 0.000000 0.000000 0.000000 1.000000 0.000000 83.000000 1.000000 0 0 0.000000
11 -25.300003 769.855346 232.125000 0.000000 83.000000 0.000000 0.000000 0.000000 1.000000 0.000000 83.000000 1.000000 0 0 0.000000
11 -76.124725 775.290771 232.125000 0.000000 83.000000 0.000000 0.000000 0.000000 1.000000 0.000000 83.000000 1.000000 0 0 0.000000
11 95.818923 811.249450 232.125000 0.000000 -80.000000 0.000000 0.000000 0.000000 1.000000 0.000000 -80.000000 1.000000 0 0 0.000000
11 -50.545375 830.099670 232.125000 0.000000 -107.000000 0.000000 0.000000 0.000000 1.000000 0.000000 -107.000000 1.000000 0 0 0.000000
11 -804.793029 -1250.257690 -93.551216 0.000000 88.000000 0.000000 0.000000 0.141421 0.989949 0.000000 88.000000 1.000000 0 0 0.000000
11 49.460205 813.917236 232.125000 0.000000 -96.000000 0.000000 0.000000 0.000000 1.000000 0.000000 -96.000000 1.000000 0 0 0.000000
11 -1.308338 819.547668 232.125000 0.000000 -109.000000 0.000000 0.000000 0.000000 1.000000 0.000000 -109.000000 1.000000 0 0 0.000000
11 -100.905563 836.853454 232.125000 0.000000 -103.000000 0.000000 0.000000 0.000000 1.000000 0.000000 -103.000000 1.000000 0 0 0.000000
10 4.297199 1004.679443 212.125000 0.000000 -89.000000 0.000000 0.000000 0.000000 1.000000 -2.085819 -89.000000 1.000000 0 0 0.000000
11 -656.906982 -945.723205 -119.875000 0.000000 -4.000000 0.000000 0.000000 0.000000 1.000000 0.000000 -4.000000 1.000000 0 0 0.000000
13 -757.574523 -1192.921142 -126.885009 0.000000 -9.000000 0.000000 0.000000 0.141421 0.989949 0.000000 -9.000000 1.000000 0 0 0.000000
11 -651.909667 -880.773437 -119.875000 0.000000 -4.000000 0.000000 0.000000 0.000000 1.000000 0.000000 -4.000000 1.000000 0 0 0.000000
10 124.213294 378.876525 212.125000 0.000000 -2.000000 0.000000 0.000000 0.000000 1.000000 -1.428755 -2.000000 1.000000 0 0 0.000000
15 118.569435 232.494628 271.125000 0.000000 -95.000000 0.000000 0.000000 0.000000 1.000000 0.000000 -95.000000 1.000000 0 0 0.000000
10 -263.755462 237.859664 356.125000 0.000000 -2.000000 0.000000 0.000000 0.000000 1.000000 0.000000 -2.000000 1.000000 0 0 0.000000
15 -204.210571 344.562866 351.125000 0.000000 -93.000000 0.000000 0.000000 0.000000 1.000000 0.000000 -93.000000 1.000000 0 0 0.000000
10 -133.666809 379.444000 212.125000 0.000000 178.000000 0.000000 0.000000 0.000000 1.000000 -2.561886 178.000000 1.000000 0 0 0.000000
15 -159.272903 242.011734 351.125000 0.000000 46.000000 0.000000 0.000000 0.000000 1.000000 0.000000 46.000000 1.000000 0 0 0.000000
11 130.614196 167.835800 296.125000 0.000000 0.000000 0.000000 0.000000 0.000000 1.000000 0.000000 0.000000 1.000000 0 0 0.000000
11 -130.280563 156.396133 296.125000 0.000000 -178.000000 0.000000 0.000000 0.000000 1.000000 0.000000 -178.000000 1.000000 0 0 0.000000
10 51.197536 261.347686 276.125000 0.000000 12.000000 0.000000 0.000000 0.000000 1.000000 -346.901672 12.000000 1.000000 0 0 0.000000
15 -121.228904 487.148925 351.125000 0.000000 -34.000000 0.000000 0.000000 0.000000 1.000000 0.000000 -34.000000 1.000000 0 0 0.000000
11 -543.041442 720.950561 376.125000 0.000000 171.000000 0.000000 0.000000 0.000000 1.000000 0.000000 171.000000 1.000000 0 0 0.000000
10 257.321380 232.186004 356.125000 0.000000 -175.000000 0.000000 0.000000 0.000000 1.000000 0.000000 -175.000000 1.000000 0 0 0.000000
11 176.870605 547.727539 376.125000 0.000000 89.000000 0.000000 0.000000 0.000000 1.000000 0.000000 89.000000 1.000000 0 0 0.000000
11 176.790771 483.926971 376.125000 0.000000 89.000000 0.000000 0.000000 0.000000 1.000000 0.000000 89.000000 1.000000 0 0 0.000000
11 176.717300 416.572418 376.125000 0.000000 89.000000 0.000000 0.000000 0.000000 1.000000 0.000000 89.000000 1.000000 0 0 0.000000
1 -16.051733 -3116.836181 379.125000 0.000000 92.000000 0.000000 0.000000 0.000000 1.000000 0.000000 92.000000 1.000000 0 0 0.000000
2 -285.282318 296.263488 591.125000 0.000000 -92.000000 0.000000 0.000000 0.000000 1.000000 0.000000 -92.000000 1.000000 0 0 0.000000
1 -89.307113 -3110.327392 379.125000 0.000000 93.000000 0.000000 0.000000 0.000000 1.000000 0.000000 93.000000 1.000000 0 0 0.000000
1 49.993091 -3116.532958 379.125000 0.000000 79.000000 0.000000 0.000000 0.000000 1.000000 0.000000 79.000000 1.000000 0 0 0.000000
1 380.940765 760.709045 351.125000 0.000000 106.000000 0.000000 0.000000 0.000000 1.000000 0.000000 106.000000 1.000000 0 0 0.000000
11 10.132362 737.552917 40.125000 0.000000 -126.000000 0.000000 0.000000 0.000000 1.000000 0.000000 -126.000000 1.000000 0 0 0.000000
15 -203.699020 510.533325 351.125000 0.000000 -87.000000 0.000000 0.000000 0.000000 1.000000 0.000000 -87.000000 1.000000 0 0 0.000000
15 -386.013275 564.308166 351.125000 0.000000 -97.000000 0.000000 0.000000 0.000000 1.000000 0.000000 -97.000000 1.000000 0 0 0.000000
15 -302.511596 521.231933 351.125000 0.000000 -87.000000 0.000000 0.000000 0.000000 1.000000 0.000000 -87.000000 1.000000 0 0 0.000000
15 -470.760406 603.602172 351.125000 0.000000 -97.000000 0.000000 0.000000 0.000000 1.000000 0.000000 -97.000000 1.000000 0 0 0.000000
14 -380.224487 755.951171 343.125000 0.000000 140.000000 0.000000 0.000000 0.000000 1.000000 0.000000 140.000000 1.000000 1 0 0.000000
11 -498.610992 735.687866 376.125000 0.000000 137.000000 0.000000 0.000000 0.000000 1.000000 0.000000 137.000000 1.000000 0 0 0.000000
15 -138.830245 683.741943 351.125000 0.000000 54.000000 0.000000 0.000000 0.000000 1.000000 0.000000 54.000000 1.000000 0 0 0.000000
11 -453.650787 703.922729 376.125000 0.000000 174.000000 0.000000 0.000000 0.000000 1.000000 0.000000 174.000000 1.000000 0 0 0.000000
11 -397.319488 697.778320 376.125000 0.000000 162.000000 0.000000 0.000000 0.000000 1.000000 0.000000 162.000000 1.000000 0 0 0.000000
11 -346.236511 697.935729 376.125000 0.000000 154.000000 0.000000 0.000000 0.000000 1.000000 0.000000 154.000000 1.000000 0 0 0.000000
11 -299.263702 697.100952 376.125000 0.000000 154.000000 0.000000 0.000000 0.000000 1.000000 0.000000 154.000000 1.000000 0 0 0.000000
11 -204.916778 712.000427 376.125000 0.000000 87.000000 0.000000 0.000000 0.000000 1.000000 0.000000 87.000000 1.000000 0 0 0.000000
10 -270.604553 181.370223 356.125000 0.000000 -8.000000 0.000000 0.000000 0.000000 1.000000 0.000000 -8.000000 1.000000 0 0 0.000000
15 -294.908386 329.946716 351.125000 0.000000 -124.000000 0.000000 0.000000 0.000000 1.000000 0.000000 -124.000000 1.000000 0 0 0.000000
9 229.653427 705.672912 196.125000 0.000000 7.000000 0.000000 0.000000 0.000000 1.000000 0.000000 7.000000 1.000000 0 0 0.000000
11 -719.425231 255.357894 424.125000 0.000000 -58.000000 0.000000 0.000000 0.000000 1.000000 0.000000 -58.000000 1.000000 0 0 0.000000
11 -250.708511 702.173645 376.125000 0.000000 22.000000 0.000000 0.000000 0.000000 1.000000 0.000000 22.000000 1.000000 0 0 0.000000
2 473.356781 483.296417 591.125000 0.000000 -179.000000 0.000000 0.000000 0.000000 1.000000 0.000000 -179.000000 1.000000 0 0 0.000000
4 -260.718170 396.116516 351.125000 0.000000 -161.000000 0.000000 0.000000 0.000000 1.000000 0.000000 -161.000000 1.000000 0 0 0.000000
11 -376.924285 -105.402275 424.125000 0.000000 -90.000000 0.000000 0.000000 0.000000 1.000000 0.000000 -90.000000 1.000000 0 0 0.000000
11 51.670772 1336.280273 264.125000 0.000000 116.000000 0.000000 0.000000 0.000000 1.000000 0.000000 116.000000 1.000000 0 0 0.000000
11 -46.620376 1339.178833 264.125000 0.000000 100.000000 0.000000 0.000000 0.000000 1.000000 0.000000 100.000000 1.000000 0 0 0.000000
11 -0.100498 1338.036865 264.125000 0.000000 76.000000 0.000000 0.000000 0.000000 1.000000 0.000000 76.000000 1.000000 0 0 0.000000
15 78.220825 1419.484863 239.125015 0.000000 -38.000000 0.000000 0.000000 0.000000 1.000000 0.000000 -38.000000 1.000000 0 0 0.000000
15 -77.197723 1406.734008 239.125015 0.000000 -176.000000 0.000000 0.000000 0.000000 1.000000 0.000000 -176.000000 1.000000 0 0 0.000000
13 -396.575042 1150.181274 205.125000 0.000000 138.000000 0.000000 0.000000 0.000000 1.000000 0.000000 138.000000 1.000000 0 0 0.000000
11 103.925514 1164.099487 40.125000 0.000000 -87.000000 0.000000 0.000000 0.000000 1.000000 0.000000 -87.000000 1.000000 0 0 0.000000
15 -251.493972 1179.520019 207.125000 0.000000 80.000000 0.000000 0.000000 0.000000 1.000000 0.000000 80.000000 1.000000 0 0 0.000000
10 -74.322738 1176.140991 212.125000 0.000000 87.000000 0.000000 0.000000 0.000000 1.000000 -4.008586 87.000000 1.000000 0 0 0.000000
11 -321.980682 1169.642211 232.125000 0.000000 116.000000 0.000000 0.000000 0.000000 1.000000 0.000000 116.000000 1.000000 0 0 0.000000
15 -140.330642 1189.801147 207.125000 0.000000 99.000000 0.000000 0.000000 0.000000 1.000000 0.000000 99.000000 1.000000 0 0 0.000000
11 -56.094749 1291.990844 264.125000 0.000000 11.000000 0.000000 0.000000 0.000000 1.000000 0.000000 11.000000 1.000000 0 0 0.000000
11 65.280364 1290.317138 264.125000 0.000000 16.000000 0.000000 0.000000 0.000000 1.000000 0.000000 16.000000 1.000000 0 0 0.000000
10 77.796722 1165.525268 212.125000 0.000000 85.000000 0.000000 0.000000 0.000000 1.000000 -1.640882 85.000000 1.000000 0 0 0.000000
11 -36.432418 1185.991210 296.125000 0.000000 97.000000 0.000000 0.000000 0.000000 1.000000 0.000000 97.000000 1.000000 0 0 0.000000
11 -57.036037 1245.466552 264.125000 0.000000 -13.000000 0.000000 0.000000 0.000000 1.000000 0.000000 -13.000000 1.000000 0 0 0.000000
11 67.621665 1236.022216 264.125000 0.000000 -11.000000 0.000000 0.000000 0.000000 1.000000 0.000000 -11.000000 1.000000 0 0 0.000000
11 423.922088 1173.855346 232.125000 0.000000 80.000000 0.000000 0.000000 0.000000 1.000000 0.000000 80.000000 1.000000 0 0 0.000000
11 377.633605 1163.125000 232.125000 0.000000 11.000000 0.000000 0.000000 0.000000 1.000000 0.000000 11.000000 1.000000 0 0 0.000000
11 332.336669 1170.324340 232.125000 0.000000 33.000000 0.000000 0.000000 0.000000 1.000000 0.000000 33.000000 1.000000 0 0 0.000000
11 266.358245 1173.256835 232.125000 0.000000 53.000000 0.000000 0.000000 0.000000 1.000000 0.000000 53.000000 1.000000 0 0 0.000000
15 144.898712 1185.916015 207.125000 0.000000 98.000000 0.000000 0.000000 0.000000 1.000000 0.000000 98.000000 1.000000 0 0 0.000000
11 209.387664 1168.274780 232.125000 0.000000 58.000000 0.000000 0.000000 0.000000 1.000000 0.000000 58.000000 1.000000 0 0 0.000000
11 44.587741 1190.829345 296.125000 0.000000 68.000000 0.000000 0.000000 0.000000 1.000000 0.000000 68.000000 1.000000 0 0 0.000000
14 315.221496 1504.491821 263.125000 0.000000 -10.000000 0.000000 0.000000 0.000000 1.000000 0.000000 -10.000000 1.000000 1 0 0.000000
14 -348.645416 1503.243041 263.125000 0.000000 -6.000000 0.000000 0.000000 0.000000 1.000000 0.000000 -6.000000 1.000000 1 0 0.000000
11 38.668136 1170.870117 40.125000 0.000000 -90.000000 0.000000 0.000000 0.000000 1.000000 0.000000 -90.000000 1.000000 0 0 0.000000
11 -19.973093 1171.796875 40.125000 0.000000 -90.000000 0.000000 0.000000 0.000000 1.000000 0.000000 -90.000000 1.000000 0 0 0.000000
11 -74.900840 1172.661010 40.125000 0.000000 -90.000000 0.000000 0.000000 0.000000 1.000000 0.000000 -90.000000 1.000000 0 0 0.000000
11 -131.944778 1184.124023 40.125000 0.000000 -96.000000 0.000000 0.000000 0.000000 1.000000 0.000000 -96.000000 1.000000 0 0 0.000000
10 2.721019 1056.536499 20.125000 0.000000 89.000000 0.000000 0.000000 0.000000 1.000000 0.000000 89.000000 1.000000 0 0 0.000000
11 265.605926 421.736816 376.125000 0.000000 -85.000000 0.000000 0.000000 0.000000 1.000000 0.000000 -85.000000 1.000000 0 0 0.000000
11 264.716796 475.752899 376.125000 0.000000 68.000000 0.000000 0.000000 0.000000 1.000000 0.000000 68.000000 1.000000 0 0 0.000000
11 257.032714 530.432739 376.125000 0.000000 67.000000 0.000000 0.000000 0.000000 1.000000 0.000000 67.000000 1.000000 0 0 0.000000
11 255.846389 578.162353 376.125000 0.000000 67.000000 0.000000 0.000000 0.000000 1.000000 0.000000 67.000000 1.000000 0 0 0.000000
11 257.268005 629.172607 376.125000 0.000000 -95.000000 0.000000 0.000000 0.000000 1.000000 0.000000 -95.000000 1.000000 0 0 0.000000
11 262.205413 675.366455 376.125000 0.000000 -95.000000 0.000000 0.000000 0.000000 1.000000 0.000000 -95.000000 1.000000 0 0 0.000000
11 109.434661 862.096191 40.125000 0.000000 -82.000000 0.000000 0.000000 0.000000 1.000000 0.000000 -82.000000 1.000000 0 0 0.000000
11 62.937156 815.615844 40.125000 0.000000 -83.000000 0.000000 0.000000 0.000000 1.000000 0.000000 -83.000000 1.000000 0 0 0.000000
11 -48.434871 816.186462 40.125000 0.000000 -86.000000 0.000000 0.000000 0.000000 1.000000 0.000000 -86.000000 1.000000 0 0 0.000000
11 -77.583435 867.598205 40.125000 0.000000 -107.000000 0.000000 0.000000 0.000000 1.000000 0.000000 -107.000000 1.000000 0 0 0.000000
11 151.359252 566.142944 40.125000 0.000000 44.000000 0.000000 0.000000 0.000000 1.000000 0.000000 44.000000 1.000000 0 0 0.000000
11 11.468070 586.347167 40.125000 0.000000 -90.000000 0.000000 0.000000 0.000000 1.000000 0.000000 -90.000000 1.000000 0 0 0.000000
11 226.264389 459.266113 40.125000 0.000000 -165.000000 0.000000 0.000000 0.000000 1.000000 0.000000 -165.000000 1.000000 0 0 0.000000
11 269.332885 337.727081 40.125000 0.000000 -71.000000 0.000000 0.000000 0.000000 1.000000 0.000000 -71.000000 1.000000 0 0 0.000000
11 214.060180 303.621032 40.125000 0.000000 127.000000 0.000000 0.000000 0.000000 1.000000 0.000000 127.000000 1.000000 0 0 0.000000
11 268.948486 275.406982 40.125000 0.000000 113.000000 0.000000 0.000000 0.000000 1.000000 0.000000 113.000000 1.000000 0 0 0.000000
11 317.162414 279.359680 40.125000 0.000000 92.000000 0.000000 0.000000 0.000000 1.000000 0.000000 92.000000 1.000000 0 0 0.000000
11 358.858001 326.197052 40.125000 0.000000 82.000000 0.000000 0.000000 0.000000 1.000000 0.000000 82.000000 1.000000 0 0 0.000000
11 -222.866439 325.017181 40.125000 0.000000 82.000000 0.000000 0.000000 0.000000 1.000000 0.000000 82.000000 1.000000 0 0 0.000000
11 -272.031646 320.769561 40.125000 0.000000 104.000000 0.000000 0.000000 0.000000 1.000000 0.000000 104.000000 1.000000 0 0 0.000000
11 -340.576416 326.912567 40.125000 0.000000 92.000000 0.000000 0.000000 0.000000 1.000000 0.000000 92.000000 1.000000 0 0 0.000000
15 -181.644317 256.804382 15.125000 0.000000 145.000000 0.000000 0.000000 0.000000 1.000000 0.000000 145.000000 1.000000 0 0 0.000000
15 143.964599 270.317382 15.125000 0.000000 5.000000 0.000000 0.000000 0.000000 1.000000 0.000000 5.000000 1.000000 0 0 0.000000
11 1.970600 83.790969 40.125000 0.000000 88.000000 0.000000 0.000000 0.000000 1.000000 0.000000 88.000000 1.000000 0 0 0.000000
11 100.776290 -103.650512 40.125000 0.000000 -69.000000 0.000000 0.000000 0.000000 1.000000 0.000000 -69.000000 1.000000 0 0 0.000000
13 -7.640480 279.126464 13.125000 0.000000 1.000000 0.000000 0.000000 0.000000 1.000000 0.000000 1.000000 1.000000 0 0 0.000000
11 52.761520 -102.440086 40.125000 0.000000 -84.000000 0.000000 0.000000 0.000000 1.000000 0.000000 -84.000000 1.000000 0 0 0.000000
11 -4.854142 -97.327583 40.125000 0.000000 -89.000000 0.000000 0.000000 0.000000 1.000000 0.000000 -89.000000 1.000000 0 0 0.000000
11 -61.331516 -97.424034 40.125000 0.000000 -89.000000 0.000000 0.000000 0.000000 1.000000 0.000000 -89.000000 1.000000 0 0 0.000000
11 -105.550582 -97.396354 40.125000 0.000000 -92.000000 0.000000 0.000000 0.000000 1.000000 0.000000 -92.000000 1.000000 0 0 0.000000
11 -1.956848 32.978321 40.125000 0.000000 170.000000 0.000000 0.000000 0.000000 1.000000 0.000000 170.000000 1.000000 0 0 0.000000
11 -104.404006 -153.489410 44.125000 0.000000 89.000000 0.000000 0.000000 0.000000 1.000000 0.000000 89.000000 1.000000 0 0 0.000000
11 90.836639 -158.481094 44.125000 0.000000 36.000000 0.000000 0.000000 0.000000 1.000000 0.000000 36.000000 1.000000 0 0 0.000000
11 -4.694563 -153.549819 44.125000 0.000000 89.000000 0.000000 0.000000 0.000000 1.000000 0.000000 89.000000 1.000000 0 0 0.000000
11 329.478088 -474.452880 40.125000 0.000000 -36.000000 0.000000 0.000000 0.000000 1.000000 0.000000 -36.000000 1.000000 0 0 0.000000
11 45.723434 -153.715545 44.125000 0.000000 89.000000 0.000000 0.000000 0.000000 1.000000 0.000000 89.000000 1.000000 0 0 0.000000
11 349.806488 -264.188201 40.125000 0.000000 -11.000000 0.000000 0.000000 0.000000 1.000000 0.000000 -11.000000 1.000000 0 0 0.000000
11 356.490386 -219.941268 40.125000 0.000000 12.000000 0.000000 0.000000 0.000000 1.000000 0.000000 12.000000 1.000000 0 0 0.000000
11 328.582763 -368.231414 40.125000 0.000000 -11.000000 0.000000 0.000000 0.000000 1.000000 0.000000 -11.000000 1.000000 0 0 0.000000
11 -53.646018 -153.521423 44.125000 0.000000 89.000000 0.000000 0.000000 0.000000 1.000000 0.000000 89.000000 1.000000 0 0 0.000000
11 338.894683 -317.473236 40.125000 0.000000 -11.000000 0.000000 0.000000 0.000000 1.000000 0.000000 -11.000000 1.000000 0 0 0.000000
11 317.807281 -421.191314 40.125000 0.000000 -11.000000 0.000000 0.000000 0.000000 1.000000 0.000000 -11.000000 1.000000 0 0 0.000000
15 1023.223754 343.698822 -112.875000 0.000000 -22.000000 0.000000 0.000000 0.000000 1.000000 0.000000 -22.000000 1.000000 0 0 0.000000
2 14.820074 1255.914306 379.125000 0.000000 -81.000000 0.000000 0.000000 0.000000 1.000000 0.000000 -81.000000 1.000000 0 0 0.000000
2 -352.840484 466.756988 591.125000 0.000000 88.000000 0.000000 0.000000 0.000000 1.000000 0.000000 88.000000 1.000000 0 0 0.000000
15 1029.798828 432.755859 -112.875000 0.000000 3.000000 0.000000 0.000000 0.000000 1.000000 0.000000 3.000000 1.000000 0 0 0.000000
11 1068.078735 242.515869 -87.875000 0.000000 103.000000 0.000000 0.000000 0.000000 1.000000 0.000000 103.000000 1.000000 0 0 0.000000
10 1104.498535 436.700714 -107.875000 0.000000 103.000000 0.000000 0.000000 0.000000 1.000000 0.000000 103.000000 1.000000 0 0 0.000000
14 1159.085815 329.915435 -120.875000 0.000000 78.000000 0.000000 0.000000 0.000000 1.000000 0.000000 78.000000 1.000000 1 0 0.000000
15 1067.846923 71.578872 -112.875000 0.000000 96.000000 0.000000 0.000000 0.000000 1.000000 0.000000 96.000000 1.000000 0 0 0.000000
15 1166.082885 -18.483230 -112.875000 0.000000 85.000000 0.000000 0.000000 0.000000 1.000000 0.000000 85.000000 1.000000 0 0 0.000000
13 747.012512 -734.674438 -137.112930 0.000000 117.000000 0.000000 0.000000 -0.141421 0.989949 0.000000 117.000000 1.000000 0 0 0.000000
10 1188.438354 -96.152572 -107.875000 0.000000 20.000000 0.000000 0.000000 0.000000 1.000000 0.000000 20.000000 1.000000 0 0 0.000000
11 1140.398925 -93.585845 -87.875000 0.000000 29.000000 0.000000 0.000000 0.000000 1.000000 0.000000 29.000000 1.000000 0 0 0.000000
15 848.979431 -238.127227 -112.875000 0.000000 -78.000000 0.000000 0.000000 0.000000 1.000000 0.000000 -78.000000 1.000000 0 0 0.000000
15 756.271057 -365.536956 -112.875000 0.000000 -91.000000 0.000000 0.000000 0.000000 1.000000 0.000000 -91.000000 1.000000 0 0 0.000000
11 624.112976 -996.478088 -119.875000 0.000000 173.000000 0.000000 0.000000 0.000000 1.000000 0.000000 173.000000 1.000000 0 0 0.000000
11 668.752258 -880.027099 -119.875000 0.000000 -167.000000 0.000000 0.000000 0.000000 1.000000 0.000000 -167.000000 1.000000 0 0 0.000000
