15 -4014.427246 553.418701 79.625000 0.000000 76.000000 0.000000 0.000000 0.000000 1.000000 0.000000 76.000000 1.000000 0 0 0.000000
11 -4007.168457 469.150054 104.625000 0.000000 92.000000 0.000000 0.000000 0.000000 1.000000 0.000000 92.000000 1.000000 0 0 0.000000
15 -4012.034667 716.937988 79.625000 0.000000 -88.000000 0.000000 0.000000 0.000000 1.000000 0.000000 -88.000000 1.000000 0 0 0.000000
10 -4004.191650 399.467712 84.625000 0.000000 92.000000 0.000000 0.000000 0.000000 1.000000 0.000000 92.000000 1.000000 0 0 0.000000
15 -4424.670898 1343.523681 463.625000 0.000000 92.000000 0.000000 0.000000 0.000000 1.000000 0.000000 92.000000 1.000000 0 0 0.000000
15 -4522.815429 1349.531372 463.625000 0.000000 88.000000 0.000000 0.000000 0.000000 1.000000 0.000000 88.000000 1.000000 0 0 0.000000
15 -4621.081054 1346.109130 463.625000 0.000000 98.000000 0.000000 0.000000 0.000000 1.000000 0.000000 98.000000 1.000000 0 0 0.000000
11 -4349.655273 1339.036376 472.038299 0.000000 94.000000 0.000000 0.351123 0.000000 0.936329 0.000000 94.000000 1.000000 0 0 0.000000
11 -4466.247070 1402.180175 488.225006 0.000000 -179.000000 0.000000 0.000000 0.000000 0.000000 0.000000 -179.000000 1.000000 0 0 0.000000
15 -4011.157714 636.344421 79.224998 0.000000 -4.000000 0.000000 0.000000 0.000000 0.000000 0.000000 -4.000000 1.000000 0 0 0.000000
11 -3386.094238 583.374511 184.125000 0.000000 10.000000 0.000000 0.000000 0.000000 1.000000 0.000000 10.000000 1.000000 0 0 0.000000
11 -3390.538818 587.428466 264.250000 0.000000 -60.000000 0.000000 0.000000 0.000000 1.000000 0.000000 -60.000000 1.000000 0 0 0.000000
15 -1560.749511 -1417.542724 79.125000 0.000000 111.000000 0.000000 0.000000 0.000000 1.000000 0.000000 111.000000 1.000000 0 0 0.000000
15 -1537.295898 -1365.624267 189.250000 0.000000 111.000000 0.000000 0.000000 0.000000 1.000000 0.000000 111.000000 1.000000 0 0 0.000000
15 -1145.106201 -2504.283935 715.125000 0.000000 9.000000 0.000000 0.000000 0.000000 1.000000 0.000000 9.000000 1.000000 0 0 0.000000
11 -1094.747192 -2528.650390 696.125000 0.000000 -177.000000 0.000000 0.000000 0.000000 1.000000 0.000000 -177.000000 1.000000 0 0 0.000000
10 -1078.286254 -2585.064453 660.125000 0.000000 -171.000000 0.000000 0.000000 0.000000 1.000000 0.000000 -171.000000 1.000000 0 0 0.000000
10 -1056.303466 -2552.339599 644.125000 0.000000 -170.000000 0.000000 0.000000 0.000000 1.000000 0.000000 -170.000000 1.000000 0 0 0.000000
16 -1081.569335 -2612.510498 695.250000 0.000000 -121.000000 0.000000 0.000000 0.000000 1.000000 0.000000 -121.000000 1.000000 0 0 0.000000
16 -1098.922607 -2521.609619 671.125000 0.000000 135.000000 0.000000 0.000000 0.000000 1.000000 0.000000 135.000000 1.000000 0 0 0.000000
15 -1149.270019 -2483.703857 431.125000 0.000000 78.000000 0.000000 0.000000 0.000000 1.000000 0.000000 78.000000 1.000000 0 0 0.000000
15 -1254.613769 -2491.867675 431.125000 0.000000 78.000000 0.000000 0.000000 0.000000 1.000000 0.000000 78.000000 1.000000 0 0 0.000000
15 -1347.416381 -2489.939453 431.125000 0.000000 78.000000 0.000000 0.000000 0.000000 1.000000 0.000000 78.000000 1.000000 0 0 0.000000
15 -1450.827026 -2487.608154 431.125000 0.000000 78.000000 0.000000 0.000000 0.000000 1.000000 0.000000 78.000000 1.000000 0 0 0.000000
15 -1554.345947 -2497.388183 431.125000 0.000000 78.000000 0.000000 0.000000 0.000000 1.000000 0.000000 78.000000 1.000000 0 0 0.000000
15 -1650.723144 -2490.635498 431.125000 0.000000 78.000000 0.000000 0.000000 0.000000 1.000000 0.000000 78.000000 1.000000 0 0 0.000000
15 -1758.348510 -2488.377197 431.125000 0.000000 60.000000 0.000000 0.000000 0.000000 1.000000 0.000000 60.000000 1.000000 0 0 0.000000
15 -1807.933349 -2495.923828 431.125000 0.000000 72.000000 0.000000 0.000000 0.000000 1.000000 0.000000 72.000000 1.000000 0 0 0.000000
15 -1147.794189 -2438.327880 541.250000 0.000000 16.000000 0.000000 0.000000 0.000000 1.000000 0.000000 16.000000 1.000000 0 0 0.000000
15 -1234.527832 -2424.116699 541.250000 0.000000 35.000000 0.000000 0.000000 0.000000 1.000000 0.000000 35.000000 1.000000 0 0 0.000000
15 -1312.139404 -2431.195068 541.250000 0.000000 24.000000 0.000000 0.000000 0.000000 1.000000 0.000000 24.000000 1.000000 0 0 0.000000
15 -1387.073852 -2440.691162 541.250000 0.000000 22.000000 0.000000 0.000000 0.000000 1.000000 0.000000 22.000000 1.000000 0 0 0.000000
15 -1454.167480 -2450.620849 541.250000 0.000000 22.000000 0.000000 0.000000 0.000000 1.000000 0.000000 22.000000 1.000000 0 0 0.000000
15 -1519.049926 -2455.044433 541.250000 0.000000 22.000000 0.000000 0.000000 0.000000 1.000000 0.000000 22.000000 1.000000 0 0 0.000000
15 -1604.620117 -2449.451416 541.250000 0.000000 22.000000 0.000000 0.000000 0.000000 1.000000 0.000000 22.000000 1.000000 0 0 0.000000
15 -1702.242187 -2457.300292 541.250000 0.000000 67.000000 0.000000 0.000000 0.000000 1.000000 0.000000 67.000000 1.000000 0 0 0.000000
15 -1793.305908 -2455.189453 541.250000 0.000000 89.000000 0.000000 0.000000 0.000000 1.000000 0.000000 89.000000 1.000000 0 0 0.000000
14 -1786.955322 -2419.887695 643.375000 0.000000 157.000000 0.000000 0.000000 0.000000 1.000000 0.000000 157.000000 1.000000 2 0 0.000000
14 -1709.947998 -2425.357177 643.375000 0.000000 74.000000 0.000000 0.000000 0.000000 1.000000 0.000000 74.000000 1.000000 2 0 0.000000
14 -1648.472778 -2425.395996 654.500000 0.000000 -2.000000 0.000000 0.000000 0.000000 1.000000 0.000000 -2.000000 1.000000 2 0 0.000000
14 -1562.522705 -2428.262939 643.375000 0.000000 -1.000000 0.000000 0.000000 0.000000 1.000000 0.000000 -1.000000 1.000000 2 0 0.000000
14 -1415.204833 -2432.056640 643.375000 0.000000 -1.000000 0.000000 0.000000 0.000000 1.000000 0.000000 -1.000000 1.000000 2 0 0.000000
14 -1491.121826 -2430.279296 643.375000 0.000000 -1.000000 0.000000 0.000000 0.000000 1.000000 0.000000 -1.000000 1.000000 2 0 0.000000
14 -1346.455932 -2433.836181 654.500000 0.000000 -1.000000 0.000000 0.000000 0.000000 1.000000 0.000000 -1.000000 1.000000 2 0 0.000000
14 -716.001464 -1489.721801 983.096252 0.000000 -10.000000 0.000000 0.000000 0.661621 0.749837 0.000000 -10.000000 1.000000 0 0 0.000000
1 -3858.172851 -1979.107788 1127.125000 0.000000 73.000000 0.000000 0.000000 0.000000 1.000000 0.000000 73.000000 1.000000 0 0 0.000000
15 -4038.606689 -1606.565307 1103.125000 0.000000 113.000000 0.000000 0.000000 0.000000 1.000000 0.000000 113.000000 1.000000 0 0 0.000000
15 -3902.286865 -1892.755859 1127.125000 0.000000 142.000000 0.000000 0.000000 0.000000 1.000000 0.000000 142.000000 1.000000 0 0 0.000000
15 -3825.209716 -1861.716186 1127.125000 0.000000 106.000000 0.000000 0.000000 0.000000 1.000000 0.000000 106.000000 1.000000 0 0 0.000000
15 -4003.048828 -1684.566040 1103.125000 0.000000 125.000000 0.000000 0.000000 0.000000 1.000000 0.000000 125.000000 1.000000 0 0 0.000000
3 -2528.046142 -1751.485107 1147.125000 0.000000 -163.000000 0.000000 0.000000 0.000000 1.000000 0.000000 -163.000000 1.000000 0 0 0.000000
1 -1302.422973 -1378.590698 1073.810058 0.000000 20.000000 0.000000 -0.017993 0.000000 0.999838 0.000000 20.000000 1.000000 0 0 0.000000
4 2238.927490 -1092.575195 1136.821289 0.000000 98.000000 0.000000 -0.458686 -0.319802 0.829055 0.000000 98.000000 1.000000 0 0 0.000000
6 -1894.048950 -13.302425 457.125000 0.000000 -142.000000 0.000000 0.000000 0.000000 1.000000 0.000000 -142.000000 1.000000 0 0 0.000000
10 -5203.101074 -1177.865356 -555.875000 0.000000 -2.000000 0.000000 0.000000 0.000000 1.000000 0.000000 -2.000000 1.000000 0 0 0.000000
11 -4705.070800 -2345.753906 104.125000 0.000000 138.000000 0.000000 0.000000 0.000000 1.000000 0.000000 138.000000 1.000000 0 0 0.000000
4 -3207.581787 -675.640991 679.125000 0.000000 31.000000 0.000000 0.000000 0.000000 1.000000 0.000000 31.000000 1.000000 0 0 0.000000
1 -1649.657714 -1378.546386 1212.369628 0.000000 -114.000000 -154.000000 0.000000 -0.707106 -0.707106 0.000000 -114.000000 0.000000 0 0 0.000000
6 -2062.776855 -1524.139038 985.125000 0.000000 142.000000 0.000000 0.000000 0.000000 1.000000 0.000000 142.000000 1.000000 0 0 0.000000
4 -1556.258544 -1971.813354 991.125000 0.000000 -49.000000 0.000000 0.000000 0.000000 1.000000 0.000000 -49.000000 1.000000 0 0 0.000000
1 -881.907226 -2204.551269 1200.875000 0.000000 116.000000 179.000000 0.000000 0.000000 -1.000000 -1.000000 116.000000 0.000000 0 0 0.000000
4 -930.875610 -2209.039794 999.216613 0.000000 -70.000000 0.000000 0.000000 0.707106 0.707106 0.000000 -70.000000 1.000000 0 0 0.000000
4 -1327.140625 -2514.590332 991.125000 0.000000 -21.000000 0.000000 0.000000 0.000000 1.000000 0.000000 -21.000000 1.000000 0 0 0.000000
4 -704.773498 -2730.596679 872.038635 0.000000 0.000000 -89.000000 -0.707106 0.707106 0.000000 0.000000 0.000000 0.000000 0 0 0.000000
1 -1873.002685 -1410.466064 336.820587 0.000000 -75.000000 -103.000000 0.707106 0.000000 -0.707106 1.000000 -75.000000 0.000000 0 0 0.000000
1 -1127.138916 -2790.417480 383.125000 0.000000 -69.000000 0.000000 0.000000 0.000000 1.000000 0.000000 -69.000000 1.000000 0 0 0.000000
4 -1116.923339 -2640.385253 383.125000 0.000000 -21.000000 0.000000 0.000000 0.000000 1.000000 0.000000 -21.000000 1.000000 0 0 0.000000
4 -1721.679809 -1366.588500 80.735702 0.000000 6.000000 0.000000 0.000000 -0.954479 0.298274 0.000000 6.000000 1.000000 0 0 0.000000
6 -2221.216796 -1715.195800 73.125000 0.000000 31.000000 0.000000 0.000000 0.000000 1.000000 0.000000 31.000000 1.000000 0 0 0.000000
4 -2684.823730 -567.506408 463.125000 0.000000 166.000000 0.000000 0.000000 0.000000 1.000000 0.000000 166.000000 1.000000 0 0 0.000000
4 -4778.751464 -2685.006835 87.125000 0.000000 120.000000 0.000000 0.000000 0.000000 1.000000 0.000000 120.000000 1.000000 0 0 0.000000
5 -4320.875000 1419.464965 376.306610 0.000000 -94.000000 -90.000000 1.000000 0.000000 0.000000 1.000000 -94.000000 0.000000 0 0 0.000000
1 -4809.113281 -1811.166137 303.125000 0.000000 144.000000 0.000000 0.000000 0.000000 1.000000 0.000000 144.000000 1.000000 0 0 0.000000
6 -4606.289062 -650.184387 73.125000 0.000000 90.000000 0.000000 0.000000 0.000000 1.000000 0.000000 90.000000 1.000000 0 0 0.000000
6 -4761.011230 -1819.578247 297.125000 0.000000 86.000000 0.000000 0.000000 0.000000 1.000000 0.000000 86.000000 1.000000 0 0 0.000000
1 -4587.108886 -559.067993 79.125000 0.000000 86.000000 0.000000 0.000000 0.000000 1.000000 0.000000 86.000000 1.000000 0 0 0.000000
1 -4635.832031 -567.940246 79.125000 0.000000 113.000000 0.000000 0.000000 0.000000 1.000000 0.000000 113.000000 1.000000 0 0 0.000000
6 -4662.331542 1427.171875 481.125000 0.000000 -146.000000 0.000000 0.000000 0.000000 1.000000 0.000000 -146.000000 1.000000 0 0 0.000000
1 -4771.864257 -1853.145019 263.125000 0.000000 75.000000 0.000000 0.000000 0.000000 1.000000 0.000000 75.000000 1.000000 0 0 0.000000
15 -2250.319824 -582.521545 967.125000 0.000000 150.000000 0.000000 0.000000 0.000000 1.000000 0.000000 150.000000 1.000000 0 0 0.000000
10 -1692.554321 -3295.436035 52.125000 0.000000 -82.000000 0.000000 0.000000 0.000000 1.000000 0.000000 -82.000000 1.000000 0 0 0.000000
10 -923.102905 -2634.884521 180.125000 0.000000 90.000000 0.000000 0.000000 0.000000 1.000000 0.000000 90.000000 1.000000 0 0 0.000000
11 -2497.827880 -547.916625 960.125000 0.000000 129.000000 0.000000 0.000000 0.000000 1.000000 0.000000 129.000000 1.000000 0 0 0.000000
11 -2451.712402 -547.118957 992.125000 0.000000 128.000000 0.000000 0.000000 0.000000 1.000000 0.000000 128.000000 1.000000 0 0 0.000000
11 -2450.853759 -612.272216 992.125000 0.000000 -151.000000 0.000000 0.000000 0.000000 1.000000 0.000000 -151.000000 1.000000 0 0 0.000000
10 -2512.267333 -612.438232 940.125000 0.000000 -5.000000 0.000000 0.000000 0.000000 1.000000 0.000000 -5.000000 1.000000 0 0 0.000000
10 -2396.812500 -554.561645 972.125000 0.000000 134.000000 0.000000 0.000000 0.000000 1.000000 0.000000 134.000000 1.000000 0 0 0.000000
14 -2336.010253 -604.833007 959.125000 0.000000 147.000000 0.000000 0.000000 0.000000 1.000000 0.000000 147.000000 1.000000 0 0 0.000000
11 -906.416259 -2640.030273 312.125000 0.000000 -120.000000 0.000000 0.000000 0.000000 1.000000 0.000000 -120.000000 1.000000 0 0 0.000000
11 -862.068969 -2626.451904 280.125000 0.000000 -108.000000 0.000000 0.000000 0.000000 1.000000 0.000000 -108.000000 1.000000 0 0 0.000000
10 -828.785339 -2533.003906 244.125000 0.000000 150.000000 0.000000 0.000000 0.000000 1.000000 0.000000 150.000000 1.000000 0 0 0.000000
15 -1154.147705 -2422.037597 79.125000 0.000000 2.000000 0.000000 0.000000 0.000000 1.000000 0.000000 2.000000 1.000000 0 0 0.000000
15 -836.436523 -2588.360839 79.125000 0.000000 -19.000000 0.000000 0.000000 0.000000 1.000000 0.000000 -19.000000 1.000000 0 0 0.000000
15 -978.936035 -2546.148681 79.125000 0.000000 155.000000 0.000000 0.000000 0.000000 1.000000 0.000000 155.000000 1.000000 0 0 0.000000
15 -990.975280 -2637.206787 159.125000 0.000000 101.000000 0.000000 0.000000 0.000000 1.000000 0.000000 101.000000 1.000000 0 0 0.000000
10 -4451.011718 -1708.935668 836.125000 0.000000 87.000000 0.000000 0.000000 0.000000 1.000000 0.000000 87.000000 1.000000 0 0 0.000000
15 -4523.883300 -1732.246215 831.125000 0.000000 128.000000 0.000000 0.000000 0.000000 1.000000 0.000000 128.000000 1.000000 0 0 0.000000
15 -4257.290527 -1535.759765 991.125000 0.000000 2.000000 0.000000 0.000000 0.000000 1.000000 0.000000 2.000000 1.000000 0 0 0.000000
10 -4683.827148 -1973.700195 924.125000 0.000000 -104.000000 0.000000 0.000000 0.000000 1.000000 0.000000 -104.000000 1.000000 0 0 0.000000
14 -4684.060546 -1992.920043 983.125000 0.000000 149.000000 0.000000 0.000000 0.000000 1.000000 0.000000 149.000000 1.000000 0 0 0.000000
15 -4276.300781 -1642.327514 991.125000 0.000000 -25.000000 0.000000 0.000000 0.000000 1.000000 0.000000 -25.000000 1.000000 0 0 0.000000
15 -4277.165039 -1749.298217 991.125000 0.000000 -32.000000 0.000000 0.000000 0.000000 1.000000 0.000000 -32.000000 1.000000 0 0 0.000000
15 -4304.609375 -1854.161621 991.125000 0.000000 -5.000000 0.000000 0.000000 0.000000 1.000000 0.000000 -5.000000 1.000000 0 0 0.000000
15 -4315.150878 -1962.761108 991.125000 0.000000 -41.000000 0.000000 0.000000 0.000000 1.000000 0.000000 -41.000000 1.000000 0 0 0.000000
15 -4295.984375 -2062.613769 991.125000 0.000000 2.000000 0.000000 0.000000 0.000000 1.000000 0.000000 2.000000 1.000000 0 0 0.000000
15 -3734.020996 -1162.236816 -80.875000 0.000000 -170.000000 0.000000 0.000000 0.000000 1.000000 0.000000 -170.000000 1.000000 0 0 0.000000
10 -3656.429443 -1117.329345 -43.875000 0.000000 -177.000000 0.000000 0.000000 0.000000 1.000000 0.000000 -177.000000 1.000000 0 0 0.000000
1 -3803.119140 -1139.574218 79.125000 0.000000 -67.000000 0.000000 0.000000 0.000000 1.000000 0.000000 -67.000000 1.000000 0 0 0.000000
14 -4011.053222 -2914.148193 455.125000 0.000000 67.000000 0.000000 0.000000 0.000000 1.000000 0.000000 67.000000 1.000000 0 0 0.000000
5 -3765.582519 -1103.125000 -101.665145 0.000000 43.000000 124.000000 0.000000 -1.000000 0.000000 0.000000 43.000000 0.000000 0 0 0.000000
13 -4013.572998 -3047.887695 461.125000 0.000000 3.000000 0.000000 0.000000 0.000000 1.000000 0.000000 3.000000 1.000000 0 0 0.000000
9 -3835.201904 724.200866 68.125000 0.000000 93.000000 0.000000 0.000000 0.000000 1.000000 0.000000 93.000000 1.000000 0 0 0.000000
9 -3843.996582 640.305969 68.125000 0.000000 177.000000 0.000000 0.000000 0.000000 1.000000 0.000000 177.000000 1.000000 0 0 0.000000
9 -3833.416748 553.736511 68.125000 0.000000 -141.000000 0.000000 0.000000 0.000000 1.000000 0.000000 -141.000000 1.000000 0 0 0.000000
10 -4385.320800 -757.842651 172.125000 0.000000 91.000000 0.000000 0.000000 0.000000 1.000000 0.000000 91.000000 1.000000 0 0 0.000000
11 -4738.383300 -1090.400146 272.125000 0.000000 87.000000 0.000000 0.000000 0.000000 1.000000 0.000000 87.000000 1.000000 0 0 0.000000
15 -4415.249511 -1481.824340 79.125000 0.000000 -86.000000 0.000000 0.000000 0.000000 1.000000 0.000000 -86.000000 1.000000 0 0 0.000000
15 -4005.400146 -271.636535 115.125000 0.000000 -2.000000 0.000000 0.000000 0.000000 1.000000 0.000000 -2.000000 1.000000 0 0 0.000000
15 -4012.534423 -383.448425 115.125000 0.000000 -179.000000 0.000000 0.000000 0.000000 1.000000 0.000000 -179.000000 1.000000 0 0 0.000000
15 -4058.576171 -489.005157 79.125000 0.000000 165.000000 0.000000 0.000000 0.000000 1.000000 0.000000 165.000000 1.000000 0 0 0.000000
15 -4072.122070 -596.530639 79.125000 0.000000 108.000000 0.000000 0.000000 0.000000 1.000000 0.000000 108.000000 1.000000 0 0 0.000000
15 -4090.420410 -704.805175 79.125000 0.000000 -39.000000 0.000000 0.000000 0.000000 1.000000 0.000000 -39.000000 1.000000 0 0 0.000000
15 -4057.493408 -812.555114 79.125000 0.000000 -4.000000 0.000000 0.000000 0.000000 1.000000 0.000000 -4.000000 1.000000 0 0 0.000000
15 -4056.611816 -923.072326 79.125000 0.000000 0.000000 0.000000 0.000000 0.000000 1.000000 0.000000 0.000000 1.000000 0 0 0.000000
15 -4062.102050 -1032.288208 79.125000 0.000000 4.000000 0.000000 0.000000 0.000000 1.000000 0.000000 4.000000 1.000000 0 0 0.000000
15 -4044.541259 -1135.870117 79.125000 0.000000 -1.000000 0.000000 0.000000 0.000000 1.000000 0.000000 -1.000000 1.000000 0 0 0.000000
15 -4008.938964 -1238.114257 79.125000 0.000000 -12.000000 0.000000 0.000000 0.000000 1.000000 0.000000 -12.000000 1.000000 0 0 0.000000
15 -3969.247314 -1345.699218 79.125000 0.000000 9.000000 0.000000 0.000000 0.000000 1.000000 0.000000 9.000000 1.000000 0 0 0.000000
15 -3959.615966 -1448.309326 79.125000 0.000000 0.000000 0.000000 0.000000 0.000000 1.000000 0.000000 0.000000 1.000000 0 0 0.000000
15 -3923.240478 -1545.375000 79.125000 0.000000 7.000000 0.000000 0.000000 0.000000 1.000000 0.000000 7.000000 1.000000 0 0 0.000000
15 -3912.951904 -1650.546264 79.125000 0.000000 10.000000 0.000000 0.000000 0.000000 1.000000 0.000000 10.000000 1.000000 0 0 0.000000
15 -3883.980712 -1755.090209 79.125000 0.000000 10.000000 0.000000 0.000000 0.000000 1.000000 0.000000 10.000000 1.000000 0 0 0.000000
15 -3867.032470 -1863.865356 79.125000 0.000000 0.000000 0.000000 0.000000 0.000000 1.000000 0.000000 0.000000 1.000000 0 0 0.000000
15 -2730.838867 -1473.855346 79.125000 0.000000 2.000000 0.000000 0.000000 0.000000 1.000000 0.000000 2.000000 1.000000 0 0 0.000000
15 -2735.331787 -1577.570800 79.125000 0.000000 -2.000000 0.000000 0.000000 0.000000 1.000000 0.000000 -2.000000 1.000000 0 0 0.000000
15 -2744.940917 -1681.533935 79.125000 0.000000 -3.000000 0.000000 0.000000 0.000000 1.000000 0.000000 -3.000000 1.000000 0 0 0.000000
15 -2760.032714 -1784.808959 79.125000 0.000000 0.000000 0.000000 0.000000 0.000000 1.000000 0.000000 0.000000 1.000000 0 0 0.000000
15 -2840.222412 -1871.714599 79.125000 0.000000 -58.000000 0.000000 0.000000 0.000000 1.000000 0.000000 -58.000000 1.000000 0 0 0.000000
10 -2814.398193 -1418.293823 84.125000 0.000000 7.000000 0.000000 0.000000 0.000000 1.000000 0.000000 7.000000 1.000000 0 0 0.000000
11 -2807.524414 -1471.729248 104.125000 0.000000 -17.000000 0.000000 0.000000 0.000000 1.000000 0.000000 -17.000000 1.000000 0 0 0.000000
11 -2140.537597 -1576.951538 112.125000 0.000000 -171.000000 0.000000 0.000000 0.000000 1.000000 0.000000 -171.000000 1.000000 0 0 0.000000
11 -2141.407470 -1513.917846 104.125000 0.000000 158.000000 0.000000 0.000000 0.000000 1.000000 0.000000 158.000000 1.000000 0 0 0.000000
11 -2131.040771 -1452.232299 112.125000 0.000000 174.000000 0.000000 0.000000 0.000000 1.000000 0.000000 174.000000 1.000000 0 0 0.000000
10 -2266.044921 -1515.798217 92.125000 0.000000 4.000000 0.000000 0.000000 0.000000 1.000000 0.000000 4.000000 1.000000 0 0 0.000000
15 -4525.508300 -1473.885620 79.125000 0.000000 -91.000000 0.000000 0.000000 0.000000 1.000000 0.000000 -91.000000 1.000000 0 0 0.000000
15 -4628.041992 -1469.506591 79.125000 0.000000 -105.000000 0.000000 0.000000 0.000000 1.000000 0.000000 -105.000000 1.000000 0 0 0.000000
15 -4820.208007 -1470.964965 143.125000 0.000000 -100.000000 0.000000 0.000000 0.000000 1.000000 0.000000 -100.000000 1.000000 0 0 0.000000
15 -4722.263183 -1450.887573 87.140457 0.000000 -90.000000 0.000000 0.000000 0.000000 1.000000 0.000000 -90.000000 1.000000 0 0 0.000000
15 -4795.645996 -2625.112548 151.125000 0.000000 101.000000 0.000000 0.000000 0.000000 1.000000 0.000000 101.000000 1.000000 0 0 0.000000
15 -4776.284667 -2542.941406 151.125000 0.000000 92.000000 0.000000 0.000000 0.000000 1.000000 0.000000 92.000000 1.000000 0 0 0.000000
3 -4742.403808 -2405.988525 116.427627 0.000000 -92.000000 0.000000 0.000000 -0.327366 0.944897 0.000000 -92.000000 1.000000 0 0 0.000000
11 -4772.508300 -2468.451904 112.125000 0.000000 168.000000 0.000000 0.000000 0.000000 1.000000 0.000000 168.000000 1.000000 0 0 0.000000
11 -4817.109863 -2691.681884 116.125000 0.000000 109.000000 0.000000 0.000000 0.000000 1.000000 0.000000 109.000000 1.000000 0 0 0.000000
15 -5002.461914 -1025.515258 -522.522949 0.000000 -33.000000 0.000000 0.000000 0.000000 1.000000 0.000000 -33.000000 1.000000 0 0 0.000000
15 -4442.522460 -1172.943359 -432.875000 0.000000 -3.000000 0.000000 0.000000 0.000000 1.000000 0.000000 -3.000000 1.000000 0 0 0.000000
10 -4376.324218 -1121.813964 -395.875000 0.000000 179.000000 0.000000 0.000000 0.000000 1.000000 0.000000 179.000000 1.000000 0 0 0.000000
11 -4511.444335 -1169.150512 -455.875000 0.000000 3.000000 0.000000 0.000000 0.000000 1.000000 0.000000 3.000000 1.000000 0 0 0.000000
15 -5129.883300 -1003.501647 -560.875000 0.000000 -165.000000 0.000000 0.000000 0.000000 1.000000 0.000000 -165.000000 1.000000 0 0 0.000000
15 -5135.062988 -1104.051025 -527.798767 0.000000 164.000000 0.000000 -0.107555 0.000006 0.994199 0.000000 164.000000 1.000000 0 0 0.000000
11 -5126.885742 -1173.977294 -535.875000 0.000000 -172.000000 0.000000 0.000000 0.000000 1.000000 0.000000 -172.000000 1.000000 0 0 0.000000
15 -5124.924804 -898.796508 -560.875000 0.000000 -175.000000 0.000000 0.000000 0.000000 1.000000 0.000000 -175.000000 1.000000 0 0 0.000000
15 -5124.290039 -793.596740 -560.875000 0.000000 -179.000000 0.000000 0.000000 0.000000 1.000000 0.000000 -179.000000 1.000000 0 0 0.000000
11 -5202.284179 -740.873352 -535.875000 0.000000 -170.000000 0.000000 0.000000 0.000000 1.000000 0.000000 -170.000000 1.000000 0 0 0.000000
11 -4379.188476 -1180.774780 -391.875000 0.000000 -170.000000 0.000000 0.000000 0.000000 1.000000 0.000000 -170.000000 1.000000 0 0 0.000000
15 -4703.153808 1348.720092 463.125000 0.000000 87.000000 0.000000 0.000000 0.000000 1.000000 0.000000 87.000000 1.000000 0 0 0.000000
14 -3615.785400 704.402526 71.125000 0.000000 10.000000 0.000000 0.000000 0.000000 1.000000 0.000000 10.000000 1.000000 0 0 0.000000
15 -4839.890136 1360.031250 463.125000 0.000000 95.000000 0.000000 0.000000 0.000000 1.000000 0.000000 95.000000 1.000000 0 0 0.000000
11 -4769.820800 1363.077270 488.125000 0.000000 83.000000 0.000000 0.000000 0.000000 1.000000 0.000000 83.000000 1.000000 0 0 0.000000
14 -4593.166503 1825.984130 79.125000 0.000000 81.000000 0.000000 0.000000 0.000000 1.000000 0.000000 81.000000 1.000000 0 0 0.000000
11 -4010.201904 -2166.908447 106.125000 0.000000 4.000000 0.000000 0.000000 0.000000 1.000000 0.000000 4.000000 1.000000 0 0 0.000000
15 -4426.780273 1478.092285 79.125000 0.000000 2.000000 0.000000 0.000000 0.000000 1.000000 0.000000 2.000000 1.000000 0 0 0.000000
15 -3939.059570 -2151.701904 115.125000 0.000000 -16.000000 0.000000 0.000000 0.000000 1.000000 0.000000 -16.000000 1.000000 0 0 0.000000
15 -3941.574218 -2057.091552 115.125000 0.000000 100.000000 0.000000 0.000000 0.000000 1.000000 0.000000 100.000000 1.000000 0 0 0.000000
15 -3916.870605 -2239.972900 79.125000 0.000000 15.000000 0.000000 0.000000 0.000000 1.000000 0.000000 15.000000 1.000000 0 0 0.000000
11 -3922.059814 -2313.558349 140.125000 0.000000 -7.000000 0.000000 0.000000 0.000000 1.000000 0.000000 -7.000000 1.000000 0 0 0.000000
11 -4477.508300 -2576.767822 104.125000 0.000000 6.000000 0.000000 0.000000 0.000000 1.000000 0.000000 6.000000 1.000000 0 0 0.000000
5 -4303.956054 1403.695190 344.482849 0.000000 -111.000000 -55.000000 0.800000 0.000000 0.600000 0.800000 -111.000000 0.600000 0 0 0.000000
5 -4308.278808 1316.391235 350.246917 0.000000 130.000000 59.000000 0.800000 0.000000 0.600000 0.800000 130.000000 0.600000 0 0 0.000000
1 -4293.730957 1471.330322 191.816619 0.000000 -118.000000 -94.000000 0.800000 0.000000 -0.600000 1.000000 -118.000000 0.000000 0 0 0.000000
5 -4320.875000 1283.550048 367.589782 0.000000 115.000000 57.000000 1.000000 0.000000 0.000000 0.800000 115.000000 0.600000 0 0 0.000000
14 -3856.629638 -2049.752441 107.125000 0.000000 127.000000 0.000000 0.000000 0.000000 1.000000 0.000000 127.000000 1.000000 0 0 0.000000
5 -4320.875000 1246.926025 395.834686 0.000000 124.000000 96.000000 1.000000 0.000000 0.000000 1.000000 124.000000 0.000000 0 0 0.000000
5 -4307.641601 1365.617187 349.397277 0.000000 -106.000000 -57.000000 0.800000 0.000000 0.600000 0.800000 -106.000000 0.600000 0 0 0.000000
14 -4396.695800 -2596.737060 71.125000 0.000000 77.000000 0.000000 0.000000 0.000000 1.000000 0.000000 77.000000 1.000000 0 0 0.000000
10 -4385.945800 -2661.770019 84.125000 0.000000 6.000000 0.000000 0.000000 0.000000 1.000000 0.000000 6.000000 1.000000 0 0 0.000000
15 -4567.564941 -1920.349365 207.125000 0.000000 27.000000 0.000000 0.000000 0.000000 1.000000 0.000000 27.000000 1.000000 0 0 0.000000
11 -4386.195800 -2715.951904 104.125000 0.000000 3.000000 0.000000 0.000000 0.000000 1.000000 0.000000 3.000000 1.000000 0 0 0.000000
15 -4476.133300 -2661.264404 79.125000 0.000000 34.000000 0.000000 0.000000 0.000000 1.000000 0.000000 34.000000 1.000000 0 0 0.000000
15 -4485.924804 -2039.283203 231.125015 0.000000 -118.000000 0.000000 0.000000 0.000000 1.000000 0.000000 -118.000000 1.000000 0 0 0.000000
1 -4505.361328 -2491.395507 275.125000 0.000000 171.000000 0.000000 0.000000 0.000000 1.000000 0.000000 171.000000 1.000000 0 0 0.000000
14 -807.883361 -2719.507568 519.125000 0.000000 177.000000 0.000000 0.000000 0.000000 1.000000 0.000000 177.000000 1.000000 0 0 0.000000
15 -753.464294 -2620.189697 527.125000 0.000000 108.000000 0.000000 0.000000 0.000000 1.000000 0.000000 108.000000 1.000000 0 0 0.000000
10 -743.914733 -2731.184814 532.125000 0.000000 -18.000000 0.000000 0.000000 0.000000 1.000000 0.000000 -18.000000 1.000000 0 0 0.000000
11 -705.277099 -2683.583251 552.125000 0.000000 16.000000 0.000000 0.000000 0.000000 1.000000 0.000000 16.000000 1.000000 0 0 0.000000
15 -934.565856 -2558.898193 303.125000 0.000000 -162.000000 0.000000 0.000000 0.000000 1.000000 0.000000 -162.000000 1.000000 0 0 0.000000
14 -1917.290893 379.926788 566.121520 0.000000 -42.000000 0.000000 0.000000 0.000000 1.000000 0.000000 -42.000000 1.000000 0 0 0.000000
11 -1960.908569 246.008193 488.125000 0.000000 1.000000 0.000000 0.000000 0.000000 1.000000 0.000000 1.000000 1.000000 0 0 0.000000
10 -1882.041992 273.552795 532.125000 0.000000 -28.000000 0.000000 0.000000 0.000000 1.000000 -20.546998 -28.000000 1.000000 0 0 0.000000
11 -3364.189697 -360.728729 140.696731 0.000000 19.000000 0.000000 -0.298274 0.000000 0.954479 0.000000 19.000000 1.000000 0 0 0.000000
10 -3434.028564 -382.720825 120.125000 0.000000 0.000000 0.000000 0.000000 0.000000 1.000000 0.000000 0.000000 1.000000 0 0 0.000000
14 -3464.582031 -1297.676879 199.125000 0.000000 85.000000 0.000000 0.000000 0.000000 1.000000 0.000000 85.000000 1.000000 0 0 0.000000
14 -6555.653808 -991.102172 -307.184753 0.000000 -120.000000 0.000000 0.119067 -0.280159 0.952540 0.000000 -120.000000 1.000000 0 0 0.000000
14 -6176.503906 -1219.790893 71.125000 0.000000 -93.000000 0.000000 0.000000 0.000000 1.000000 0.000000 -93.000000 1.000000 0 0 0.000000
10 -6551.622070 -930.907714 -281.175659 0.000000 -124.000000 0.000000 0.119067 -0.280159 0.952540 0.000000 -124.000000 1.000000 0 0 0.000000
13 -4580.746093 -1127.641845 -514.875000 0.000000 -10.000000 0.000000 0.000000 0.000000 1.000000 0.000000 -10.000000 1.000000 0 0 0.000000
11 -6495.410156 -965.108947 -279.518676 0.000000 -128.000000 0.000000 0.119067 -0.280159 0.952540 0.000000 -128.000000 1.000000 0 0 0.000000
11 -6516.380859 -1051.220825 -290.047088 0.000000 -155.000000 0.000000 0.123775 -0.064578 0.990206 0.000000 -155.000000 1.000000 0 0 0.000000
11 -6571.828125 -1077.373413 -284.821838 0.000000 127.000000 0.000000 0.123775 -0.064578 0.990206 0.000000 127.000000 1.000000 0 0 0.000000
11 -6028.528320 -1633.417724 88.125564 0.000000 -79.000000 0.000000 0.000000 0.000000 1.000000 0.000000 -79.000000 1.000000 0 0 0.000000
15 -6048.245605 -1357.444946 -176.875000 0.000000 70.000000 0.000000 0.000000 0.000000 1.000000 0.000000 70.000000 1.000000 0 0 0.000000
15 -5933.213378 -1209.165405 79.125000 0.000000 0.000000 0.000000 0.000000 0.000000 1.000000 0.000000 0.000000 1.000000 0 0 0.000000
15 -4669.903808 -1166.871704 -544.875000 0.000000 -93.000000 0.000000 0.000000 0.000000 1.000000 0.000000 -93.000000 1.000000 0 0 0.000000
15 -6221.482421 -1355.976196 -176.875000 0.000000 147.000000 0.000000 0.000000 0.000000 1.000000 0.000000 147.000000 1.000000 0 0 0.000000
13 -5934.720703 -1324.980712 -168.345703 0.000000 88.000000 0.000000 0.000000 0.000000 1.000000 0.000000 88.000000 1.000000 0 0 0.000000
15 -6136.065429 -1353.046142 -176.875000 0.000000 80.000000 0.000000 0.000000 0.000000 1.000000 0.000000 80.000000 1.000000 0 0 0.000000
13 -5961.787109 -1401.225219 -178.875000 0.000000 117.000000 0.000000 0.000000 0.000000 1.000000 0.000000 117.000000 1.000000 0 0 0.000000
11 -6114.298339 -1588.439941 -53.437255 0.000000 120.000000 0.000000 0.000000 0.000000 1.000000 0.000000 120.000000 1.000000 0 0 0.000000
11 -6079.133300 -1653.076293 88.126129 0.000000 -105.000000 0.000000 0.000000 0.000000 1.000000 0.000000 -105.000000 1.000000 0 0 0.000000
10 -4669.644531 -1096.313964 -523.875000 0.000000 7.000000 0.000000 0.000000 0.000000 1.000000 0.000000 7.000000 1.000000 0 0 0.000000
10 -6095.426757 -1589.307861 6.687744 0.000000 57.000000 0.000000 0.000000 0.000000 1.000000 0.000000 57.000000 1.000000 0 0 0.000000
11 -6063.793945 -1584.380737 -53.437255 0.000000 92.000000 0.000000 0.000000 0.000000 1.000000 0.000000 92.000000 1.000000 0 0 0.000000
11 -3810.514404 -1168.155151 -103.875000 0.000000 -32.000000 0.000000 0.000000 0.000000 1.000000 0.000000 -32.000000 1.000000 0 0 0.000000
14 -3982.514404 -1136.160522 -216.875000 0.000000 -171.000000 0.000000 0.000000 0.000000 1.000000 0.000000 -171.000000 1.000000 0 0 0.000000
15 -4095.968994 -1129.531127 -256.875000 0.000000 -179.000000 0.000000 0.000000 0.000000 1.000000 0.000000 -179.000000 1.000000 0 0 0.000000
11 -3957.893310 -1117.314453 -167.875000 0.000000 8.000000 0.000000 0.000000 0.000000 1.000000 0.000000 8.000000 1.000000 0 0 0.000000
11 -3805.239257 -1110.860351 -103.875000 0.000000 -4.000000 0.000000 0.000000 0.000000 1.000000 0.000000 -4.000000 1.000000 0 0 0.000000
11 -3886.742431 -1145.403320 -135.875000 0.000000 6.000000 0.000000 0.000000 0.000000 1.000000 0.000000 6.000000 1.000000 0 0 0.000000
13 -4775.830078 -1189.066528 -98.875000 0.000000 81.000000 0.000000 0.000000 0.000000 1.000000 0.000000 81.000000 1.000000 0 0 0.000000
14 -4776.460449 -944.075927 -48.875072 0.000000 94.000000 0.000000 0.000000 0.000000 1.000000 0.000000 94.000000 1.000000 0 0 0.000000
10 -5082.091308 -1219.671875 -155.875000 0.000000 -25.000000 0.000000 0.000000 0.000000 1.000000 0.000000 -25.000000 1.000000 0 0 0.000000
10 -5073.528808 -1301.275878 -155.875000 0.000000 -42.000000 0.000000 0.000000 0.000000 1.000000 0.000000 -42.000000 1.000000 0 0 0.000000
11 -5461.008300 -828.352966 -151.875000 0.000000 -97.000000 0.000000 0.000000 0.000000 1.000000 0.000000 -97.000000 1.000000 0 0 0.000000
11 -5460.590332 -608.339477 -151.875000 0.000000 -97.000000 0.000000 0.000000 0.000000 1.000000 0.000000 -97.000000 1.000000 0 0 0.000000
14 -5501.803222 -3157.288574 543.125488 0.000000 -157.000000 0.000000 0.000000 0.000000 1.000000 0.000000 -157.000000 1.000000 0 0 0.000000
15 -2565.328613 -2223.700927 1183.125000 0.000000 -157.000000 0.000000 0.000000 0.000000 1.000000 0.000000 -157.000000 1.000000 0 0 0.000000
11 -2455.546142 -2099.347167 1144.125000 0.000000 155.000000 0.000000 0.000000 0.000000 1.000000 0.000000 155.000000 1.000000 0 0 0.000000
15 -1787.763061 -2555.200927 991.125000 0.000000 -93.000000 0.000000 0.000000 0.000000 1.000000 0.000000 -93.000000 1.000000 0 0 0.000000
11 -2477.683349 -2147.279541 1144.125000 0.000000 155.000000 0.000000 0.000000 0.000000 1.000000 0.000000 155.000000 1.000000 0 0 0.000000
15 -1137.740112 -2425.072998 1023.125000 0.000000 -7.000000 0.000000 0.000000 0.000000 1.000000 0.000000 -7.000000 1.000000 0 0 0.000000
15 -1676.899047 -2590.776611 1023.125000 0.000000 -112.000000 0.000000 0.000000 0.000000 1.000000 0.000000 -112.000000 1.000000 0 0 0.000000
11 -2478.502929 -2034.579223 1144.125000 0.000000 161.000000 0.000000 0.000000 0.000000 1.000000 0.000000 161.000000 1.000000 0 0 0.000000
3 -2636.150146 -715.125000 410.620880 0.000000 141.000000 0.000000 0.000000 -1.000000 0.000000 0.000000 141.000000 1.000000 0 0 0.000000
13 -2447.148193 -1194.625244 77.125000 0.000000 38.000000 0.000000 0.000000 0.000000 1.000000 0.000000 38.000000 1.000000 0 0 0.000000
3 -2578.298339 -1063.253051 251.506805 0.000000 122.000000 0.000000 0.000000 -0.579523 0.814955 0.000000 122.000000 1.000000 0 0 0.000000
1 -2518.881835 -1153.583007 173.049957 0.000000 63.000000 0.000000 0.000000 -0.579523 0.814955 0.000000 63.000000 1.000000 0 0 0.000000
3 -2655.421142 -958.313659 326.130340 0.000000 -89.000000 0.000000 0.000000 -0.579523 0.814955 0.000000 -89.000000 1.000000 0 0 0.000000
3 -2494.377685 -990.691467 303.106109 0.000000 -100.000000 0.000000 0.000000 -0.579523 0.814955 0.000000 -100.000000 1.000000 0 0 0.000000
15 -1878.892211 -1806.451904 335.125000 0.000000 109.000000 0.000000 0.000000 0.000000 1.000000 0.000000 109.000000 1.000000 0 0 0.000000
3 -2394.162353 -932.248474 344.665588 0.000000 -96.000000 0.000000 0.000000 -0.579523 0.814955 0.000000 -96.000000 1.000000 0 0 0.000000
15 -1793.279785 -1800.986816 335.125000 0.000000 89.000000 0.000000 0.000000 0.000000 1.000000 0.000000 89.000000 1.000000 0 0 0.000000
3 -2560.014404 -737.640991 483.053131 0.000000 -113.000000 0.000000 0.000000 -0.579523 0.814955 0.000000 -113.000000 1.000000 0 0 0.000000
10 -1948.105224 -1835.477294 340.125000 0.000000 -87.000000 0.000000 0.000000 0.000000 1.000000 0.000000 -87.000000 1.000000 0 0 0.000000
3 -2491.109375 -819.479003 424.857208 0.000000 87.000000 0.000000 0.000000 -0.579523 0.814955 0.000000 87.000000 1.000000 0 0 0.000000
15 -1427.403930 -1710.479125 335.125000 0.000000 96.000000 0.000000 0.000000 0.000000 1.000000 0.000000 96.000000 1.000000 0 0 0.000000
15 -1310.632202 -1705.218383 335.125000 0.000000 78.000000 0.000000 0.000000 0.000000 1.000000 0.000000 78.000000 1.000000 0 0 0.000000
3 -2484.064453 -742.544677 479.566040 0.000000 -73.000000 0.000000 0.000000 -0.579523 0.814955 0.000000 -73.000000 1.000000 0 0 0.000000
15 -3296.764404 -293.752990 79.125000 0.000000 176.000000 0.000000 0.000000 0.000000 1.000000 0.000000 176.000000 1.000000 0 0 0.000000
3 -2406.441406 -764.671447 463.831451 0.000000 -101.000000 0.000000 0.000000 -0.579523 0.814955 0.000000 -101.000000 1.000000 0 0 0.000000
1 -2523.210937 -852.603454 387.079833 0.000000 -1.000000 0.000000 0.000000 -0.579523 0.814955 0.000000 -1.000000 1.000000 0 0 0.000000
11 -3375.854492 -520.559448 140.125000 0.000000 170.000000 0.000000 0.000000 0.000000 1.000000 0.000000 170.000000 1.000000 0 0 0.000000
15 -3297.867187 -479.947662 79.125000 0.000000 176.000000 0.000000 0.000000 0.000000 1.000000 0.000000 176.000000 1.000000 0 0 0.000000
10 -1963.065917 -1705.511230 340.125000 0.000000 170.000000 0.000000 0.000000 0.000000 1.000000 0.000000 170.000000 1.000000 0 0 0.000000
11 -3317.535400 -388.255310 155.276184 0.000000 160.000000 0.000000 -0.298274 0.000000 0.954479 0.000000 160.000000 1.000000 0 0 0.000000
11 -3373.471435 -242.538116 140.125000 0.000000 -174.000000 0.000000 0.000000 0.000000 1.000000 0.000000 -174.000000 1.000000 0 0 0.000000
15 -1875.845336 -1671.275878 335.125000 0.000000 138.000000 0.000000 0.000000 0.000000 1.000000 0.000000 138.000000 1.000000 0 0 0.000000
15 -1793.736206 -1659.629638 335.125000 0.000000 140.000000 0.000000 0.000000 0.000000 1.000000 0.000000 140.000000 1.000000 0 0 0.000000
15 -1736.243164 -1433.438354 79.125000 0.000000 146.000000 0.000000 0.000000 0.000000 1.000000 0.000000 146.000000 1.000000 0 0 0.000000
11 -1072.616088 -2661.117675 744.125000 0.000000 135.000000 0.000000 0.000000 0.000000 1.000000 0.000000 135.000000 1.000000 0 0 0.000000
15 -1635.979492 -1341.484497 207.125000 0.000000 106.000000 0.000000 0.000000 0.000000 1.000000 0.000000 106.000000 1.000000 0 0 0.000000
14 -1971.822143 -1767.945312 327.125000 0.000000 -163.000000 0.000000 0.000000 0.000000 1.000000 0.000000 -163.000000 1.000000 0 0 0.000000
15 -939.613464 -2674.797119 783.125000 0.000000 148.000000 0.000000 0.000000 0.000000 1.000000 0.000000 148.000000 1.000000 0 0 0.000000
11 -1543.497192 -1378.647827 104.125000 0.000000 168.000000 0.000000 0.000000 0.000000 1.000000 0.000000 168.000000 1.000000 0 0 0.000000
10 -869.900085 -2655.503906 868.125000 0.000000 142.000000 0.000000 0.000000 0.000000 1.000000 0.000000 142.000000 1.000000 0 0 0.000000
15 -1497.278198 -1339.732788 207.125000 0.000000 -164.000000 0.000000 0.000000 0.000000 1.000000 0.000000 -164.000000 1.000000 0 0 0.000000
10 -1019.033386 -2656.720214 644.125000 0.000000 -90.000000 0.000000 0.000000 0.000000 1.000000 0.000000 -90.000000 1.000000 0 0 0.000000
11 -965.232727 -2628.091308 632.125000 0.000000 -97.000000 0.000000 0.000000 0.000000 1.000000 0.000000 -97.000000 1.000000 0 0 0.000000
11 -918.752014 -2638.319824 616.125000 0.000000 -81.000000 0.000000 0.000000 0.000000 1.000000 0.000000 -81.000000 1.000000 0 0 0.000000
10 -737.100646 -2734.420410 228.125000 0.000000 -104.000000 0.000000 0.000000 0.000000 1.000000 0.000000 -104.000000 1.000000 0 0 0.000000
15 -1137.870117 -2595.690673 687.125000 0.000000 -38.000000 0.000000 0.000000 0.000000 1.000000 0.000000 -38.000000 1.000000 0 0 0.000000
10 -1206.471191 -2745.658691 420.125000 0.000000 -97.000000 0.000000 0.000000 0.000000 1.000000 0.000000 -97.000000 1.000000 0 0 0.000000
11 -1005.869445 -2635.729492 776.125000 0.000000 97.000000 0.000000 0.000000 0.000000 1.000000 0.000000 97.000000 1.000000 0 0 0.000000
10 -1284.954956 -2599.859375 388.125000 0.000000 -167.000000 0.000000 0.000000 0.000000 1.000000 0.000000 -167.000000 1.000000 0 0 0.000000
11 -953.893005 -2645.753906 328.125000 0.000000 -39.000000 0.000000 0.000000 0.000000 1.000000 0.000000 -39.000000 1.000000 0 0 0.000000
11 -1000.292724 -2651.613525 344.125000 0.000000 -48.000000 0.000000 0.000000 0.000000 1.000000 0.000000 -48.000000 1.000000 0 0 0.000000
13 -3707.519287 223.219512 677.125000 0.000000 -89.000000 0.000000 0.000000 0.000000 1.000000 0.000000 -89.000000 1.000000 0 0 0.000000
10 -3704.356689 284.639801 644.125000 0.000000 -93.000000 0.000000 0.000000 0.000000 1.000000 0.000000 -93.000000 1.000000 0 0 0.000000
14 -3685.171386 350.045166 615.125000 0.000000 -82.000000 0.000000 0.000000 0.000000 1.000000 0.000000 -82.000000 1.000000 0 0 0.000000
10 -3646.105224 247.105484 676.125000 0.000000 -90.000000 0.000000 0.000000 0.000000 1.000000 0.000000 -90.000000 1.000000 0 0 0.000000
11 -2227.972900 -707.483093 992.125000 0.000000 -162.000000 0.000000 0.000000 0.000000 1.000000 0.000000 -162.000000 1.000000 0 0 0.000000
11 -1942.063964 -918.469177 992.125000 0.000000 -8.000000 0.000000 0.000000 0.000000 1.000000 0.000000 -8.000000 1.000000 0 0 0.000000
11 -2218.612792 -650.436096 992.125000 0.000000 176.000000 0.000000 0.000000 0.000000 1.000000 0.000000 176.000000 1.000000 0 0 0.000000
11 -1921.013916 -853.030883 992.125000 0.000000 3.000000 0.000000 0.000000 0.000000 1.000000 0.000000 3.000000 1.000000 0 0 0.000000
15 -1909.392211 -1392.263061 991.125000 0.000000 94.000000 0.000000 0.000000 0.000000 1.000000 0.000000 94.000000 1.000000 0 0 0.000000
15 -2587.843750 -2051.232910 1191.125000 0.000000 53.000000 0.000000 0.000000 0.000000 1.000000 0.000000 53.000000 1.000000 0 0 0.000000
10 -1767.083862 -1385.083007 996.125000 0.000000 153.000000 0.000000 0.000000 0.000000 1.000000 0.000000 153.000000 1.000000 0 0 0.000000
15 -2580.789062 -2136.292968 1191.125000 0.000000 0.000000 0.000000 0.000000 0.000000 1.000000 0.000000 0.000000 1.000000 0 0 0.000000
11 -3943.752441 -1467.740234 1176.125000 0.000000 42.000000 0.000000 0.000000 0.000000 1.000000 0.000000 42.000000 1.000000 0 0 0.000000
15 -3945.028564 -1994.125000 1127.125000 0.000000 -154.000000 0.000000 0.000000 0.000000 1.000000 0.000000 -154.000000 1.000000 0 0 0.000000
14 -3028.679199 -1736.668334 1227.125000 0.000000 26.000000 0.000000 0.000000 0.000000 1.000000 0.000000 26.000000 1.000000 0 0 0.000000
15 -3913.098388 -2273.044433 1151.125000 0.000000 -178.000000 0.000000 0.000000 0.000000 1.000000 0.000000 -178.000000 1.000000 0 0 0.000000
15 -4210.278808 -2249.583007 991.125000 0.000000 -158.000000 0.000000 0.000000 0.000000 1.000000 0.000000 -158.000000 1.000000 0 0 0.000000
10 -2145.060546 -687.309143 972.125000 0.000000 -70.000000 0.000000 0.000000 0.000000 1.000000 0.000000 -70.000000 1.000000 0 0 0.000000
15 -3112.519531 -1715.665527 1003.126770 0.000000 -78.000000 0.000000 0.000000 0.000000 1.000000 0.000000 -78.000000 1.000000 0 0 0.000000
14 -2627.068359 -1941.261230 1175.125000 0.000000 26.000000 0.000000 0.000000 0.000000 1.000000 0.000000 26.000000 1.000000 0 0 0.000000
15 -3907.529785 -2184.777343 1135.125000 0.000000 162.000000 0.000000 0.000000 0.000000 1.000000 0.000000 162.000000 1.000000 0 0 0.000000
11 -2983.671875 -1459.140869 1144.125000 0.000000 89.000000 0.000000 0.000000 0.000000 1.000000 0.000000 89.000000 1.000000 0 0 0.000000
15 -3963.334716 -2077.982910 1127.125000 0.000000 126.000000 0.000000 0.000000 0.000000 1.000000 0.000000 126.000000 1.000000 0 0 0.000000
11 -3021.179199 -1504.718994 1144.125000 0.000000 82.000000 0.000000 0.000000 0.000000 1.000000 0.000000 82.000000 1.000000 0 0 0.000000
15 -3637.010498 -1754.801757 991.125000 0.000000 22.000000 0.000000 0.000000 0.000000 1.000000 0.000000 22.000000 1.000000 0 0 0.000000
15 -801.124084 -1853.270874 991.125000 0.000000 177.000000 0.000000 0.000000 0.000000 1.000000 0.000000 177.000000 1.000000 0 0 0.000000
15 -636.398315 -1674.564453 999.489990 0.000000 142.000000 0.000000 -0.184288 0.000000 0.982872 0.000000 142.000000 1.000000 0 0 0.000000
15 -539.587097 -1654.319335 1015.125000 0.000000 85.000000 0.000000 0.000000 0.000000 1.000000 0.000000 85.000000 1.000000 0 0 0.000000
15 -1321.300415 -2025.895996 1207.125000 0.000000 -53.000000 0.000000 0.000000 0.000000 1.000000 0.000000 -53.000000 1.000000 0 0 0.000000
10 -1870.077270 -912.777221 972.125000 0.000000 46.000000 0.000000 0.000000 0.000000 1.000000 0.000000 46.000000 1.000000 0 0 0.000000
11 -1895.551391 -981.390502 992.125000 0.000000 87.000000 0.000000 0.000000 0.000000 1.000000 0.000000 87.000000 1.000000 0 0 0.000000
11 -1859.394165 -1079.322021 992.125000 0.000000 -100.000000 0.000000 0.000000 0.000000 1.000000 0.000000 -100.000000 1.000000 0 0 0.000000
5 -3356.750244 527.125000 341.999786 0.000000 -178.000000 89.000000 0.000000 1.000000 0.000000 0.000000 -178.000000 0.000000 2 0 0.000000
11 -3719.227539 77.543968 704.125000 0.000000 93.000000 0.000000 0.000000 0.000000 1.000000 0.000000 93.000000 1.000000 0 0 0.000000
5 -3462.772460 619.543457 265.229919 0.000000 163.000000 169.000000 0.634316 0.000000 -0.773073 0.634316 163.000000 -0.773072 2 0 0.000000
11 -3638.075927 71.551086 704.125000 0.000000 90.000000 0.000000 0.000000 0.000000 1.000000 0.000000 90.000000 1.000000 0 0 0.000000
11 -3488.613037 617.448425 104.125000 0.000000 -4.000000 0.000000 0.000000 0.000000 1.000000 0.000000 -4.000000 1.000000 0 0 0.000000
11 -3674.489501 116.477241 704.125000 0.000000 -95.000000 0.000000 0.000000 0.000000 1.000000 0.000000 -95.000000 1.000000 0 0 0.000000
2 -3229.570312 -608.114379 679.125000 0.000000 -89.000000 0.000000 0.000000 0.000000 1.000000 0.000000 -89.000000 1.000000 0 0 0.000000
10 -2272.290771 -658.767578 972.125000 0.000000 -32.000000 0.000000 0.000000 0.000000 1.000000 0.000000 -32.000000 1.000000 0 0 0.000000
11 -2081.211914 -723.154968 992.125000 0.000000 132.000000 0.000000 0.000000 0.000000 1.000000 0.000000 132.000000 1.000000 0 0 0.000000
11 -2141.217529 -758.844665 992.125000 0.000000 148.000000 0.000000 0.000000 0.000000 1.000000 0.000000 148.000000 1.000000 0 0 0.000000
11 -3359.083251 696.521850 264.125000 0.000000 82.000000 0.000000 0.000000 0.000000 1.000000 0.000000 82.000000 1.000000 0 0 0.000000
11 -3451.595947 572.200988 120.125000 0.000000 19.000000 0.000000 0.000000 0.000000 1.000000 0.000000 19.000000 1.000000 0 0 0.000000
11 -3425.077148 639.443847 104.125000 0.000000 -56.000000 0.000000 0.000000 0.000000 1.000000 0.000000 -56.000000 1.000000 0 0 0.000000
10 -993.655944 -2729.189697 452.125000 0.000000 5.000000 0.000000 0.000000 0.000000 1.000000 0.000000 5.000000 1.000000 0 0 0.000000
5 -3354.050781 648.875000 197.865875 0.000000 17.000000 102.000000 0.000000 -1.000000 0.000000 0.000000 17.000000 0.000000 2 0 0.000000
5 -3388.562255 648.875000 183.784576 0.000000 0.000000 89.000000 0.000000 -1.000000 0.000000 0.000000 0.000000 0.000000 2 0 0.000000
15 -1235.279785 -2538.892822 991.125000 0.000000 -88.000000 0.000000 0.000000 0.000000 1.000000 0.000000 -88.000000 1.000000 0 0 0.000000
15 -1744.220092 -3252.920410 719.125000 0.000000 91.000000 0.000000 0.000000 0.000000 1.000000 0.000000 91.000000 1.000000 0 0 0.000000
11 -1739.366455 -3351.480712 744.125000 0.000000 88.000000 0.000000 0.000000 0.000000 1.000000 0.000000 88.000000 1.000000 0 0 0.000000
10 -1741.336547 -3435.732910 724.125000 0.000000 88.000000 0.000000 0.000000 0.000000 1.000000 0.000000 88.000000 1.000000 0 0 0.000000
10 -1727.698974 -2697.340332 421.281524 0.000000 -70.000000 0.000000 0.000000 -0.048820 0.998807 0.000000 -70.000000 1.000000 0 0 0.000000
15 -1714.097778 -2873.772949 415.125000 0.000000 -70.000000 0.000000 0.000000 0.000000 1.000000 0.000000 -70.000000 1.000000 0 0 0.000000
11 -1724.959350 -2781.062744 440.125000 0.000000 -70.000000 0.000000 0.000000 0.000000 1.000000 0.000000 -70.000000 1.000000 0 0 0.000000
15 -982.495239 -2270.742919 1015.125000 0.000000 -69.000000 0.000000 0.000000 0.000000 1.000000 0.000000 -69.000000 1.000000 0 0 0.000000
15 -1121.669921 -1457.703125 1031.125000 0.000000 -21.000000 0.000000 0.000000 0.000000 1.000000 0.000000 -21.000000 1.000000 0 0 0.000000
10 -3231.150146 571.036193 180.125000 0.000000 -110.000000 0.000000 0.000000 0.000000 1.000000 0.000000 -110.000000 1.000000 0 0 0.000000
11 -3384.417968 584.701477 184.125000 0.000000 -9.000000 0.000000 0.000000 0.000000 1.000000 0.000000 -9.000000 1.000000 0 0 0.000000
11 -2663.410400 -545.762207 880.125000 0.000000 140.000000 0.000000 0.000000 0.000000 1.000000 0.000000 140.000000 1.000000 0 0 0.000000
11 -2593.722900 -551.053466 912.125000 0.000000 164.000000 0.000000 0.000000 0.000000 1.000000 0.000000 164.000000 1.000000 0 0 0.000000
11 -2546.430908 -551.186645 944.125000 0.000000 129.000000 0.000000 0.000000 0.000000 1.000000 0.000000 129.000000 1.000000 0 0 0.000000
10 -2016.544921 -856.291320 972.125000 0.000000 144.000000 0.000000 0.000000 0.000000 1.000000 0.000000 144.000000 1.000000 0 0 0.000000
11 -1846.595214 -980.176147 992.125000 0.000000 76.000000 0.000000 0.000000 0.000000 1.000000 0.000000 76.000000 1.000000 0 0 0.000000
10 -1852.120239 -1262.082885 988.125000 0.000000 -87.000000 0.000000 0.000000 0.000000 1.000000 0.000000 -87.000000 1.000000 0 0 0.000000
10 -1913.483154 -1261.263061 988.125000 0.000000 -94.000000 0.000000 0.000000 0.000000 1.000000 0.000000 -94.000000 1.000000 0 0 0.000000
11 -1870.768920 -1173.667114 992.125000 0.000000 -97.000000 0.000000 0.000000 0.000000 1.000000 0.000000 -97.000000 1.000000 0 0 0.000000
11 -1827.191284 -1395.485839 1016.125000 0.000000 -61.000000 0.000000 0.000000 0.000000 1.000000 0.000000 -61.000000 1.000000 0 0 0.000000
10 -1424.398315 -1871.706176 1124.125000 0.000000 66.000000 0.000000 0.000000 0.000000 1.000000 0.000000 66.000000 1.000000 0 0 0.000000
15 -990.996826 -1804.830932 991.125000 0.000000 53.000000 0.000000 0.000000 0.000000 1.000000 0.000000 53.000000 1.000000 0 0 0.000000
15 -978.308959 -1721.733154 1055.125000 0.000000 36.000000 0.000000 0.000000 0.000000 1.000000 0.000000 36.000000 1.000000 0 0 0.000000
14 -1131.825317 -2171.595947 1135.125000 0.000000 25.000000 0.000000 0.000000 0.000000 1.000000 0.000000 25.000000 1.000000 0 0 0.000000
15 -804.036010 -2274.029785 1015.125000 0.000000 -89.000000 0.000000 0.000000 0.000000 1.000000 0.000000 -89.000000 1.000000 0 0 0.000000
15 -891.721008 -2276.456298 1015.125000 0.000000 -80.000000 0.000000 0.000000 0.000000 1.000000 0.000000 -80.000000 1.000000 0 0 0.000000
1 -3834.753906 -363.441711 815.125000 0.000000 89.000000 0.000000 0.000000 0.000000 1.000000 0.000000 89.000000 1.000000 0 0 0.000000
1 -3577.076171 -186.826354 815.125000 0.000000 -20.000000 0.000000 0.000000 0.000000 1.000000 0.000000 -20.000000 1.000000 0 0 0.000000
7 -3730.490478 -448.484680 723.966308 0.000000 -75.000000 0.000000 -0.316227 0.000000 0.948683 0.000000 -75.000000 1.000000 0 0 0.000000
1 -3539.079345 -593.117614 655.125000 0.000000 0.000000 0.000000 0.000000 0.000000 1.000000 0.000000 0.000000 1.000000 0 0 0.000000
1 -3508.067626 -540.868652 713.308044 0.000000 -22.000000 97.000000 0.000000 -0.707106 0.707106 -0.707106 -22.000000 0.000000 0 0 0.000000
5 -3093.033447 -632.875000 721.352966 0.000000 159.000000 82.000000 0.000000 1.000000 0.000000 0.000000 159.000000 0.000000 0 0 0.000000
5 -3028.092041 -632.875000 755.575927 0.000000 159.000000 81.000000 0.000000 1.000000 0.000000 0.000000 159.000000 0.000000 0 0 0.000000
5 -2963.272949 -632.875000 796.566650 0.000000 159.000000 81.000000 0.000000 1.000000 0.000000 0.000000 159.000000 0.000000 0 0 0.000000
5 -2914.853759 -632.875000 818.090209 0.000000 159.000000 81.000000 0.000000 1.000000 0.000000 0.000000 159.000000 0.000000 0 0 0.000000
5 -2828.054931 -632.875000 842.698669 0.000000 159.000000 81.000000 0.000000 1.000000 0.000000 0.000000 159.000000 0.000000 0 0 0.000000
5 -2781.419921 -632.875000 862.645446 0.000000 159.000000 81.000000 0.000000 1.000000 0.000000 0.000000 159.000000 0.000000 0 0 0.000000
5 -2691.284912 -632.875000 901.636474 0.000000 159.000000 81.000000 0.000000 1.000000 0.000000 0.000000 159.000000 0.000000 0 0 0.000000
5 -2643.982421 -632.875000 921.754516 0.000000 159.000000 81.000000 0.000000 1.000000 0.000000 0.000000 159.000000 0.000000 0 0 0.000000
5 -2587.030761 -632.875000 948.878967 0.000000 156.000000 75.000000 0.000000 1.000000 0.000000 0.000000 156.000000 0.000000 0 0 0.000000
11 -2710.437988 -547.286071 848.125000 0.000000 0.000000 0.000000 0.000000 0.000000 1.000000 0.000000 0.000000 1.000000 0 0 0.000000
11 -2786.369628 -545.185607 816.125000 0.000000 2.000000 0.000000 0.000000 0.000000 1.000000 0.000000 2.000000 1.000000 0 0 0.000000
11 -2840.635498 -542.225524 784.125000 0.000000 9.000000 0.000000 0.000000 0.000000 1.000000 0.000000 9.000000 1.000000 0 0 0.000000
1 -3729.487792 -576.760131 655.125000 0.000000 162.000000 0.000000 0.000000 0.000000 1.000000 0.000000 162.000000 1.000000 0 0 0.000000
3 -3273.429931 732.150451 447.504028 0.000000 128.000000 0.000000 0.624695 0.000000 0.780868 0.000000 128.000000 1.000000 0 0 0.000000
14 -3707.766601 730.339172 503.125000 0.000000 154.000000 0.000000 0.000000 0.000000 1.000000 0.000000 154.000000 1.000000 0 0 0.000000
11 -3316.578857 641.751342 216.125000 0.000000 -65.000000 0.000000 0.000000 0.000000 1.000000 0.000000 -65.000000 1.000000 0 0 0.000000
2 -3698.056884 580.005187 511.125000 0.000000 -134.000000 0.000000 0.000000 0.000000 1.000000 0.000000 -134.000000 1.000000 0 0 0.000000
8 -3529.253906 647.046142 516.125000 0.000000 89.000000 0.000000 0.000000 0.000000 1.000000 0.000000 89.000000 1.000000 0 0 0.000000
2 -3625.201904 713.436523 511.125000 0.000000 150.000000 0.000000 0.000000 0.000000 1.000000 0.000000 150.000000 1.000000 0 0 0.000000
15 -3542.560058 554.275512 511.125000 0.000000 -88.000000 0.000000 0.000000 0.000000 1.000000 0.000000 -88.000000 1.000000 0 0 0.000000
1 -3424.614990 -207.201583 655.125000 0.000000 151.000000 0.000000 0.000000 0.000000 1.000000 0.000000 151.000000 1.000000 0 0 0.000000
1 -3357.980468 -274.049743 655.125000 0.000000 -46.000000 0.000000 0.000000 0.000000 1.000000 0.000000 -46.000000 1.000000 0 0 0.000000
3 -3350.212402 688.733581 508.929992 0.000000 -164.000000 0.000000 0.624695 0.000000 0.780868 0.000000 -164.000000 1.000000 0 0 0.000000
1 -3431.645507 -513.014221 671.125000 0.000000 45.000000 0.000000 0.000000 0.000000 1.000000 0.000000 45.000000 1.000000 0 0 0.000000
2 -3531.490722 -98.851081 815.125000 0.000000 173.000000 0.000000 0.000000 0.000000 1.000000 0.000000 173.000000 1.000000 0 0 0.000000
2 -3378.410400 -17.886543 839.125000 0.000000 62.000000 0.000000 0.000000 0.000000 1.000000 0.000000 62.000000 1.000000 0 0 0.000000
2 -3329.707031 -149.909576 815.125000 0.000000 -21.000000 0.000000 0.000000 0.000000 1.000000 0.000000 -21.000000 1.000000 0 0 0.000000
15 -3309.972412 554.340454 191.125000 0.000000 -109.000000 0.000000 0.000000 0.000000 1.000000 0.000000 -109.000000 1.000000 0 0 0.000000
11 -3485.100585 580.085693 360.125000 0.000000 -1.000000 0.000000 0.000000 0.000000 1.000000 0.000000 -1.000000 1.000000 0 0 0.000000
2 -3353.672851 648.108154 815.125000 0.000000 -151.000000 0.000000 0.000000 0.000000 1.000000 0.000000 -151.000000 1.000000 0 0 0.000000
10 -3640.068603 558.611450 324.125000 0.000000 -179.000000 0.000000 0.000000 0.000000 1.000000 -330.000000 -179.000000 1.000000 0 0 0.000000
10 -3640.888183 612.229675 324.125000 0.000000 179.000000 0.000000 0.000000 0.000000 1.000000 -330.000000 179.000000 1.000000 0 0 0.000000
10 -3635.878173 666.888427 324.125000 0.000000 179.000000 0.000000 0.000000 0.000000 1.000000 -330.000000 179.000000 1.000000 0 0 0.000000
2 -3434.160156 714.228820 511.125000 0.000000 19.000000 0.000000 0.000000 0.000000 1.000000 0.000000 19.000000 1.000000 0 0 0.000000
11 -3434.278564 585.103149 392.125000 0.000000 -179.000000 0.000000 0.000000 0.000000 1.000000 0.000000 -179.000000 1.000000 0 0 0.000000
5 -3429.591796 527.125000 457.307281 0.000000 118.000000 29.000000 0.000000 1.000000 0.000000 0.000000 118.000000 0.000000 0 0 0.000000
11 -3569.295410 620.605407 328.125000 0.000000 -96.000000 0.000000 0.000000 0.000000 1.000000 0.000000 -96.000000 1.000000 0 0 0.000000
15 -3251.743408 637.910217 175.125000 0.000000 -49.000000 0.000000 0.000000 0.000000 1.000000 0.000000 -49.000000 1.000000 0 0 0.000000
14 -2099.351318 -1395.659301 1111.125000 0.000000 30.000000 0.000000 0.000000 0.000000 1.000000 0.000000 30.000000 1.000000 0 0 0.000000
15 -1238.280273 -2677.193847 1023.125000 0.000000 -89.000000 0.000000 0.000000 0.000000 1.000000 0.000000 -89.000000 1.000000 0 0 0.000000
15 -1142.244750 -2730.209716 991.125000 0.000000 -84.000000 0.000000 0.000000 0.000000 1.000000 0.000000 -84.000000 1.000000 0 0 0.000000
15 -1137.443969 -2542.420410 991.125000 0.000000 -15.000000 0.000000 0.000000 0.000000 1.000000 0.000000 -15.000000 1.000000 0 0 0.000000
10 -1448.579589 -2637.662597 1028.125000 0.000000 -91.000000 0.000000 0.000000 0.000000 1.000000 0.000000 -91.000000 1.000000 0 0 0.000000
10 -1501.344360 -2636.783935 1028.125000 0.000000 -91.000000 0.000000 0.000000 0.000000 1.000000 0.000000 -91.000000 1.000000 0 0 0.000000
10 -1354.713378 -2637.849853 1028.125000 0.000000 -92.000000 0.000000 0.000000 0.000000 1.000000 0.000000 -92.000000 1.000000 0 0 0.000000
10 -1584.470825 -2643.518066 1028.125000 0.000000 -88.000000 0.000000 0.000000 0.000000 1.000000 0.000000 -88.000000 1.000000 0 0 0.000000
10 -1283.681884 -2610.241943 1028.125000 0.000000 -106.000000 0.000000 0.000000 0.000000 1.000000 0.000000 -106.000000 1.000000 0 0 0.000000
10 -1028.979980 -2654.549560 948.125000 0.000000 -89.000000 0.000000 0.000000 0.000000 1.000000 0.000000 -89.000000 1.000000 0 0 0.000000
15 -910.589477 -2547.077880 895.125000 0.000000 139.000000 0.000000 0.000000 0.000000 1.000000 0.000000 139.000000 1.000000 0 0 0.000000
15 -1011.590270 -2547.875976 943.125000 0.000000 176.000000 0.000000 0.000000 0.000000 1.000000 0.000000 176.000000 1.000000 0 0 0.000000
15 -842.788024 -2637.170654 559.125000 0.000000 -168.000000 0.000000 0.000000 0.000000 1.000000 0.000000 -168.000000 1.000000 0 0 0.000000
15 -930.180175 -2704.681640 495.125030 0.000000 168.000000 0.000000 0.000000 0.000000 1.000000 0.000000 168.000000 1.000000 0 0 0.000000
15 -798.521972 -2662.898193 239.125015 0.000000 138.000000 0.000000 0.000000 0.000000 1.000000 0.000000 138.000000 1.000000 0 0 0.000000
11 -801.177978 -2729.079101 248.125000 0.000000 -173.000000 0.000000 0.000000 0.000000 1.000000 0.000000 -173.000000 1.000000 0 0 0.000000
10 -1210.117797 -2802.190185 1028.125000 0.000000 87.000000 0.000000 0.000000 0.000000 1.000000 0.000000 87.000000 1.000000 0 0 0.000000
15 -1039.733764 -2661.077392 431.125000 0.000000 12.000000 0.000000 0.000000 0.000000 1.000000 0.000000 12.000000 1.000000 0 0 0.000000
10 -1285.102783 -3061.477539 259.539916 0.000000 71.000000 0.000000 0.000000 -0.407709 0.913111 0.000000 71.000000 1.000000 0 0 0.000000
10 -1742.289184 -1850.855346 212.125000 0.000000 7.000000 0.000000 0.000000 0.000000 1.000000 0.000000 7.000000 1.000000 0 0 0.000000
13 -1903.878540 -1886.194213 205.125000 0.000000 -7.000000 0.000000 0.000000 0.000000 1.000000 0.000000 -7.000000 1.000000 0 0 0.000000
15 -1855.077270 -1654.701782 79.125000 0.000000 -172.000000 0.000000 0.000000 0.000000 1.000000 0.000000 -172.000000 1.000000 0 0 0.000000
15 -1888.280883 -1566.014648 79.125000 0.000000 -119.000000 0.000000 0.000000 0.000000 1.000000 0.000000 -119.000000 1.000000 0 0 0.000000
15 -1800.889404 -1519.319946 79.125000 0.000000 140.000000 0.000000 0.000000 0.000000 1.000000 0.000000 140.000000 1.000000 0 0 0.000000
15 -1631.640747 -1404.014404 79.125000 0.000000 135.000000 0.000000 0.000000 0.000000 1.000000 0.000000 135.000000 1.000000 0 0 0.000000
15 -1428.301025 -1434.628417 207.125000 0.000000 2.000000 0.000000 0.000000 0.000000 1.000000 0.000000 2.000000 1.000000 0 0 0.000000
11 -1907.026977 -1719.595825 104.125000 0.000000 -12.000000 0.000000 0.000000 0.000000 1.000000 0.000000 -12.000000 1.000000 0 0 0.000000
10 -1955.151855 -1620.089233 84.125000 0.000000 -83.000000 0.000000 0.000000 0.000000 1.000000 0.000000 -83.000000 1.000000 0 0 0.000000
11 -1954.595214 -1682.037475 104.125000 0.000000 31.000000 0.000000 0.000000 0.000000 1.000000 0.000000 31.000000 1.000000 0 0 0.000000
1 -2614.317382 -1218.433959 458.073303 0.000000 -55.000000 0.000000 0.000000 -0.463254 0.886225 0.000000 -55.000000 0.000000 0 0 0.000000
15 -2719.232421 -382.107788 499.125030 0.000000 -174.000000 0.000000 0.000000 0.000000 1.000000 0.000000 -174.000000 1.000000 0 0 0.000000
15 -1793.395263 173.450912 503.125030 0.000000 -61.000000 0.000000 0.000000 0.000000 1.000000 0.000000 -61.000000 1.000000 0 0 0.000000
15 -2697.872314 -291.446960 465.125000 0.000000 164.000000 0.000000 0.000000 0.000000 1.000000 0.000000 164.000000 1.000000 0 0 0.000000
1 -1941.040161 185.319946 503.125000 0.000000 -21.000000 0.000000 0.000000 0.000000 1.000000 0.000000 -21.000000 1.000000 0 0 0.000000
3 -1875.770874 177.233489 503.125030 0.000000 51.000000 0.000000 0.000000 0.000000 1.000000 0.000000 51.000000 1.000000 0 0 0.000000
5 -1814.525024 151.588973 463.125000 0.000000 70.000000 0.000000 0.000000 0.000000 1.000000 0.000000 70.000000 1.000000 0 0 0.000000
8 -1755.027221 54.184341 468.125000 0.000000 33.000000 0.000000 0.000000 0.000000 1.000000 0.000000 33.000000 1.000000 0 0 0.000000
15 -2690.502929 -478.876159 465.125000 0.000000 -173.000000 0.000000 0.000000 0.000000 1.000000 0.000000 -173.000000 1.000000 0 0 0.000000
10 -2683.427734 -213.054016 504.125000 0.000000 140.000000 0.000000 0.000000 0.000000 1.000000 -353.965454 140.000000 1.000000 0 0 0.000000
10 -2685.989257 -546.977539 504.125000 0.000000 141.000000 0.000000 0.000000 0.000000 1.000000 -344.154785 141.000000 1.000000 0 0 0.000000
14 -4666.026855 171.200790 303.125000 0.000000 -104.000000 0.000000 0.000000 0.000000 1.000000 0.000000 -104.000000 1.000000 0 0 0.000000
10 -4391.299804 -1584.421264 84.125000 0.000000 67.000000 0.000000 0.000000 0.000000 1.000000 0.000000 67.000000 1.000000 0 0 0.000000
11 -4469.987304 -1583.413452 104.125000 0.000000 69.000000 0.000000 0.000000 0.000000 1.000000 0.000000 69.000000 1.000000 0 0 0.000000
12 -4713.528808 1591.726806 485.125000 0.000000 -167.000000 0.000000 0.000000 0.000000 1.000000 0.000000 -167.000000 1.000000 0 0 0.000000
14 -4413.924804 1929.459350 543.125000 0.000000 -3.000000 0.000000 0.000000 0.000000 1.000000 0.000000 -3.000000 1.000000 0 0 0.000000
15 -4389.903320 -1725.241210 79.125000 0.000000 -22.000000 0.000000 0.000000 0.000000 1.000000 0.000000 -22.000000 1.000000 0 0 0.000000
14 -4705.770019 1494.824340 479.125000 0.000000 91.000000 0.000000 0.000000 0.000000 1.000000 0.000000 91.000000 1.000000 0 0 0.000000
10 -4632.603515 1488.989257 492.125000 0.000000 91.000000 0.000000 0.000000 0.000000 1.000000 0.000000 91.000000 1.000000 0 0 0.000000
13 -4545.304199 1502.826049 485.125000 0.000000 91.000000 0.000000 0.000000 0.000000 1.000000 0.000000 91.000000 1.000000 0 0 0.000000
11 -4583.528320 1437.382202 512.125000 0.000000 91.000000 0.000000 0.000000 0.000000 1.000000 0.000000 91.000000 1.000000 0 0 0.000000
15 -4616.049804 1599.636230 487.125030 0.000000 175.000000 0.000000 0.000000 0.000000 1.000000 0.000000 175.000000 1.000000 0 0 0.000000
15 -1555.390747 -1354.593750 189.250000 0.000000 132.000000 0.000000 0.000000 0.000000 1.000000 0.000000 132.000000 1.000000 0 1 0.000000
15 -1580.885131 -1390.687500 86.819023 0.000000 164.000000 0.000000 0.000000 -0.954479 0.298274 0.000000 164.000000 1.000000 0 2 0.000000
