16 1052.002685 958.182373 207.125000 0.000000 -5.000000 0.000000 0.000000 0.000000 1.000000 0.000000 -5.000000 1.000000 0 0 0.000000
13 707.125549 708.445312 253.125015 0.000000 177.000000 0.000000 0.000000 0.000000 1.000000 0.000000 177.000000 1.000000 0 0 0.000000
11 1065.197875 98.594932 40.125000 0.000000 64.000000 0.000000 0.000000 0.000000 1.000000 0.000000 64.000000 1.000000 0 0 0.000000
14 1179.611083 265.458465 135.125000 0.000000 8.000000 0.000000 0.000000 0.000000 1.000000 0.000000 8.000000 1.000000 1 0 0.000000
16 1020.076904 954.767517 207.125000 0.000000 -43.000000 0.000000 0.000000 0.000000 1.000000 0.000000 -43.000000 1.000000 0 0 0.000000
14 1274.251220 191.554321 327.125000 0.000000 -8.000000 0.000000 0.000000 0.000000 1.000000 0.000000 -8.000000 1.000000 1 0 0.000000
11 996.679199 77.837959 40.125000 0.000000 88.000000 0.000000 0.000000 0.000000 1.000000 0.000000 88.000000 1.000000 0 0 0.000000
16 1186.199829 411.801910 207.125000 0.000000 -73.000000 0.000000 0.000000 0.000000 1.000000 0.000000 -73.000000 1.000000 0 0 0.000000
7 -441.681793 563.471618 139.007339 0.000000 77.000000 0.000000 0.371390 0.000000 0.928476 0.000000 77.000000 1.000000 1 0 0.000000
7 -434.127685 444.604522 135.985702 0.000000 5.000000 0.000000 0.371390 0.000000 0.928476 0.000000 5.000000 1.000000 1 0 0.000000
6 -774.352600 1003.007934 265.125000 0.000000 -131.000000 0.000000 0.000000 0.000000 1.000000 0.000000 -131.000000 1.000000 0 0 0.000000
16 -267.470397 522.671142 51.322784 0.000000 -168.000000 0.000000 0.371390 0.000000 0.928476 0.000000 -168.000000 1.000000 0 0 0.000000
7 1253.294799 1041.600219 326.875000 0.000000 12.000000 179.000000 0.000000 0.000000 -1.000000 1.000000 12.000000 0.000000 0 0 0.000000
7 1255.027832 970.475097 326.875000 0.000000 7.000000 179.000000 0.000000 0.000000 -1.000000 1.000000 7.000000 0.000000 0 0 0.000000
4 1244.022583 890.409606 336.875000 0.000000 2.000000 179.000000 0.000000 0.000000 -1.000000 1.000000 2.000000 0.000000 0 0 0.000000
4 1240.590820 830.192138 336.875000 0.000000 -2.000000 179.000000 0.000000 0.000000 -1.000000 1.000000 -2.000000 0.000000 0 0 0.000000
4 1232.793823 780.656616 336.875000 0.000000 15.000000 179.000000 0.000000 0.000000 -1.000000 1.000000 15.000000 0.000000 0 0 0.000000
4 1239.568359 715.512084 336.875000 0.000000 0.000000 179.000000 0.000000 0.000000 -1.000000 1.000000 0.000000 0.000000 0 0 0.000000
4 1239.460937 649.876647 336.875000 0.000000 0.000000 179.000000 0.000000 0.000000 -1.000000 1.000000 0.000000 0.000000 0 0 0.000000
7 1243.858886 572.765625 326.875000 0.000000 -2.000000 179.000000 0.000000 0.000000 -1.000000 1.000000 -2.000000 0.000000 0 0 0.000000
4 1249.070800 407.931182 336.875000 0.000000 -25.000000 179.000000 0.000000 0.000000 -1.000000 1.000000 -25.000000 0.000000 0 0 0.000000
4 1249.460937 485.860717 336.875000 0.000000 -7.000000 179.000000 0.000000 0.000000 -1.000000 1.000000 -7.000000 0.000000 0 0 0.000000
7 709.503662 427.792816 326.875000 0.000000 175.000000 179.000000 0.000000 0.000000 -1.000000 -1.000000 175.000000 0.000000 0 0 0.000000
7 731.082702 518.560546 326.875000 0.000000 178.000000 179.000000 0.000000 0.000000 -1.000000 -1.000000 178.000000 0.000000 0 0 0.000000
7 733.487731 622.807067 326.875000 0.000000 177.000000 179.000000 0.000000 0.000000 -1.000000 -1.000000 177.000000 0.000000 0 0 0.000000
7 736.905822 712.467773 326.875000 0.000000 177.000000 179.000000 0.000000 0.000000 -1.000000 -1.000000 177.000000 0.000000 0 0 0.000000
7 735.155151 802.798522 326.875000 0.000000 -139.000000 -179.000000 0.000000 0.000000 -1.000000 0.000000 -139.000000 0.000000 0 0 0.000000
7 740.244506 893.307556 326.875000 0.000000 -172.000000 180.000000 0.000000 0.000000 -1.000000 0.000000 -172.000000 0.000000 0 0 0.000000
7 742.356445 974.502563 322.875000 0.000000 -170.000000 180.000000 0.000000 0.000000 -1.000000 0.000000 -170.000000 0.000000 0 0 0.000000
7 746.578857 1052.686279 326.875000 0.000000 -176.000000 180.000000 0.000000 0.000000 -1.000000 0.000000 -176.000000 0.000000 0 0 0.000000
3 1194.984252 467.226379 207.125000 0.000000 -90.000000 0.000000 0.000000 0.000000 1.000000 0.000000 -90.000000 1.000000 0 0 0.000000
13 693.201599 463.030426 250.975173 0.000000 175.000000 0.000000 0.707106 0.000000 0.707106 0.000000 175.000000 1.000000 0 0 0.000000
1 1373.693481 637.887329 15.125000 0.000000 -19.000000 0.000000 0.000000 0.000000 1.000000 0.000000 -19.000000 1.000000 0 0 0.000000
6 942.934448 1004.043151 9.125000 0.000000 -33.000000 0.000000 0.000000 0.000000 1.000000 0.000000 -33.000000 1.000000 0 0 0.000000
1 616.580566 959.172851 15.125000 0.000000 155.000000 0.000000 0.000000 0.000000 1.000000 0.000000 155.000000 1.000000 0 0 0.000000
1 605.038635 788.704528 15.125000 0.000000 -158.000000 0.000000 0.000000 0.000000 1.000000 0.000000 -158.000000 1.000000 0 0 0.000000
1 611.212036 644.392395 15.125000 0.000000 -146.000000 0.000000 0.000000 0.000000 1.000000 0.000000 -146.000000 1.000000 0 0 0.000000
1 614.605957 479.559631 15.125000 0.000000 -156.000000 0.000000 0.000000 0.000000 1.000000 0.000000 -156.000000 1.000000 0 0 0.000000
1 1376.242797 463.156097 15.125000 0.000000 -2.000000 0.000000 0.000000 0.000000 1.000000 0.000000 -2.000000 1.000000 0 0 0.000000
1 1382.457519 788.058166 15.125000 0.000000 34.000000 0.000000 0.000000 0.000000 1.000000 0.000000 34.000000 1.000000 0 0 0.000000
1 1369.357421 944.619445 15.125000 0.000000 29.000000 0.000000 0.000000 0.000000 1.000000 0.000000 29.000000 1.000000 0 0 0.000000
11 864.156005 -26.718112 40.125000 0.000000 -172.000000 0.000000 0.000000 0.000000 1.000000 0.000000 -172.000000 1.000000 0 0 0.000000
11 864.440490 25.091815 40.125000 0.000000 -173.000000 0.000000 0.000000 0.000000 1.000000 0.000000 -173.000000 1.000000 0 0 0.000000
7 931.125000 66.737899 33.690898 0.000000 -66.000000 -66.000000 1.000000 0.000000 0.000000 1.000000 -66.000000 0.000000 0 0 0.000000
7 931.125000 60.918235 163.659805 0.000000 105.000000 87.000000 1.000000 0.000000 0.000000 1.000000 105.000000 0.000000 0 0 0.000000
8 890.138671 -1.719997 316.125000 0.000000 172.000000 0.000000 0.000000 0.000000 1.000000 0.000000 172.000000 1.000000 0 0 0.000000
15 1116.288574 -269.621520 143.125000 0.000000 -6.000000 0.000000 0.000000 0.000000 1.000000 0.000000 -6.000000 1.000000 0 0 0.000000
15 1110.219116 -101.148773 143.125000 0.000000 16.000000 0.000000 0.000000 0.000000 1.000000 0.000000 16.000000 1.000000 0 0 0.000000
15 1150.750854 -1.280696 143.125000 0.000000 6.000000 0.000000 0.000000 0.000000 1.000000 0.000000 6.000000 1.000000 0 0 0.000000
6 420.425476 1.771623 9.125000 0.000000 -1.000000 0.000000 0.000000 0.000000 1.000000 0.000000 -1.000000 1.000000 0 0 0.000000
11 44.528907 -160.769790 40.125000 0.000000 -173.000000 0.000000 0.000000 0.000000 1.000000 0.000000 -173.000000 1.000000 0 0 0.000000
7 931.125000 64.706398 87.656455 0.000000 -94.000000 -93.000000 1.000000 0.000000 0.000000 1.000000 -94.000000 0.000000 0 0 0.000000
11 -243.329421 -48.719440 40.125000 0.000000 -76.000000 0.000000 0.000000 0.000000 1.000000 0.000000 -76.000000 1.000000 0 0 0.000000
11 -291.703674 -50.104602 40.125000 0.000000 -88.000000 0.000000 0.000000 0.000000 1.000000 0.000000 -88.000000 1.000000 0 0 0.000000
11 -348.604675 -46.310226 40.125000 0.000000 -93.000000 0.000000 0.000000 0.000000 1.000000 0.000000 -93.000000 1.000000 0 0 0.000000
11 -343.398284 16.721429 40.125000 0.000000 -169.000000 0.000000 0.000000 0.000000 1.000000 0.000000 -169.000000 1.000000 0 0 0.000000
11 -339.734985 70.153976 40.125000 0.000000 161.000000 0.000000 0.000000 0.000000 1.000000 0.000000 161.000000 1.000000 0 0 0.000000
11 -1181.966430 283.388793 40.125000 0.000000 92.000000 0.000000 0.000000 0.000000 1.000000 0.000000 92.000000 1.000000 0 0 0.000000
13 -1338.140136 235.735992 13.125000 0.000000 87.000000 0.000000 0.000000 0.000000 1.000000 0.000000 87.000000 1.000000 0 0 0.000000
11 -1125.923461 244.698944 40.125000 0.000000 98.000000 0.000000 0.000000 0.000000 1.000000 0.000000 98.000000 1.000000 0 0 0.000000
13 -922.309143 248.033294 13.125000 0.000000 92.000000 0.000000 0.000000 0.000000 1.000000 0.000000 92.000000 1.000000 0 0 0.000000
11 -1072.553955 263.216857 40.125000 0.000000 79.000000 0.000000 0.000000 0.000000 1.000000 0.000000 79.000000 1.000000 0 0 0.000000
1 -890.855651 -5.012661 15.125000 0.000000 4.000000 0.000000 0.000000 0.000000 1.000000 0.000000 4.000000 1.000000 0 0 0.000000
14 -2480.990478 1151.554931 71.125000 0.000000 -100.000000 0.000000 0.000000 0.000000 1.000000 0.000000 -100.000000 1.000000 1 0 0.000000
14 -2474.377197 1599.606079 71.125000 0.000000 99.000000 0.000000 0.000000 0.000000 1.000000 0.000000 99.000000 1.000000 1 0 0.000000
14 -1687.850341 1596.538330 71.125000 0.000000 6.000000 0.000000 0.000000 0.000000 1.000000 0.000000 6.000000 1.000000 1 0 0.000000
14 -1684.760986 1148.518920 71.125000 0.000000 -6.000000 0.000000 0.000000 0.000000 1.000000 0.000000 -6.000000 1.000000 1 0 0.000000
15 -2109.549072 1584.063964 -560.875000 0.000000 -158.000000 0.000000 0.000000 0.000000 1.000000 0.000000 -158.000000 1.000000 0 0 0.000000
11 -1955.299194 1193.607299 40.125000 0.000000 154.000000 0.000000 0.000000 0.000000 1.000000 0.000000 154.000000 1.000000 0 0 0.000000
11 -1890.062622 1187.456420 40.125000 0.000000 140.000000 0.000000 0.000000 0.000000 1.000000 0.000000 140.000000 1.000000 0 0 0.000000
11 -1842.681884 1214.393066 40.125000 0.000000 101.000000 0.000000 0.000000 0.000000 1.000000 0.000000 101.000000 1.000000 0 0 0.000000
11 -1828.130004 1279.315307 40.125000 0.000000 111.000000 0.000000 0.000000 0.000000 1.000000 0.000000 111.000000 1.000000 0 0 0.000000
11 -1823.010131 1342.776367 40.125000 0.000000 115.000000 0.000000 0.000000 0.000000 1.000000 0.000000 115.000000 1.000000 0 0 0.000000
11 -1828.740234 1407.344970 40.125000 0.000000 134.000000 0.000000 0.000000 0.000000 1.000000 0.000000 134.000000 1.000000 0 0 0.000000
11 -1826.279296 1468.255004 40.125000 0.000000 132.000000 0.000000 0.000000 0.000000 1.000000 0.000000 132.000000 1.000000 0 0 0.000000
11 -1829.781005 1529.604248 40.125000 0.000000 142.000000 0.000000 0.000000 0.000000 1.000000 0.000000 142.000000 1.000000 0 0 0.000000
11 -1880.995117 1563.788818 40.125000 0.000000 -141.000000 0.000000 0.000000 0.000000 1.000000 0.000000 -141.000000 1.000000 0 0 0.000000
11 -1946.160400 1561.689819 40.125000 0.000000 -139.000000 0.000000 0.000000 0.000000 1.000000 0.000000 -139.000000 1.000000 0 0 0.000000
11 -1998.533935 1560.388305 40.125000 0.000000 -35.000000 0.000000 0.000000 0.000000 1.000000 0.000000 -35.000000 1.000000 0 0 0.000000
14 -1699.786743 1689.372192 -568.875000 0.000000 11.000000 0.000000 0.000000 0.000000 1.000000 0.000000 11.000000 1.000000 1 0 0.000000
14 -2369.482910 1404.614868 -568.875000 0.000000 -49.000000 0.000000 0.000000 0.000000 1.000000 0.000000 -49.000000 1.000000 1 0 0.000000
11 -2389.951904 1547.395996 -343.875000 0.000000 92.000000 0.000000 0.000000 0.000000 1.000000 0.000000 92.000000 1.000000 0 0 0.000000
11 -2331.720214 1545.165527 -343.875000 0.000000 98.000000 0.000000 0.000000 0.000000 1.000000 0.000000 98.000000 1.000000 0 0 0.000000
6 -1413.329223 509.615783 9.125000 0.000000 -80.000000 0.000000 0.000000 0.000000 1.000000 0.000000 -80.000000 1.000000 0 0 0.000000
7 -1896.875000 -465.558288 -97.259384 0.000000 -103.000000 -97.000000 1.000000 0.000000 0.000000 1.000000 -103.000000 0.000000 0 0 0.000000
14 -995.884887 -1828.619018 -88.875000 0.000000 69.000000 0.000000 0.000000 0.000000 1.000000 0.000000 69.000000 1.000000 1 0 0.000000
4 -1920.875000 -683.677978 -78.361030 0.000000 -88.000000 -90.000000 1.000000 0.000000 0.000000 1.000000 -88.000000 0.000000 0 0 0.000000
16 -1766.286132 -475.538787 -115.916419 0.000000 -20.000000 0.000000 0.000000 -0.146548 0.989203 0.000000 -20.000000 1.000000 0 0 0.000000
4 -1920.875000 -671.764038 -35.582824 0.000000 -89.000000 -89.000000 1.000000 0.000000 0.000000 1.000000 -89.000000 0.000000 0 0 0.000000
4 -1920.875000 -653.379577 -1.918154 0.000000 -93.000000 -89.000000 1.000000 0.000000 0.000000 1.000000 -93.000000 0.000000 0 0 0.000000
11 -1907.416992 -734.664123 -128.268325 0.000000 -95.000000 0.000000 0.000000 -0.146548 0.989203 0.000000 -95.000000 1.000000 0 0 0.000000
11 -1852.309936 -734.020935 -128.173034 0.000000 -93.000000 0.000000 0.000000 -0.146548 0.989203 0.000000 -93.000000 1.000000 0 0 0.000000
11 -1791.211791 -773.990234 -134.094406 0.000000 -85.000000 0.000000 0.000000 -0.146548 0.989203 0.000000 -85.000000 1.000000 0 0 0.000000
14 108.757041 -869.240966 -72.875000 0.000000 92.000000 0.000000 0.000000 0.000000 1.000000 0.000000 92.000000 1.000000 1 0 0.000000
11 -177.779785 -934.557189 40.125000 0.000000 178.000000 0.000000 0.000000 0.000000 1.000000 0.000000 178.000000 1.000000 0 0 0.000000
11 -121.742370 -935.286621 40.125000 0.000000 177.000000 0.000000 0.000000 0.000000 1.000000 0.000000 177.000000 1.000000 0 0 0.000000
11 -71.495895 -932.147460 40.125000 0.000000 -178.000000 0.000000 0.000000 0.000000 1.000000 0.000000 -178.000000 1.000000 0 0 0.000000
11 -14.964519 -930.846740 40.125000 0.000000 -178.000000 0.000000 0.000000 0.000000 1.000000 0.000000 -178.000000 1.000000 0 0 0.000000
11 40.439186 -932.320678 40.125000 0.000000 92.000000 0.000000 0.000000 0.000000 1.000000 0.000000 92.000000 1.000000 0 0 0.000000
11 90.258712 -929.811462 40.125000 0.000000 97.000000 0.000000 0.000000 0.000000 1.000000 0.000000 97.000000 1.000000 0 0 0.000000
16 52.747509 -858.593872 -176.875000 0.000000 108.000000 0.000000 0.000000 0.000000 1.000000 0.000000 108.000000 1.000000 0 0 0.000000
15 261.934082 -1153.263305 -18.612220 0.000000 101.000000 0.000000 0.000000 -0.514495 0.857492 0.000000 101.000000 1.000000 0 0 0.000000
11 -435.016113 1380.137084 296.125000 0.000000 -175.000000 0.000000 0.000000 0.000000 1.000000 0.000000 -175.000000 1.000000 0 0 0.000000
11 -437.256774 1441.946411 296.125000 0.000000 175.000000 0.000000 0.000000 0.000000 1.000000 0.000000 175.000000 1.000000 0 0 0.000000
14 -1063.785888 1406.995971 343.125000 0.000000 -77.000000 0.000000 0.000000 0.000000 1.000000 0.000000 -77.000000 1.000000 1 0 0.000000
13 -1064.092285 1519.528930 269.125000 0.000000 -97.000000 0.000000 0.000000 0.000000 1.000000 0.000000 -97.000000 1.000000 0 0 0.000000
16 -1092.149902 1014.247070 271.125000 0.000000 -8.000000 0.000000 0.000000 0.000000 1.000000 0.000000 -8.000000 1.000000 0 0 0.000000
6 592.036560 2534.048095 457.125000 0.000000 0.000000 0.000000 0.000000 0.000000 1.000000 0.000000 0.000000 1.000000 0 0 0.000000
6 1038.089477 -28.762840 9.125000 0.000000 60.000000 0.000000 0.000000 0.000000 1.000000 0.000000 60.000000 1.000000 0 0 0.000000
16 575.448486 -36.615806 15.125000 0.000000 -174.000000 0.000000 0.000000 0.000000 1.000000 0.000000 -174.000000 1.000000 0 0 0.000000
16 593.914611 36.955459 15.125000 0.000000 174.000000 0.000000 0.000000 0.000000 1.000000 0.000000 174.000000 1.000000 0 0 0.000000
13 1241.013916 -235.115356 333.125000 0.000000 6.000000 0.000000 0.000000 0.000000 1.000000 0.000000 6.000000 1.000000 0 0 0.000000
13 1233.693847 -158.759811 333.125000 0.000000 -7.000000 0.000000 0.000000 0.000000 1.000000 0.000000 -7.000000 1.000000 0 0 0.000000
6 1054.013427 864.073059 159.189575 0.000000 -67.000000 0.000000 0.000000 -0.514495 0.857492 0.000000 -67.000000 1.000000 0 0 0.000000
9 1351.062255 2539.924560 292.125000 0.000000 79.000000 0.000000 0.000000 0.000000 1.000000 0.000000 79.000000 1.000000 0 0 0.000000
16 979.293029 1053.413330 207.125000 0.000000 29.000000 0.000000 0.000000 0.000000 1.000000 0.000000 29.000000 1.000000 0 0 0.000000
10 897.825073 -88.701774 363.351715 0.000000 107.000000 0.000000 0.707106 0.000000 0.707106 0.000000 107.000000 1.000000 0 0 0.000000
11 -1772.226074 -934.354125 -151.875000 0.000000 96.000000 0.000000 0.000000 0.000000 1.000000 0.000000 96.000000 1.000000 0 0 0.000000
11 -1789.845336 -854.775512 -146.062591 0.000000 13.000000 0.000000 0.000000 -0.146548 0.989203 0.000000 13.000000 1.000000 0 0 0.000000
6 -99.249862 -511.228088 81.125488 0.000000 171.000000 0.000000 0.000000 0.000000 1.000000 0.000000 171.000000 1.000000 0 0 0.000000
11 -1.755573 -162.316390 40.125000 0.000000 2.000000 0.000000 0.000000 0.000000 1.000000 0.000000 2.000000 1.000000 0 0 0.000000
11 -49.746139 -161.539947 40.125000 0.000000 0.000000 0.000000 0.000000 0.000000 1.000000 0.000000 0.000000 1.000000 0 0 0.000000
1 -151.276473 -77.937232 15.125000 0.000000 155.000000 0.000000 0.000000 0.000000 1.000000 0.000000 155.000000 1.000000 0 0 0.000000
13 695.354003 621.600646 248.822769 0.000000 81.000000 0.000000 0.707106 0.000000 0.707106 0.000000 81.000000 1.000000 0 0 0.000000
13 693.859436 798.141052 250.317367 0.000000 -85.000000 0.000000 0.707106 0.000000 0.707106 0.000000 -85.000000 1.000000 0 0 0.000000
13 707.525390 894.206848 253.125015 0.000000 -92.000000 0.000000 0.000000 0.000000 1.000000 0.000000 -92.000000 1.000000 0 0 0.000000
13 695.949157 977.253051 248.227661 0.000000 -179.000000 0.000000 0.707106 0.000000 0.707106 0.000000 -179.000000 1.000000 0 0 0.000000
13 741.517089 1051.995239 253.125015 0.000000 179.000000 0.000000 0.000000 0.000000 1.000000 0.000000 179.000000 1.000000 0 0 0.000000
13 722.704772 544.217895 253.125015 0.000000 -179.000000 0.000000 0.000000 0.000000 1.000000 0.000000 -179.000000 1.000000 0 0 0.000000
13 719.678100 383.817840 253.125015 0.000000 178.000000 0.000000 0.000000 0.000000 1.000000 0.000000 178.000000 1.000000 0 0 0.000000
7 896.170654 480.193603 281.125000 0.000000 -179.000000 0.000000 0.000000 0.000000 1.000000 0.000000 -179.000000 1.000000 0 0 0.000000
13 1267.392578 397.286712 253.125015 0.000000 -91.000000 0.000000 0.000000 0.000000 1.000000 0.000000 -91.000000 1.000000 0 0 0.000000
13 1295.251831 487.990386 255.428573 0.000000 -24.000000 0.000000 -0.707106 0.000000 0.707106 0.000000 -24.000000 1.000000 0 0 0.000000
13 1272.583618 575.883972 253.125015 0.000000 -87.000000 0.000000 0.000000 0.000000 1.000000 0.000000 -87.000000 1.000000 0 0 0.000000
13 1301.347534 662.718627 261.524291 0.000000 -63.000000 0.000000 -0.707106 0.000000 0.707106 0.000000 -63.000000 1.000000 0 0 0.000000
13 1259.196899 739.125976 253.125015 0.000000 -81.000000 0.000000 0.000000 0.000000 1.000000 0.000000 -81.000000 1.000000 0 0 0.000000
13 1300.704101 823.859436 260.880950 0.000000 -66.000000 0.000000 -0.707106 0.000000 0.707106 0.000000 -66.000000 1.000000 0 0 0.000000
13 1260.641235 897.609558 253.125015 0.000000 -74.000000 0.000000 0.000000 0.000000 1.000000 0.000000 -74.000000 1.000000 0 0 0.000000
13 1257.586791 1051.519531 253.125015 0.000000 0.000000 0.000000 0.000000 0.000000 1.000000 0.000000 0.000000 1.000000 0 0 0.000000
13 1290.949096 978.626647 251.125885 0.000000 0.000000 0.000000 -0.707106 0.000000 0.707106 0.000000 0.000000 1.000000 0 0 0.000000
5 953.324584 480.137084 271.125000 0.000000 -100.000000 0.000000 0.000000 0.000000 1.000000 0.000000 -100.000000 1.000000 0 0 0.000000
4 1114.389526 438.231018 271.125000 0.000000 -42.000000 0.000000 0.000000 0.000000 1.000000 0.000000 -42.000000 1.000000 0 0 0.000000
3 881.928527 781.909667 255.125000 0.000000 159.000000 0.000000 0.000000 0.000000 1.000000 0.000000 159.000000 1.000000 0 0 0.000000
1 1174.377807 793.218383 207.125000 0.000000 -31.000000 0.000000 0.000000 0.000000 1.000000 0.000000 -31.000000 1.000000 0 0 0.000000
3 997.255676 2078.778320 295.125000 0.000000 4.000000 0.000000 0.000000 0.000000 1.000000 0.000000 4.000000 1.000000 0 0 0.000000
15 1178.428955 2300.353027 389.504730 0.000000 102.000000 0.000000 0.763386 0.000000 0.645942 0.000000 102.000000 1.000000 0 0 0.000000
13 1247.186279 2279.569335 301.125000 0.000000 88.000000 0.000000 0.000000 0.000000 1.000000 0.000000 88.000000 1.000000 0 0 0.000000
13 1338.604980 2270.400146 301.125000 0.000000 91.000000 0.000000 0.000000 0.000000 1.000000 0.000000 91.000000 1.000000 0 0 0.000000
13 1417.605834 2259.298339 301.125000 0.000000 84.000000 0.000000 0.000000 0.000000 1.000000 0.000000 84.000000 1.000000 0 0 0.000000
16 1428.440917 2508.446044 303.125000 0.000000 3.000000 0.000000 0.000000 0.000000 1.000000 0.000000 3.000000 1.000000 0 0 0.000000
5 1440.632202 2552.194335 303.125000 0.000000 90.000000 0.000000 0.000000 0.000000 1.000000 0.000000 90.000000 1.000000 2 0 0.000000
5 1096.416748 2139.257812 496.875000 0.000000 -88.000000 180.000000 0.000000 0.000000 -1.000000 1.000000 -88.000000 0.000000 2 0 0.000000
5 1101.525390 2388.030273 496.875000 0.000000 -94.000000 179.000000 0.000000 0.000000 -1.000000 0.000000 -94.000000 0.000000 2 0 0.000000
5 1097.265625 2216.597656 496.875000 0.000000 -85.000000 180.000000 0.000000 0.000000 -1.000000 1.000000 -85.000000 0.000000 2 0 0.000000
5 1100.214721 2296.488037 496.875000 0.000000 -96.000000 179.000000 0.000000 0.000000 -1.000000 0.000000 -96.000000 0.000000 2 0 0.000000
11 1023.147644 1865.233032 320.240905 0.000000 -89.000000 0.000000 0.055658 -0.071499 0.995886 0.000000 -89.000000 1.000000 0 0 0.000000
11 968.531921 1869.984497 323.634429 0.000000 -96.000000 0.000000 0.055658 -0.071499 0.995886 0.000000 -96.000000 1.000000 0 0 0.000000
5 679.125000 2507.648193 419.871734 0.000000 110.000000 102.000000 1.000000 0.000000 0.000000 1.000000 110.000000 0.000000 0 0 0.000000
5 721.425537 2568.875000 465.685729 0.000000 -169.000000 -93.000000 0.000000 -1.000000 0.000000 0.000000 -169.000000 0.000000 0 0 0.000000
5 679.125000 2486.852539 500.274719 0.000000 -171.000000 -170.000000 1.000000 0.000000 0.000000 1.000000 -171.000000 0.000000 0 0 0.000000
5 679.804504 2568.875000 545.333190 0.000000 172.000000 -91.000000 0.000000 -1.000000 0.000000 0.000000 172.000000 0.000000 0 0 0.000000
14 523.692504 2514.902587 663.125000 0.000000 134.000000 0.000000 0.000000 0.000000 1.000000 0.000000 134.000000 1.000000 1 0 0.000000
5 725.848937 2568.875000 578.727539 0.000000 177.000000 -90.000000 0.000000 -1.000000 0.000000 0.000000 177.000000 0.000000 0 0 0.000000
13 582.288024 2237.780761 669.125000 0.000000 99.000000 0.000000 0.000000 0.000000 1.000000 0.000000 99.000000 1.000000 0 0 0.000000
13 508.931884 2218.966308 669.125000 0.000000 98.000000 0.000000 0.000000 0.000000 1.000000 0.000000 98.000000 1.000000 0 0 0.000000
13 438.081481 2206.706054 669.125000 0.000000 99.000000 0.000000 0.000000 0.000000 1.000000 0.000000 99.000000 1.000000 0 0 0.000000
13 364.242370 2191.231445 669.125000 0.000000 97.000000 0.000000 0.000000 0.000000 1.000000 0.000000 97.000000 1.000000 0 0 0.000000
13 660.145446 2159.198486 669.125000 0.000000 -2.000000 0.000000 0.000000 0.000000 1.000000 0.000000 -2.000000 1.000000 0 0 0.000000
14 443.937316 2060.797851 663.125000 0.000000 -160.000000 0.000000 0.000000 0.000000 1.000000 0.000000 -160.000000 1.000000 1 0 0.000000
14 509.276519 1933.939331 423.125000 0.000000 -179.000000 0.000000 0.000000 0.000000 1.000000 0.000000 -179.000000 1.000000 1 0 0.000000
16 991.807983 1738.144165 303.125000 0.000000 80.000000 0.000000 0.000000 0.000000 1.000000 0.000000 80.000000 1.000000 0 0 0.000000
15 891.123901 1635.725830 303.125000 0.000000 97.000000 0.000000 0.000000 0.000000 1.000000 0.000000 97.000000 1.000000 0 0 0.000000
15 1060.689819 1645.243164 303.125000 0.000000 100.000000 0.000000 0.000000 0.000000 1.000000 0.000000 100.000000 1.000000 0 0 0.000000
15 1157.771118 1655.838867 303.125000 0.000000 42.000000 0.000000 0.000000 0.000000 1.000000 0.000000 42.000000 1.000000 0 0 0.000000
15 976.250976 1639.871826 303.125000 0.000000 95.000000 0.000000 0.000000 0.000000 1.000000 0.000000 95.000000 1.000000 0 0 0.000000
11 1114.914062 1576.055908 328.125000 0.000000 7.000000 0.000000 0.000000 0.000000 1.000000 0.000000 7.000000 1.000000 0 0 0.000000
15 1037.546020 696.735534 73.787086 0.000000 -80.000000 0.000000 0.000000 -0.514495 0.857492 0.000000 -80.000000 1.000000 0 0 0.000000
15 945.710205 702.503540 77.247894 0.000000 -102.000000 0.000000 0.000000 -0.514495 0.857492 0.000000 -102.000000 1.000000 0 0 0.000000
15 1039.340942 783.486083 125.837409 0.000000 9.000000 0.000000 0.000000 -0.514495 0.857492 0.000000 9.000000 1.000000 0 0 0.000000
15 945.621643 785.329040 126.943191 0.000000 -89.000000 0.000000 0.000000 -0.514495 0.857492 0.000000 -89.000000 1.000000 0 0 0.000000
16 930.085083 854.894775 153.082626 0.000000 -158.000000 0.000000 0.000000 -0.514495 0.857492 0.000000 -158.000000 1.000000 0 0 0.000000
11 1307.352416 286.133789 176.125106 0.000000 0.000000 0.000000 0.000000 0.000000 1.000000 0.000000 0.000000 1.000000 0 0 0.000000
13 -1543.748046 -1024.029418 -178.875000 0.000000 -3.000000 0.000000 0.000000 0.000000 1.000000 0.000000 -3.000000 1.000000 0 0 0.000000
11 9.391822 -1232.139160 -151.875000 0.000000 -173.000000 0.000000 0.000000 0.000000 1.000000 0.000000 -173.000000 1.000000 0 0 0.000000
11 11.270789 -1171.132202 -151.875000 0.000000 -176.000000 0.000000 0.000000 0.000000 1.000000 0.000000 -176.000000 1.000000 0 0 0.000000
11 10.911941 -1119.527832 -151.875000 0.000000 -178.000000 0.000000 0.000000 0.000000 1.000000 0.000000 -178.000000 1.000000 0 0 0.000000
14 -1317.234008 1680.801513 271.125000 0.000000 124.000000 0.000000 0.000000 0.000000 1.000000 0.000000 124.000000 1.000000 1 0 0.000000
14 847.738708 -673.216918 7.125000 0.000000 21.000000 0.000000 0.000000 0.000000 1.000000 0.000000 21.000000 1.000000 1 0 0.000000
11 1025.085083 -635.530639 104.125000 0.000000 10.000000 0.000000 0.000000 0.000000 1.000000 0.000000 10.000000 1.000000 0 0 0.000000
15 985.133422 80.514801 271.125000 0.000000 68.000000 0.000000 0.000000 0.000000 1.000000 0.000000 68.000000 1.000000 0 0 0.000000
13 747.518432 -597.678649 159.800415 0.000000 90.000000 0.000000 0.000000 -0.447213 0.894427 0.000000 90.000000 1.000000 0 0 0.000000
11 960.042663 -632.055175 104.125000 0.000000 7.000000 0.000000 0.000000 0.000000 1.000000 0.000000 7.000000 1.000000 0 0 0.000000
1 856.404235 -632.850952 122.437629 0.000000 146.000000 0.000000 0.447213 0.000000 0.894427 0.000000 146.000000 1.000000 1 0 0.000000
1 865.617858 -693.830627 117.830810 0.000000 -174.000000 0.000000 0.447213 0.000000 0.894427 0.000000 -174.000000 1.000000 1 0 0.000000
13 753.542541 -685.547241 141.125000 0.000000 179.000000 0.000000 0.000000 0.000000 1.000000 0.000000 179.000000 1.000000 0 0 0.000000
15 982.000488 -105.461296 271.125000 0.000000 94.000000 0.000000 0.000000 0.000000 1.000000 0.000000 94.000000 1.000000 0 0 0.000000
10 900.125671 91.560974 361.051116 0.000000 107.000000 0.000000 0.707106 0.000000 0.707106 -350.211303 107.000000 1.000000 2 0 0.000000
1 -1567.155395 500.794799 15.125000 0.000000 -9.000000 0.000000 0.000000 0.000000 1.000000 0.000000 -9.000000 1.000000 0 0 0.000000
9 -1870.024414 635.668457 4.125000 0.000000 104.000000 0.000000 0.000000 0.000000 1.000000 0.000000 104.000000 1.000000 1 0 0.000000
7 -1900.875000 297.782440 89.468185 0.000000 -109.000000 -88.000000 1.000000 0.000000 0.000000 1.000000 -109.000000 0.000000 0 0 0.000000
7 -1900.875000 113.535064 53.608890 0.000000 -100.000000 -91.000000 1.000000 0.000000 0.000000 1.000000 -100.000000 0.000000 0 0 0.000000
7 -1900.875000 -203.000488 90.790756 0.000000 -79.000000 -92.000000 1.000000 0.000000 0.000000 1.000000 -79.000000 0.000000 0 0 0.000000
4 -1906.960937 338.414550 4.669261 0.000000 -106.000000 0.000000 0.000000 -0.146548 0.989203 0.000000 -106.000000 1.000000 0 0 0.000000
4 -1743.125000 -113.003890 16.222215 0.000000 -80.000000 92.000000 -1.000000 0.000000 0.000000 -1.000000 -80.000000 0.000000 0 0 0.000000
7 -1763.125000 -272.411743 -5.298669 0.000000 -89.000000 90.000000 -1.000000 0.000000 0.000000 -1.000000 -89.000000 0.000000 0 0 0.000000
3 -1767.333984 -596.711425 -68.814132 0.000000 -95.000000 0.000000 0.000000 0.000000 1.000000 0.000000 -95.000000 1.000000 0 0 0.000000
7 -1763.125000 -684.004638 -73.773376 0.000000 90.000000 -89.000000 -1.000000 0.000000 0.000000 -1.000000 90.000000 0.000000 0 0 0.000000
7 -1763.125000 -473.029663 -33.299037 0.000000 -80.000000 94.000000 -1.000000 0.000000 0.000000 -1.000000 -80.000000 0.000000 0 0 0.000000
4 -1743.125000 -58.695354 20.030588 0.000000 -79.000000 91.000000 -1.000000 0.000000 0.000000 -1.000000 -79.000000 0.000000 0 0 0.000000
12 514.947631 2049.776123 461.125000 0.000000 177.000000 0.000000 0.000000 0.000000 1.000000 0.000000 177.000000 1.000000 1 0 0.000000
15 353.761444 2034.727294 463.125000 0.000000 91.000000 0.000000 0.000000 0.000000 1.000000 0.000000 91.000000 1.000000 0 0 0.000000
15 430.059387 2140.328125 463.125000 0.000000 -29.000000 0.000000 0.000000 0.000000 1.000000 0.000000 -29.000000 1.000000 0 0 0.000000
9 534.389160 2148.778320 452.125000 0.000000 -97.000000 0.000000 0.000000 0.000000 1.000000 0.000000 -97.000000 1.000000 2 0 0.000000
14 173.212478 2403.278564 295.125000 0.000000 157.000000 0.000000 0.000000 0.000000 1.000000 0.000000 157.000000 1.000000 1 0 0.000000
15 481.564483 2224.462890 473.250000 0.000000 -67.000000 0.000000 0.000000 0.000000 1.000000 0.000000 -67.000000 1.000000 0 0 0.000000
11 421.064880 2027.621093 488.125000 0.000000 93.000000 0.000000 0.000000 0.000000 1.000000 0.000000 93.000000 1.000000 0 0 0.000000
10 329.063323 2066.046386 578.250000 0.000000 0.000000 0.000000 0.000000 0.000000 1.000000 0.000000 0.000000 1.000000 0 0 0.000000
15 575.721496 2246.459472 463.125000 0.000000 -79.000000 0.000000 0.000000 0.000000 1.000000 0.000000 -79.000000 1.000000 0 0 0.000000
14 362.843688 2373.680175 455.125000 0.000000 3.000000 0.000000 0.000000 0.000000 1.000000 0.000000 3.000000 1.000000 1 0 0.000000
15 523.619506 1922.178222 303.125000 0.000000 -178.000000 0.000000 0.000000 0.000000 1.000000 0.000000 -178.000000 1.000000 0 0 0.000000
15 1034.901611 170.314010 15.125000 0.000000 -17.000000 0.000000 0.000000 0.000000 1.000000 0.000000 -17.000000 1.000000 0 0 0.000000
15 944.133605 159.515838 15.125000 0.000000 -88.000000 0.000000 0.000000 0.000000 1.000000 0.000000 -88.000000 1.000000 0 0 0.000000
15 1119.525756 120.270553 143.125000 0.000000 -108.000000 0.000000 0.000000 0.000000 1.000000 0.000000 -108.000000 1.000000 0 0 0.000000
11 1180.574829 186.480590 168.125000 0.000000 -68.000000 0.000000 0.000000 0.000000 1.000000 0.000000 -68.000000 1.000000 0 0 0.000000
10 1145.221191 290.278930 276.125000 0.000000 2.000000 0.000000 0.000000 0.000000 1.000000 -338.178741 2.000000 1.000000 0 0 0.000000
14 -1276.645385 -1753.817016 -27.956523 0.000000 15.000000 0.000000 0.000000 -0.600000 0.800000 0.000000 15.000000 1.000000 1 0 0.000000
15 -1002.636474 -2144.127685 -57.890266 0.000000 -93.000000 0.000000 0.000000 0.483077 0.875577 0.000000 -93.000000 1.000000 0 0 0.000000
15 -1095.949340 -2140.671875 -59.796920 0.000000 -87.000000 0.000000 0.000000 0.483077 0.875577 0.000000 -87.000000 1.000000 0 0 0.000000
15 -1556.781982 -2148.258544 -55.611167 0.000000 -83.000000 0.000000 0.000000 0.483077 0.875577 0.000000 -83.000000 1.000000 0 0 0.000000
15 -1464.211791 -2142.177734 -58.966110 0.000000 -97.000000 0.000000 0.000000 0.483077 0.875577 0.000000 -97.000000 1.000000 0 0 0.000000
10 364.294616 2006.734252 578.250000 0.000000 5.000000 0.000000 0.000000 0.000000 1.000000 0.000000 5.000000 1.000000 0 0 0.000000
11 423.204742 2027.741210 568.250000 0.000000 93.000000 0.000000 0.000000 0.000000 1.000000 0.000000 93.000000 1.000000 0 0 0.000000
13 1.467735 148.983947 13.125000 0.000000 -175.000000 0.000000 0.000000 0.000000 1.000000 0.000000 -175.000000 1.000000 0 0 0.000000
13 825.718383 1303.691772 301.125000 0.000000 -177.000000 0.000000 0.000000 0.000000 1.000000 0.000000 -177.000000 1.000000 0 0 0.000000
9 6.703096 -290.652862 4.125000 0.000000 91.000000 0.000000 0.000000 0.000000 1.000000 0.000000 91.000000 1.000000 3 0 0.000000
9 -6.287721 -141.411972 284.124420 0.000000 -14.000000 0.000000 0.000000 0.000000 1.000000 0.000000 -14.000000 1.000000 3 0 0.000000
7 944.562438 1151.125000 217.698532 0.000000 -108.000000 158.000000 0.000000 1.000000 0.000000 0.000000 -108.000000 0.000000 0 0 0.000000
7 1030.330566 1151.125000 220.752639 0.000000 -81.000000 -171.000000 0.000000 1.000000 0.000000 0.000000 -81.000000 0.000000 0 0 0.000000
7 940.838317 1151.125000 276.873809 0.000000 9.000000 -81.000000 0.000000 1.000000 0.000000 0.000000 9.000000 0.000000 0 0 0.000000
7 1047.575195 1151.125000 280.134460 0.000000 -72.000000 -162.000000 0.000000 1.000000 0.000000 0.000000 -72.000000 0.000000 0 0 0.000000
7 979.197509 1151.125000 343.827209 0.000000 -104.000000 164.000000 0.000000 1.000000 0.000000 0.000000 -104.000000 0.000000 0 0 0.000000
10 1134.286010 1303.665649 308.125000 0.000000 -80.000000 0.000000 0.000000 0.000000 1.000000 0.000000 -80.000000 1.000000 2 0 0.000000
13 1103.946044 943.984985 253.125000 0.000000 -88.000000 0.000000 0.000000 0.000000 1.000000 0.000000 -88.000000 1.000000 0 0 0.000000
