15 -729.728576 1338.579223 639.125000 0.000000 -177.000000 0.000000 0.000000 0.000000 1.000000 0.000000 -177.000000 1.000000 0 0 0.000000
13 -456.314910 1997.941040 621.125000 0.000000 -2.000000 0.000000 0.000000 0.000000 1.000000 0.000000 -2.000000 1.000000 0 0 0.000000
10 -648.529846 1377.590820 644.125000 0.000000 -119.000000 0.000000 0.000000 0.000000 1.000000 0.000000 -119.000000 1.000000 0 0 0.000000
1 1146.758544 863.319274 -2.875000 0.000000 -78.000000 0.000000 0.000000 0.000000 1.000000 0.000000 -78.000000 1.000000 0 0 0.000000
1 1150.761840 671.823364 -90.875000 0.000000 8.000000 0.000000 0.000000 0.000000 1.000000 0.000000 8.000000 1.000000 0 0 0.000000
7 815.387573 827.251647 -25.125000 0.000000 5.000000 180.000000 0.000000 0.000000 -1.000000 0.000000 5.000000 0.000000 0 0 0.000000
14 1280.488769 533.067504 447.760925 0.000000 178.000000 0.000000 0.000000 0.427379 0.904072 0.000000 178.000000 1.000000 0 0 0.000000
7 811.635314 755.485717 -25.125000 0.000000 -3.000000 180.000000 0.000000 0.000000 -1.000000 0.000000 -3.000000 0.000000 2 0 0.000000
16 1282.702392 1140.213134 31.125000 0.000000 -141.000000 0.000000 0.000000 0.000000 1.000000 0.000000 -141.000000 1.000000 0 0 0.000000
14 570.276062 842.029602 983.125000 0.000000 35.000000 0.000000 0.000000 0.000000 1.000000 0.000000 35.000000 1.000000 0 0 0.000000
6 157.435440 561.047668 1241.125000 0.000000 -86.000000 0.000000 0.000000 0.000000 1.000000 0.000000 -86.000000 1.000000 0 0 0.000000
9 568.901000 556.165466 1284.125000 0.000000 -2.000000 0.000000 0.000000 0.000000 1.000000 0.000000 -2.000000 1.000000 8 0 0.000000
12 475.295471 558.312316 1245.125000 0.000000 -1.000000 0.000000 0.000000 0.000000 1.000000 0.000000 -1.000000 1.000000 2 0 0.000000
12 360.325042 557.677673 1245.125000 0.000000 1.000000 0.000000 0.000000 0.000000 1.000000 0.000000 1.000000 1.000000 2 0 0.000000
12 239.572525 557.755676 1245.125000 0.000000 -1.000000 0.000000 0.000000 0.000000 1.000000 0.000000 -1.000000 1.000000 2 0 0.000000
1 544.954833 1131.285278 -160.875000 0.000000 52.000000 0.000000 0.000000 0.000000 1.000000 0.000000 52.000000 1.000000 0 0 0.000000
15 1500.649169 814.647949 224.242553 0.000000 94.000000 0.000000 0.000000 0.453730 0.891138 0.000000 94.000000 1.000000 0 0 0.000000
1 1486.960937 655.548461 194.910354 0.000000 -27.000000 0.000000 0.487950 0.390360 0.780720 0.000000 -27.000000 1.000000 0 0 0.000000
11 1433.946044 1138.417846 184.125000 0.000000 89.000000 0.000000 0.000000 0.000000 1.000000 0.000000 89.000000 1.000000 0 0 0.000000
11 1433.083007 1062.807617 184.125000 0.000000 87.000000 0.000000 0.000000 0.000000 1.000000 0.000000 87.000000 1.000000 0 0 0.000000
11 1484.135375 1058.579101 184.125000 0.000000 92.000000 0.000000 0.000000 0.000000 1.000000 0.000000 92.000000 1.000000 0 0 0.000000
14 1498.888061 1124.201782 151.125000 0.000000 129.000000 0.000000 0.000000 0.000000 1.000000 0.000000 129.000000 1.000000 0 0 0.000000
4 1506.305664 393.274841 421.740234 0.000000 124.000000 0.000000 0.000000 0.453730 0.891138 0.000000 124.000000 1.000000 0 0 0.000000
15 317.607391 315.175415 447.125000 0.000000 90.000000 0.000000 0.000000 0.000000 1.000000 0.000000 90.000000 1.000000 0 0 0.000000
15 426.111572 322.055786 447.125000 0.000000 92.000000 0.000000 0.000000 0.000000 1.000000 0.000000 92.000000 1.000000 0 0 0.000000
16 722.254272 -169.537811 607.125000 0.000000 -106.000000 0.000000 0.000000 0.000000 1.000000 0.000000 -106.000000 1.000000 2 0 0.000000
4 817.311401 -129.383056 527.125000 0.000000 -142.000000 0.000000 0.000000 0.000000 1.000000 0.000000 -142.000000 1.000000 0 0 0.000000
14 656.212036 -153.554122 679.125000 0.000000 -19.000000 0.000000 0.000000 0.000000 1.000000 0.000000 -19.000000 1.000000 0 0 0.000000
15 -430.876831 85.524444 447.125000 0.000000 171.000000 0.000000 0.000000 0.000000 1.000000 0.000000 171.000000 1.000000 0 0 0.000000
15 -435.003845 -3.546879 447.125000 0.000000 177.000000 0.000000 0.000000 0.000000 1.000000 0.000000 177.000000 1.000000 0 0 0.000000
15 -432.863586 -86.705284 447.125000 0.000000 174.000000 0.000000 0.000000 0.000000 1.000000 0.000000 174.000000 1.000000 0 0 0.000000
13 157.117996 724.551940 445.125000 0.000000 -179.000000 0.000000 0.000000 0.000000 1.000000 0.000000 -179.000000 1.000000 0 0 0.000000
15 -554.433715 1706.542846 -90.875000 0.000000 165.000000 0.000000 0.000000 0.000000 1.000000 0.000000 165.000000 1.000000 0 0 0.000000
1 -395.001678 1678.799682 -160.875000 0.000000 131.000000 0.000000 0.000000 0.000000 1.000000 0.000000 131.000000 1.000000 0 0 0.000000
10 -514.380615 1776.097290 -53.875000 0.000000 9.000000 0.000000 0.000000 0.000000 1.000000 0.000000 9.000000 1.000000 2 0 0.000000
11 -629.652954 1718.801147 -45.874969 0.000000 89.000000 0.000000 0.000000 0.000000 1.000000 0.000000 89.000000 1.000000 0 0 0.000000
9 -417.617645 1831.827392 -7.978331 0.000000 139.000000 0.000000 -0.438565 0.000000 0.898699 0.000000 139.000000 1.000000 7 0 0.000000
9 -253.965942 1811.960937 20.125000 0.000000 20.000000 0.000000 0.000000 0.000000 1.000000 0.000000 20.000000 1.000000 7 0 0.000000
14 -367.175811 1840.123046 -88.875000 0.000000 86.000000 0.000000 0.000000 0.000000 1.000000 0.000000 86.000000 1.000000 0 0 0.000000
14 259.164642 1756.640625 135.125000 0.000000 -3.000000 0.000000 0.000000 0.000000 1.000000 0.000000 -3.000000 1.000000 0 0 0.000000
11 1190.641723 1096.859863 56.125000 0.000000 0.000000 0.000000 0.000000 0.000000 1.000000 0.000000 0.000000 1.000000 0 0 0.000000
13 -536.600646 688.233215 445.125000 0.000000 -87.000000 0.000000 0.000000 0.000000 1.000000 0.000000 -87.000000 1.000000 0 0 0.000000
1 -675.261474 397.461120 447.125000 0.000000 178.000000 0.000000 0.000000 0.000000 1.000000 0.000000 178.000000 1.000000 0 0 0.000000
13 -737.044433 254.810760 469.125000 0.000000 179.000000 0.000000 0.000000 0.000000 1.000000 0.000000 179.000000 1.000000 0 0 0.000000
13 -645.375305 186.000976 447.125000 0.000000 -91.000000 0.000000 0.000000 0.000000 1.000000 0.000000 -91.000000 1.000000 0 0 0.000000
15 -542.301452 171.558105 447.125000 0.000000 -95.000000 0.000000 0.000000 0.000000 1.000000 0.000000 -95.000000 1.000000 0 0 0.000000
4 -635.801452 662.973510 519.125000 0.000000 103.000000 0.000000 0.000000 0.000000 1.000000 0.000000 103.000000 1.000000 0 0 0.000000
1 -671.727722 544.372985 447.125000 0.000000 -178.000000 0.000000 0.000000 0.000000 1.000000 0.000000 -178.000000 1.000000 0 0 0.000000
14 -702.164978 -380.684783 567.125000 0.000000 -76.000000 0.000000 0.000000 0.000000 1.000000 0.000000 -76.000000 1.000000 0 0 0.000000
1 -538.928771 552.737792 447.125000 0.000000 91.000000 0.000000 0.000000 0.000000 1.000000 0.000000 91.000000 1.000000 0 0 0.000000
1 -528.733764 385.436614 447.125000 0.000000 106.000000 0.000000 0.000000 0.000000 1.000000 0.000000 106.000000 1.000000 0 0 0.000000
13 -702.713684 927.895263 575.125000 0.000000 -178.000000 0.000000 0.000000 0.000000 1.000000 0.000000 -178.000000 1.000000 0 0 0.000000
13 -620.125305 845.796081 575.125000 0.000000 178.000000 0.000000 0.000000 0.000000 1.000000 0.000000 178.000000 1.000000 0 0 0.000000
14 -714.976013 847.810241 569.125061 0.000000 -82.000000 0.000000 0.000000 0.000000 1.000000 0.000000 -82.000000 1.000000 0 0 0.000000
6 -711.036865 852.046447 582.250061 0.000000 -91.000000 0.000000 0.000000 0.000000 1.000000 0.000000 -91.000000 1.000000 0 0 0.000000
10 -959.733886 1117.771972 196.125000 0.000000 90.000000 0.000000 0.000000 0.000000 1.000000 0.000000 90.000000 1.000000 2 0 0.000000
9 726.349548 1908.206298 20.125000 0.000000 29.000000 0.000000 0.000000 0.000000 1.000000 0.000000 29.000000 1.000000 5 0 0.000000
16 -1414.949340 1357.350341 447.125000 0.000000 -89.000000 0.000000 0.000000 0.000000 1.000000 0.000000 -89.000000 1.000000 0 0 0.000000
9 973.485229 1900.126708 20.125000 0.000000 38.000000 0.000000 0.000000 0.000000 1.000000 0.000000 38.000000 1.000000 5 0 0.000000
10 722.126464 1914.856323 240.125000 0.000000 170.000000 0.000000 0.000000 0.000000 1.000000 0.000000 170.000000 1.000000 0 0 0.000000
11 1061.350952 1535.386474 56.125000 0.000000 -90.000000 0.000000 0.000000 0.000000 1.000000 0.000000 -90.000000 1.000000 0 0 0.000000
11 1011.099670 1536.050048 56.125000 0.000000 -90.000000 0.000000 0.000000 0.000000 1.000000 0.000000 -90.000000 1.000000 0 0 0.000000
14 861.149108 1771.698242 227.125000 0.000000 114.000000 0.000000 0.000000 0.000000 1.000000 0.000000 114.000000 1.000000 0 0 0.000000
14 473.899383 1772.133544 227.125000 0.000000 179.000000 0.000000 0.000000 0.000000 1.000000 0.000000 179.000000 1.000000 0 0 0.000000
14 695.487731 1752.456420 113.125045 0.000000 84.000000 0.000000 0.000000 0.000000 1.000000 0.000000 84.000000 1.000000 0 0 0.000000
15 696.535888 1617.754760 235.125015 0.000000 -9.000000 0.000000 0.000000 0.000000 1.000000 0.000000 -9.000000 1.000000 0 0 0.000000
14 1005.046447 1786.450561 113.125106 0.000000 -95.000000 0.000000 0.000000 0.000000 1.000000 0.000000 -95.000000 1.000000 0 0 0.000000
5 1044.148925 1672.210815 156.875000 0.000000 -134.000000 -179.000000 0.000000 0.000000 -1.000000 0.000000 -134.000000 0.000000 2 0 0.000000
10 1028.616821 1388.822998 36.125000 0.000000 91.000000 0.000000 0.000000 0.000000 1.000000 0.000000 91.000000 1.000000 0 0 0.000000
9 1179.592773 1630.129760 20.125000 0.000000 -50.000000 0.000000 0.000000 0.000000 1.000000 0.000000 -50.000000 1.000000 6 0 0.000000
5 979.788757 1670.547119 156.875000 0.000000 -48.000000 179.000000 0.000000 0.000000 -1.000000 0.316227 -48.000000 0.000000 2 0 0.000000
11 907.568908 972.830505 103.125038 0.000000 -177.000000 0.000000 0.000000 0.000000 1.000000 0.000000 -177.000000 1.000000 0 0 0.000000
11 970.257263 976.243469 103.125038 0.000000 -179.000000 0.000000 0.000000 0.000000 1.000000 0.000000 -179.000000 1.000000 0 0 0.000000
9 796.906372 1590.015747 20.125000 0.000000 -146.000000 0.000000 0.000000 0.000000 1.000000 0.000000 -146.000000 1.000000 6 0 0.000000
11 1022.411926 971.140625 103.125038 0.000000 179.000000 0.000000 0.000000 0.000000 1.000000 0.000000 179.000000 1.000000 0 0 0.000000
11 1189.912841 1163.850341 56.125000 0.000000 0.000000 0.000000 0.000000 0.000000 1.000000 0.000000 0.000000 1.000000 0 0 0.000000
1 1036.372070 872.316040 196.875000 0.000000 40.000000 -179.000000 0.000000 0.000000 -1.000000 -0.999995 40.000000 0.000000 0 0 0.000000
13 -1201.555664 812.273254 622.124938 0.000000 -87.000000 0.000000 0.000000 0.000000 1.000000 0.000000 -87.000000 1.000000 0 0 0.000000
13 -1104.334228 811.762878 622.124938 0.000000 -88.000000 0.000000 0.000000 0.000000 1.000000 0.000000 -88.000000 1.000000 0 0 0.000000
13 -1004.125854 811.244567 622.124938 0.000000 -90.000000 0.000000 0.000000 0.000000 1.000000 0.000000 -90.000000 1.000000 0 0 0.000000
16 -1418.700805 1299.132690 447.125000 0.000000 -61.000000 0.000000 0.000000 0.000000 1.000000 0.000000 -61.000000 1.000000 0 0 0.000000
13 -906.077575 819.209655 622.124938 0.000000 -89.000000 0.000000 0.000000 0.000000 1.000000 0.000000 -89.000000 1.000000 0 0 0.000000
16 -1459.315917 1355.408935 447.125000 0.000000 -94.000000 0.000000 0.000000 0.000000 1.000000 0.000000 -94.000000 1.000000 0 0 0.000000
16 -1374.029418 1358.285278 447.125000 0.000000 -89.000000 0.000000 0.000000 0.000000 1.000000 0.000000 -89.000000 1.000000 0 0 0.000000
16 -1415.000854 1410.850341 447.125000 0.000000 -89.000000 0.000000 0.000000 0.000000 1.000000 0.000000 -89.000000 1.000000 0 0 0.000000
16 -1414.311157 1467.156127 447.125000 0.000000 -89.000000 0.000000 0.000000 0.000000 1.000000 0.000000 -89.000000 1.000000 0 0 0.000000
13 -815.822875 815.279541 622.125000 0.000000 -90.000000 0.000000 0.000000 0.000000 1.000000 0.000000 -90.000000 1.000000 0 0 0.000000
13 -1104.510742 977.705261 622.125000 0.000000 89.000000 0.000000 0.000000 0.000000 1.000000 0.000000 89.000000 1.000000 0 0 0.000000
13 -1197.574829 977.657043 622.125000 0.000000 93.000000 0.000000 0.000000 0.000000 1.000000 0.000000 93.000000 1.000000 0 0 0.000000
13 -1007.585754 981.451171 622.125000 0.000000 91.000000 0.000000 0.000000 0.000000 1.000000 0.000000 91.000000 1.000000 0 0 0.000000
13 -817.806457 991.221862 622.125549 0.000000 89.000000 0.000000 0.000000 0.000000 1.000000 0.000000 89.000000 1.000000 0 0 0.000000
13 -912.639953 979.393127 622.125000 0.000000 92.000000 0.000000 0.000000 0.000000 1.000000 0.000000 92.000000 1.000000 0 0 0.000000
11 -1691.758300 1389.888305 198.125000 0.000000 170.000000 0.000000 0.000000 0.000000 1.000000 0.000000 170.000000 1.000000 0 0 0.000000
16 -837.829162 766.000610 225.125396 0.000000 5.000000 0.000000 0.000000 0.000000 1.000000 0.000000 5.000000 1.000000 2 0 0.000000
14 258.861663 570.635742 231.605484 0.000000 -33.000000 0.000000 0.000000 0.752576 0.658504 0.000000 -33.000000 1.000000 0 0 0.000000
15 -429.090850 1122.571289 -160.875000 0.000000 80.000000 0.000000 0.000000 0.000000 1.000000 0.000000 80.000000 1.000000 0 0 0.000000
15 -516.290283 1121.656005 -160.875000 0.000000 101.000000 0.000000 0.000000 0.000000 1.000000 0.000000 101.000000 1.000000 0 0 0.000000
16 -477.486633 1203.970825 -160.875000 0.000000 -87.000000 0.000000 0.000000 0.000000 1.000000 0.000000 -87.000000 1.000000 0 0 0.000000
13 -499.246734 793.530212 -162.875000 0.000000 179.000000 0.000000 0.000000 0.000000 1.000000 0.000000 179.000000 1.000000 0 0 0.000000
11 -477.199310 1245.275878 -135.875000 0.000000 -86.000000 0.000000 0.000000 0.000000 1.000000 0.000000 -86.000000 1.000000 0 0 0.000000
11 -575.259460 1304.249511 -135.875000 0.000000 -179.000000 0.000000 0.000000 0.000000 1.000000 0.000000 -179.000000 1.000000 0 0 0.000000
11 -576.853454 1412.942504 -135.875000 0.000000 -179.000000 0.000000 0.000000 0.000000 1.000000 0.000000 -179.000000 1.000000 0 0 0.000000
9 -685.495239 1361.560913 -171.875000 0.000000 -13.000000 0.000000 0.000000 0.000000 1.000000 0.000000 -13.000000 1.000000 0 0 0.000000
11 -576.796997 1359.043945 -135.875000 0.000000 -179.000000 0.000000 0.000000 0.000000 1.000000 0.000000 -179.000000 1.000000 0 0 0.000000
1 -848.626159 1315.246704 -160.875000 0.000000 -85.000000 0.000000 0.000000 0.000000 1.000000 0.000000 -85.000000 1.000000 0 0 0.000000
7 188.524185 1196.875000 258.499786 0.000000 73.000000 17.000000 0.000000 -1.000000 0.000000 0.000000 73.000000 0.000000 2 0 0.000000
4 -112.875000 793.702392 67.374900 0.000000 -170.000000 -9.000000 1.000000 0.000000 0.000000 1.000000 -170.000000 0.000000 2 0 0.000000
7 186.237335 1196.875000 197.999710 0.000000 73.000000 17.000000 0.000000 -1.000000 0.000000 0.000000 73.000000 0.000000 2 0 0.000000
7 183.426818 1196.875000 120.051673 0.000000 73.000000 17.000000 0.000000 -1.000000 0.000000 0.000000 73.000000 0.000000 2 0 0.000000
13 28.325288 1256.808959 29.125000 0.000000 91.000000 0.000000 0.000000 0.000000 1.000000 0.000000 91.000000 1.000000 0 0 0.000000
15 480.768981 337.351684 104.945770 0.000000 -92.000000 0.000000 -0.707106 0.000000 0.707106 0.000000 -92.000000 1.000000 0 0 0.000000
15 384.312713 319.850341 33.701786 0.000000 -89.000000 0.000000 0.000000 0.000000 1.000000 0.000000 -89.000000 1.000000 0 0 0.000000
15 289.131988 330.385772 103.044792 0.000000 -96.000000 0.000000 0.707106 0.000000 0.707106 0.000000 -96.000000 1.000000 0 0 0.000000
9 68.126892 1013.153320 234.079498 0.000000 130.000000 0.000000 0.000000 -0.752577 0.658503 0.000000 130.000000 1.000000 3 0 0.000000
15 180.497390 -352.270141 127.125000 0.000000 177.000000 0.000000 0.000000 0.000000 1.000000 0.000000 177.000000 1.000000 0 0 0.000000
3 184.106353 -447.125213 127.125000 0.000000 177.000000 0.000000 0.000000 0.000000 1.000000 0.000000 177.000000 1.000000 0 0 0.000000
15 330.562438 -461.114105 127.125000 0.000000 -92.000000 0.000000 0.000000 0.000000 1.000000 0.000000 -92.000000 1.000000 0 0 0.000000
11 341.477783 437.533782 6.050023 0.000000 -89.000000 0.000000 0.000000 0.649026 0.760765 0.000000 -89.000000 1.000000 0 0 0.000000
15 330.562438 -461.114105 255.125000 0.000000 -92.000000 0.000000 0.000000 0.000000 1.000000 0.000000 -92.000000 1.000000 0 0 0.000000
4 249.340164 -426.440795 116.836608 0.000000 -118.000000 0.000000 0.707106 0.000000 0.707106 0.000000 -118.000000 1.000000 2 0 0.000000
4 264.741119 -464.268371 110.445159 0.000000 -97.000000 0.000000 0.000000 0.707106 0.707106 0.000000 -97.000000 1.000000 2 0 0.000000
5 258.240905 -308.284606 107.935874 0.000000 -111.000000 0.000000 0.707106 0.000000 0.707106 0.000000 -111.000000 1.000000 2 0 0.000000
14 368.294311 25.794527 87.125000 0.000000 -159.000000 0.000000 0.000000 0.000000 1.000000 0.000000 -159.000000 1.000000 0 0 0.000000
5 258.138580 -368.128356 108.038200 0.000000 -171.000000 0.000000 0.707106 0.000000 0.707106 0.000000 -171.000000 1.000000 2 0 0.000000
14 -126.518218 -75.185623 247.125000 0.000000 159.000000 0.000000 0.000000 0.000000 1.000000 0.000000 159.000000 1.000000 0 0 0.000000
7 195.055877 387.125000 279.276519 0.000000 -94.000000 4.000000 0.000000 1.000000 0.000000 0.000000 -94.000000 0.000000 2 0 0.000000
9 250.314010 773.835937 244.126266 0.000000 96.000000 0.000000 0.000000 0.000000 1.000000 0.000000 96.000000 1.000000 3 0 0.000000
7 197.237289 387.125000 207.990341 0.000000 -94.000000 4.000000 0.000000 1.000000 0.000000 0.000000 -94.000000 0.000000 2 0 0.000000
1 -127.071838 520.785034 125.248611 0.000000 -156.000000 0.000000 0.707106 0.000000 0.707106 0.000000 -156.000000 1.000000 0 0 0.000000
6 -0.098479 -368.976928 25.125000 0.000000 -90.000000 0.000000 0.000000 0.000000 1.000000 0.000000 -90.000000 1.000000 0 0 0.000000
15 -87.504096 132.230499 32.125000 0.000000 -108.000000 0.000000 0.000000 0.000000 1.000000 0.000000 -108.000000 1.000000 0 0 0.000000
7 192.543731 387.125000 128.291107 0.000000 -84.000000 -5.000000 0.000000 1.000000 0.000000 0.000000 -84.000000 0.000000 2 0 0.000000
15 77.858978 116.672065 32.125000 0.000000 -58.000000 0.000000 0.000000 0.000000 1.000000 0.000000 -58.000000 1.000000 0 0 0.000000
5 -193.191986 591.865966 87.368766 0.000000 -115.000000 0.000000 0.707106 0.000000 0.707106 0.000000 -115.000000 1.000000 2 0 0.000000
11 -207.716079 713.012207 120.125000 0.000000 -177.000000 0.000000 0.000000 0.000000 1.000000 0.000000 -177.000000 1.000000 0 0 0.000000
11 -195.306671 873.850463 120.125000 0.000000 -176.000000 0.000000 0.000000 0.000000 1.000000 0.000000 -176.000000 1.000000 0 0 0.000000
15 -91.074676 1064.441040 115.251457 0.000000 -112.000000 0.000000 0.707106 0.000000 0.707106 0.000000 -112.000000 1.000000 0 0 0.000000
15 -166.979400 306.722778 127.125000 0.000000 -174.000000 0.000000 0.000000 0.000000 1.000000 0.000000 -174.000000 1.000000 0 0 0.000000
15 167.525634 300.958892 127.125000 0.000000 5.000000 0.000000 0.000000 0.000000 1.000000 0.000000 5.000000 1.000000 0 0 0.000000
1 -0.983327 103.639495 159.125000 0.000000 -88.000000 0.000000 0.000000 0.000000 1.000000 0.000000 -88.000000 1.000000 0 0 0.000000
7 309.929687 860.419982 358.875000 0.000000 -14.000000 -179.000000 0.000000 0.000000 -1.000000 -1.000000 -14.000000 0.000000 2 0 0.000000
1 551.978881 457.227081 -160.875000 0.000000 -54.000000 0.000000 0.000000 0.000000 1.000000 0.000000 -54.000000 1.000000 0 0 0.000000
1 -88.850082 528.330505 -160.875000 0.000000 -171.000000 0.000000 0.000000 0.000000 1.000000 0.000000 -171.000000 1.000000 0 0 0.000000
14 -6.771532 1331.289184 23.125000 0.000000 102.000000 0.000000 0.000000 0.000000 1.000000 0.000000 102.000000 1.000000 0 0 0.000000
14 190.687927 839.125671 -96.875000 0.000000 105.000000 0.000000 0.000000 0.000000 1.000000 0.000000 105.000000 1.000000 0 0 0.000000
1 204.210418 1054.131713 -32.875000 0.000000 -71.000000 0.000000 0.000000 0.000000 1.000000 0.000000 -71.000000 1.000000 0 0 0.000000
15 487.528503 796.601440 127.705284 0.000000 78.000000 0.000000 -0.707106 0.000000 0.707106 0.000000 78.000000 1.000000 0 0 0.000000
7 420.083679 793.428833 310.875000 0.000000 -3.000000 180.000000 0.000000 0.000000 -1.000000 0.000000 -3.000000 0.000000 2 0 0.000000
14 561.367004 422.707092 83.543785 0.000000 -1.000000 0.000000 -0.707106 0.000000 0.707106 0.000000 -1.000000 1.000000 0 0 0.000000
15 831.692932 833.738525 -160.875000 0.000000 -2.000000 0.000000 0.000000 0.000000 1.000000 0.000000 -2.000000 1.000000 0 0 0.000000
15 833.073425 749.066162 -160.875000 0.000000 7.000000 0.000000 0.000000 0.000000 1.000000 0.000000 7.000000 1.000000 0 0 0.000000
8 356.279907 499.267486 -83.875000 0.000000 -94.000000 0.000000 0.000000 0.000000 1.000000 0.000000 -94.000000 1.000000 0 0 0.000000
1 344.346374 957.201660 -88.875000 0.000000 -166.000000 0.000000 0.000000 0.000000 1.000000 0.000000 -166.000000 1.000000 0 0 0.000000
14 392.190155 1355.436645 23.125000 0.000000 -119.000000 0.000000 0.000000 0.000000 1.000000 0.000000 -119.000000 1.000000 0 0 0.000000
10 -1058.583129 1645.299194 452.125000 0.000000 178.000000 0.000000 0.000000 0.000000 1.000000 0.000000 178.000000 1.000000 2 0 0.000000
15 -668.596740 1170.769042 447.125000 0.000000 -98.000000 0.000000 0.000000 0.000000 1.000000 0.000000 -98.000000 1.000000 0 0 0.000000
15 -579.106445 1174.454956 447.125000 0.000000 -84.000000 0.000000 0.000000 0.000000 1.000000 0.000000 -84.000000 1.000000 0 0 0.000000
14 -257.956817 1659.952392 535.125000 0.000000 -49.000000 0.000000 0.000000 0.000000 1.000000 0.000000 -49.000000 1.000000 0 0 0.000000
1 -558.764099 1402.474487 494.124969 0.000000 -77.000000 0.000000 0.000000 0.000000 1.000000 0.000000 -77.000000 1.000000 0 0 0.000000
1 -824.188476 1399.967407 447.125000 0.000000 102.000000 0.000000 0.000000 0.000000 1.000000 0.000000 102.000000 1.000000 0 0 0.000000
1 -372.326751 1423.921020 447.125000 0.000000 88.000000 0.000000 0.000000 0.000000 1.000000 0.000000 88.000000 1.000000 0 0 0.000000
1 -551.917724 1751.635253 383.125000 0.000000 -96.000000 0.000000 0.000000 0.000000 1.000000 0.000000 -96.000000 1.000000 0 0 0.000000
13 -790.085388 1646.179809 454.626037 0.000000 -177.000000 0.000000 0.000000 0.000000 1.000000 0.000000 -177.000000 1.000000 0 0 0.000000
11 -1349.739746 973.758056 602.125000 0.000000 -92.000000 0.000000 0.000000 0.000000 1.000000 0.000000 -92.000000 1.000000 2 0 0.000000
11 -1349.699218 1020.957824 602.125000 0.000000 -91.000000 0.000000 0.000000 0.000000 1.000000 0.000000 -91.000000 1.000000 2 0 0.000000
11 -1414.675170 1048.443969 472.125000 0.000000 -88.000000 0.000000 0.000000 0.000000 1.000000 0.000000 -88.000000 1.000000 0 0 0.000000
10 -1655.586181 1321.269409 346.125000 0.000000 -91.000000 0.000000 0.000000 0.000000 1.000000 0.000000 -91.000000 1.000000 2 0 0.000000
10 -1598.753417 1320.911132 346.125000 0.000000 -90.000000 0.000000 0.000000 0.000000 1.000000 0.000000 -90.000000 1.000000 2 0 0.000000
11 -1692.873535 1236.262207 102.125045 0.000000 -176.000000 0.000000 0.000000 0.000000 1.000000 0.000000 -176.000000 1.000000 0 0 0.000000
10 -1693.120239 1236.962036 162.250045 0.000000 -179.000000 0.000000 0.000000 0.000000 1.000000 0.000000 -179.000000 1.000000 0 0 0.000000
9 -1700.396850 1242.628417 234.125000 0.000000 -152.000000 0.000000 0.000000 0.000000 1.000000 0.000000 -152.000000 1.000000 2 0 0.000000
11 -1782.709838 1285.120239 126.125045 0.000000 90.000000 0.000000 0.000000 0.000000 1.000000 0.000000 90.000000 1.000000 0 0 0.000000
8 -1726.987792 1299.073730 122.125000 0.000000 -173.000000 0.000000 0.000000 0.000000 1.000000 0.000000 -173.000000 1.000000 0 0 0.000000
11 -1693.124023 1344.582275 214.125000 0.000000 179.000000 0.000000 0.000000 0.000000 1.000000 0.000000 179.000000 1.000000 0 0 0.000000
4 -1592.940307 1460.451416 244.875000 0.000000 0.000000 -179.000000 0.000000 0.000000 -1.000000 -0.999995 0.000000 0.000000 0 0 0.000000
4 -1642.299682 1459.716796 244.875000 0.000000 0.000000 -179.000000 0.000000 0.000000 -1.000000 -0.999995 0.000000 0.000000 0 0 0.000000
13 -1646.169921 1468.285278 161.125000 0.000000 -2.000000 0.000000 0.000000 0.000000 1.000000 0.000000 -2.000000 1.000000 0 0 0.000000
16 -1593.414916 1506.054443 163.125000 0.000000 151.000000 0.000000 0.000000 0.000000 1.000000 0.000000 151.000000 1.000000 0 0 0.000000
11 -1600.048339 1409.726806 188.125000 0.000000 90.000000 0.000000 0.000000 0.000000 1.000000 0.000000 90.000000 1.000000 0 0 0.000000
13 -1228.049316 1685.708618 445.125000 0.000000 0.000000 0.000000 0.000000 0.000000 1.000000 0.000000 0.000000 1.000000 0 0 0.000000
11 -1628.345336 1609.534667 552.125000 0.000000 -176.000000 0.000000 0.000000 0.000000 1.000000 0.000000 -176.000000 1.000000 2 0 0.000000
13 -1509.891845 857.105651 491.125000 0.000000 -90.000000 0.000000 0.000000 0.000000 1.000000 0.000000 -90.000000 1.000000 0 0 0.000000
13 -1683.553344 1335.169067 427.125000 0.000000 -6.000000 0.000000 0.000000 0.000000 1.000000 0.000000 -6.000000 1.000000 0 0 0.000000
15 -1509.494750 946.748168 447.125000 0.000000 -89.000000 0.000000 0.000000 0.000000 1.000000 0.000000 -89.000000 1.000000 0 0 0.000000
10 -1721.837768 1409.258666 452.125000 0.000000 -88.000000 0.000000 0.000000 0.000000 1.000000 -0.972894 -88.000000 1.000000 0 0 0.000000
13 -1226.330566 1609.405517 445.125000 0.000000 0.000000 0.000000 0.000000 0.000000 1.000000 0.000000 0.000000 1.000000 0 0 0.000000
11 -1682.866943 1610.880859 552.125000 0.000000 0.000000 0.000000 0.000000 0.000000 1.000000 0.000000 0.000000 1.000000 2 0 0.000000
14 -1087.355224 1343.130493 263.125000 0.000000 -90.000000 0.000000 0.000000 0.000000 1.000000 0.000000 -90.000000 1.000000 0 0 0.000000
14 -1140.840942 1411.493408 155.125000 0.000000 175.000000 0.000000 0.000000 0.000000 1.000000 0.000000 175.000000 1.000000 0 0 0.000000
3 -1120.860229 1507.193237 227.125000 0.000000 117.000000 0.000000 0.000000 0.000000 1.000000 0.000000 117.000000 1.000000 0 0 0.000000
10 -1407.634765 989.868347 452.125000 0.000000 88.000000 0.000000 0.000000 0.000000 1.000000 0.000000 88.000000 1.000000 0 0 0.000000
11 -1341.631591 1043.503906 472.125000 0.000000 87.000000 0.000000 0.000000 0.000000 1.000000 0.000000 87.000000 1.000000 0 0 0.000000
15 -1502.322998 1049.334350 447.125000 0.000000 90.000000 0.000000 0.000000 0.000000 1.000000 0.000000 90.000000 1.000000 0 0 0.000000
14 -1518.116577 823.201477 695.125000 0.000000 -101.000000 0.000000 0.000000 0.000000 1.000000 0.000000 -101.000000 1.000000 0 0 0.000000
9 -1406.617187 838.835510 436.125000 0.000000 -62.000000 0.000000 0.000000 0.000000 1.000000 0.000000 -62.000000 1.000000 2 0 0.000000
9 -890.319152 910.294738 -171.875000 0.000000 -13.000000 0.000000 0.000000 0.000000 1.000000 0.000000 -13.000000 1.000000 4 0 0.000000
11 -957.802429 1077.006103 -135.875000 0.000000 86.000000 0.000000 0.000000 0.000000 1.000000 0.000000 86.000000 1.000000 0 0 0.000000
11 -1026.416992 1068.723632 -135.875000 0.000000 93.000000 0.000000 0.000000 0.000000 1.000000 0.000000 93.000000 1.000000 0 0 0.000000
11 -1088.079589 1064.950561 -135.875000 0.000000 93.000000 0.000000 0.000000 0.000000 1.000000 0.000000 93.000000 1.000000 0 0 0.000000
13 -1216.436645 846.018920 -10.875000 0.000000 -177.000000 0.000000 0.000000 0.000000 1.000000 0.000000 -177.000000 1.000000 0 0 0.000000
11 -977.386047 453.768798 -135.875000 0.000000 -87.000000 0.000000 0.000000 0.000000 1.000000 0.000000 -87.000000 1.000000 0 0 0.000000
11 -1076.510009 453.866882 -135.875000 0.000000 -90.000000 0.000000 0.000000 0.000000 1.000000 0.000000 -90.000000 1.000000 0 0 0.000000
11 -1026.675781 453.764892 -135.875000 0.000000 -90.000000 0.000000 0.000000 0.000000 1.000000 0.000000 -90.000000 1.000000 0 0 0.000000
3 -1647.549438 1318.377075 -82.875000 0.000000 -120.000000 0.000000 0.000000 0.000000 1.000000 0.000000 -120.000000 1.000000 0 0 0.000000
10 -1578.609008 1284.423339 -69.875000 0.000000 -90.000000 0.000000 0.000000 0.000000 1.000000 0.000000 -90.000000 1.000000 0 0 0.000000
11 -1583.686279 1460.213867 -135.875000 0.000000 2.000000 0.000000 0.000000 0.000000 1.000000 0.000000 2.000000 1.000000 0 0 0.000000
14 -1020.647155 750.610961 -168.875000 0.000000 -89.000000 0.000000 0.000000 0.000000 1.000000 0.000000 -89.000000 1.000000 0 0 0.000000
15 -991.240478 707.507873 -16.875000 0.000000 -4.000000 0.000000 0.000000 0.000000 1.000000 0.000000 -4.000000 1.000000 0 0 0.000000
10 -1019.220214 303.900787 -155.875000 0.000000 175.000000 0.000000 0.000000 0.000000 1.000000 0.000000 175.000000 1.000000 0 0 0.000000
15 -586.348815 315.922332 -160.875000 0.000000 4.000000 0.000000 0.000000 0.000000 1.000000 0.000000 4.000000 1.000000 0 0 0.000000
15 -590.764770 398.387603 -160.875000 0.000000 42.000000 0.000000 0.000000 0.000000 1.000000 0.000000 42.000000 1.000000 0 0 0.000000
9 -464.731475 360.988281 -171.875000 0.000000 -104.000000 0.000000 0.000000 0.000000 1.000000 0.000000 -104.000000 1.000000 1 0 0.000000
15 -1384.015258 932.021545 -160.875000 0.000000 -176.000000 0.000000 0.000000 0.000000 1.000000 0.000000 -176.000000 1.000000 0 0 0.000000
13 -1390.100585 853.116455 -162.875000 0.000000 0.000000 0.000000 0.000000 0.000000 1.000000 0.000000 0.000000 1.000000 0 0 0.000000
10 -1659.241821 1395.715087 -125.875000 0.000000 -91.000000 0.000000 0.000000 0.000000 1.000000 0.000000 -91.000000 1.000000 0 0 0.000000
10 -1595.506835 1398.924438 -125.875000 0.000000 -89.000000 0.000000 0.000000 0.000000 1.000000 0.000000 -89.000000 1.000000 0 0 0.000000
11 -731.755310 405.985687 -135.875000 0.000000 90.000000 0.000000 0.000000 0.000000 1.000000 0.000000 90.000000 1.000000 0 0 0.000000
11 -674.902221 294.415313 24.125000 0.000000 -1.000000 0.000000 0.000000 0.000000 1.000000 0.000000 -1.000000 1.000000 0 0 0.000000
16 -669.183471 237.632293 -0.875000 0.000000 -21.000000 0.000000 0.000000 0.000000 1.000000 0.000000 -21.000000 1.000000 0 0 0.000000
11 -542.917724 292.192138 24.125000 0.000000 88.000000 0.000000 0.000000 0.000000 1.000000 0.000000 88.000000 1.000000 0 0 0.000000
10 -660.567504 354.527374 4.125000 0.000000 1.000000 0.000000 0.000000 0.000000 1.000000 -357.767761 1.000000 1.000000 2 0 0.000000
14 -577.112976 180.852081 -8.875000 0.000000 -28.000000 0.000000 0.000000 0.000000 1.000000 0.000000 -28.000000 1.000000 1 0 0.000000
11 -608.457214 295.008850 24.125000 0.000000 89.000000 0.000000 0.000000 0.000000 1.000000 0.000000 89.000000 1.000000 0 0 0.000000
9 -564.597595 375.458282 -11.875000 0.000000 8.000000 0.000000 0.000000 0.000000 1.000000 0.000000 8.000000 1.000000 1 0 0.000000
13 -1668.071289 1669.942993 525.125000 0.000000 91.000000 0.000000 0.000000 0.000000 1.000000 0.000000 91.000000 1.000000 0 0 0.000000
13 -730.293762 412.446411 31.124975 0.000000 95.000000 0.000000 0.000000 0.000000 1.000000 0.000000 95.000000 1.000000 0 0 0.000000
12 -722.862304 1335.902587 747.250000 0.000000 -174.000000 0.000000 0.000000 0.000000 1.000000 0.000000 -174.000000 1.000000 0 1 0.000000
9 -456.135131 1995.703857 672.250000 0.000000 133.000000 0.000000 0.000000 0.000000 1.000000 0.000000 133.000000 1.000000 8 1 0.000000
15 -431.887634 86.468841 557.250000 0.000000 168.000000 0.000000 0.000000 0.000000 1.000000 0.000000 168.000000 1.000000 0 1 0.000000
15 -435.212982 -1.601280 557.250000 0.000000 -169.000000 0.000000 0.000000 0.000000 1.000000 0.000000 -169.000000 1.000000 0 1 0.000000
15 -425.116760 -88.584465 559.125000 0.000000 -177.000000 0.000000 0.000000 0.000000 1.000000 0.000000 -177.000000 1.000000 0 1 0.000000
14 -70.460670 -71.739761 258.250000 0.000000 101.000000 0.000000 0.000000 0.000000 1.000000 0.000000 101.000000 1.000000 0 1 0.000000
14 288.345703 838.475219 257.251251 0.000000 -65.000000 0.000000 0.000000 0.000000 1.000000 0.000000 -65.000000 1.000000 0 1 0.000000
14 -654.654052 355.860687 31.250000 0.000000 -178.000000 0.000000 0.000000 0.000000 1.000000 0.000000 -178.000000 1.000000 2 1 0.000000
