15 -1409.788818 -676.396850 -266.149993 0.000000 -126.000000 0.000000 0.000000 0.000000 0.000000 0.000000 -126.000000 1.000000 2 0 0.000000
10 -1411.694335 -672.673767 -150.924987 0.000000 -157.000000 0.000000 0.000000 0.000000 0.000000 0.000000 -157.000000 1.000000 2 0 0.000000
15 -1414.909301 -670.699401 -155.924987 0.000000 -147.000000 0.000000 0.000000 0.000000 0.000000 0.000000 -147.000000 1.000000 2 0 0.000000
15 -1450.021728 -604.285522 -272.875000 0.000000 169.000000 0.000000 0.000000 0.000000 1.000000 0.000000 169.000000 1.000000 2 0 0.000000
15 -1450.583740 -576.362976 -162.750000 0.000000 160.000000 0.000000 0.000000 0.000000 1.000000 0.000000 160.000000 1.000000 2 0 0.000000
15 -1454.500488 -539.385986 -272.875000 0.000000 -178.000000 0.000000 0.000000 0.000000 1.000000 0.000000 -178.000000 1.000000 2 0 0.000000
15 -1453.302490 -546.429992 -162.750000 0.000000 179.000000 0.000000 0.000000 0.000000 1.000000 0.000000 179.000000 1.000000 2 0 0.000000
15 -1450.102783 -476.535034 -272.875000 0.000000 179.000000 0.000000 0.000000 0.000000 1.000000 0.000000 179.000000 1.000000 2 0 0.000000
15 -1450.088745 -475.691436 -162.750000 0.000000 178.000000 0.000000 0.000000 0.000000 1.000000 0.000000 178.000000 1.000000 2 0 0.000000
15 -1448.612426 -406.510375 -272.875000 0.000000 170.000000 0.000000 0.000000 0.000000 1.000000 0.000000 170.000000 1.000000 2 0 0.000000
15 -1448.612426 -406.510375 -162.750000 0.000000 170.000000 0.000000 0.000000 0.000000 1.000000 0.000000 170.000000 1.000000 2 0 0.000000
11 -1315.959350 -1250.222778 -791.875000 0.000000 176.000000 0.000000 0.000000 0.000000 1.000000 0.000000 176.000000 1.000000 2 0 0.000000
11 -1315.959350 -1250.222778 -791.875000 0.000000 176.000000 0.000000 0.000000 0.000000 1.000000 0.000000 176.000000 1.000000 2 0 0.000000
11 -1315.959350 -1250.222778 -711.750000 0.000000 176.000000 0.000000 0.000000 0.000000 1.000000 0.000000 176.000000 1.000000 2 0 0.000000
11 -1315.959350 -1250.222778 -711.750000 0.000000 176.000000 0.000000 0.000000 0.000000 1.000000 0.000000 176.000000 1.000000 2 0 0.000000
11 -1315.959350 -1250.222778 -631.625000 0.000000 176.000000 0.000000 0.000000 0.000000 1.000000 0.000000 176.000000 1.000000 2 0 0.000000
11 -1315.959350 -1250.222778 -551.500000 0.000000 176.000000 0.000000 0.000000 0.000000 1.000000 0.000000 176.000000 1.000000 2 0 0.000000
11 -1315.959350 -1250.222778 -551.500000 0.000000 176.000000 0.000000 0.000000 0.000000 1.000000 0.000000 176.000000 1.000000 2 0 0.000000
11 -1315.959350 -1250.222778 -471.375000 0.000000 176.000000 0.000000 0.000000 0.000000 1.000000 0.000000 176.000000 1.000000 2 0 0.000000
11 -1315.959350 -1250.222778 -391.250000 0.000000 176.000000 0.000000 0.000000 0.000000 1.000000 0.000000 176.000000 1.000000 2 0 0.000000
11 -1315.959350 -1250.222778 -391.250000 0.000000 176.000000 0.000000 0.000000 0.000000 1.000000 0.000000 176.000000 1.000000 2 0 0.000000
11 -1315.959350 -1250.222778 -311.125000 0.000000 176.000000 0.000000 0.000000 0.000000 1.000000 0.000000 176.000000 1.000000 2 0 0.000000
11 -1315.959350 -1250.222778 -231.000000 0.000000 176.000000 0.000000 0.000000 0.000000 1.000000 0.000000 176.000000 1.000000 2 0 0.000000
11 -1315.959350 -1250.222778 -231.000000 0.000000 176.000000 0.000000 0.000000 0.000000 1.000000 0.000000 176.000000 1.000000 2 0 0.000000
11 -1315.959350 -1250.222778 -150.875000 0.000000 176.000000 0.000000 0.000000 0.000000 1.000000 0.000000 176.000000 1.000000 2 0 0.000000
11 -1315.959350 -1250.222778 -150.875000 0.000000 176.000000 0.000000 0.000000 0.000000 1.000000 0.000000 176.000000 1.000000 2 0 0.000000
15 -1577.092285 -787.216369 -816.875000 0.000000 107.000000 0.000000 0.000000 0.000000 1.000000 0.000000 107.000000 1.000000 2 0 0.000000
15 -1786.190185 -66.838630 15.125000 0.000000 178.000000 0.000000 0.000000 0.000000 1.000000 0.000000 178.000000 1.000000 2 0 0.000000
13 -1795.757202 -36.694721 123.250000 0.000000 156.000000 0.000000 0.000000 0.000000 1.000000 0.000000 156.000000 1.000000 2 0 0.000000
15 -1408.569946 78.928771 15.125000 0.000000 0.000000 0.000000 0.000000 0.000000 1.000000 0.000000 0.000000 1.000000 2 0 0.000000
15 -1408.704101 -75.404304 15.125000 0.000000 0.000000 0.000000 0.000000 0.000000 1.000000 0.000000 0.000000 1.000000 2 0 0.000000
15 -1501.357910 2.813089 15.125000 0.000000 0.000000 0.000000 0.000000 0.000000 1.000000 0.000000 0.000000 1.000000 2 0 0.000000
14 -1781.805908 -67.569938 117.250000 0.000000 -175.000000 0.000000 0.000000 0.000000 1.000000 0.000000 -175.000000 1.000000 0 0 0.000000
15 -510.446716 -48.380561 15.125000 0.000000 -60.000000 0.000000 0.000000 0.000000 1.000000 0.000000 -60.000000 1.000000 2 0 0.000000
15 -510.446716 -48.380561 125.250000 0.000000 -60.000000 0.000000 0.000000 0.000000 1.000000 0.000000 -60.000000 1.000000 2 0 0.000000
15 -382.132812 1466.820922 15.125000 0.000000 -9.000000 0.000000 0.000000 0.000000 1.000000 0.000000 -9.000000 1.000000 2 0 0.000000
14 -510.815338 -48.585525 227.375000 0.000000 -61.000000 0.000000 0.000000 0.000000 1.000000 0.000000 -61.000000 1.000000 0 0 0.000000
15 -382.132812 1466.820922 125.250000 0.000000 -9.000000 0.000000 0.000000 0.000000 1.000000 0.000000 -9.000000 1.000000 2 0 0.000000
15 -382.132812 1466.820922 235.375000 0.000000 -9.000000 0.000000 0.000000 0.000000 1.000000 0.000000 -9.000000 1.000000 2 0 0.000000
15 -388.156311 1563.389404 15.125000 0.000000 -5.000000 0.000000 0.000000 0.000000 1.000000 0.000000 -5.000000 1.000000 2 0 0.000000
15 -388.156311 1563.389404 125.250000 0.000000 -5.000000 0.000000 0.000000 0.000000 1.000000 0.000000 -5.000000 1.000000 2 0 0.000000
15 -388.156311 1563.389404 235.375000 0.000000 -5.000000 0.000000 0.000000 0.000000 1.000000 0.000000 -5.000000 1.000000 2 0 0.000000
15 -388.156311 1563.389404 345.500000 0.000000 -5.000000 0.000000 0.000000 0.000000 1.000000 0.000000 -5.000000 1.000000 2 0 0.000000
11 -406.688842 1393.958740 256.786254 0.000000 3.000000 0.000000 0.609978 0.348558 0.711641 0.000000 3.000000 1.000000 2 0 0.000000
13 -419.148315 1447.345336 343.500000 0.000000 -1.000000 0.000000 0.000000 0.000000 1.000000 0.000000 -1.000000 1.000000 2 0 0.000000
10 -425.189758 1381.038940 316.911254 0.000000 0.000000 0.000000 0.000000 0.000000 1.000000 0.000000 0.000000 1.000000 2 0 0.000000
10 -415.886688 1384.555664 357.036254 0.000000 -3.000000 0.000000 0.000000 0.000000 1.000000 0.000000 -3.000000 1.000000 2 0 0.000000
14 -528.425720 1385.920532 244.170059 0.000000 0.000000 0.000000 0.000000 0.393919 0.919145 0.000000 0.000000 1.000000 0 0 0.000000
15 -429.373718 1686.110229 15.125000 0.000000 0.000000 0.000000 0.000000 0.000000 1.000000 0.000000 0.000000 1.000000 2 0 0.000000
15 -429.373718 1686.110229 125.250000 0.000000 0.000000 0.000000 0.000000 0.000000 1.000000 0.000000 0.000000 1.000000 2 0 0.000000
15 -429.373718 1686.110229 235.375000 0.000000 0.000000 0.000000 0.000000 0.000000 1.000000 0.000000 0.000000 1.000000 2 0 0.000000
15 -429.373718 1686.110229 345.500000 0.000000 0.000000 0.000000 0.000000 0.000000 1.000000 0.000000 0.000000 1.000000 2 0 0.000000
14 -116.853782 1914.738525 7.125000 0.000000 -7.000000 0.000000 0.000000 0.000000 1.000000 0.000000 -7.000000 1.000000 0 0 0.000000
11 24.880249 1899.696777 40.125000 0.000000 0.000000 0.000000 0.000000 0.000000 1.000000 0.000000 0.000000 1.000000 2 0 0.000000
10 24.821043 1897.166503 100.250000 0.000000 -1.000000 0.000000 0.000000 0.000000 1.000000 0.000000 -1.000000 1.000000 2 0 0.000000
15 -205.761184 1766.310913 15.125000 0.000000 -92.000000 0.000000 0.000000 0.000000 1.000000 0.000000 -92.000000 1.000000 2 0 0.000000
15 -120.098571 1760.329467 15.125000 0.000000 -92.000000 0.000000 0.000000 0.000000 1.000000 0.000000 -92.000000 1.000000 2 0 0.000000
11 -358.601715 1770.504760 40.125000 0.000000 -95.000000 0.000000 0.000000 0.000000 1.000000 0.000000 -95.000000 1.000000 2 0 0.000000
10 -358.601715 1770.504760 100.250000 0.000000 -95.000000 0.000000 0.000000 0.000000 1.000000 0.000000 -95.000000 1.000000 2 0 0.000000
11 -504.326751 1766.331542 40.125000 0.000000 -88.000000 0.000000 0.000000 0.000000 1.000000 0.000000 -88.000000 1.000000 2 0 0.000000
15 -657.744812 1751.367919 15.125000 0.000000 -86.000000 0.000000 0.000000 0.000000 1.000000 0.000000 -86.000000 1.000000 2 0 0.000000
15 -813.455688 1769.355346 15.125000 0.000000 -93.000000 0.000000 0.000000 0.000000 1.000000 0.000000 -93.000000 1.000000 2 0 0.000000
10 -801.090759 2005.101196 84.125000 0.000000 -83.000000 0.000000 0.000000 0.000000 1.000000 0.000000 -83.000000 1.000000 2 0 0.000000
10 -869.333435 1999.045654 84.125000 0.000000 -94.000000 0.000000 0.000000 0.000000 1.000000 0.000000 -94.000000 1.000000 2 0 0.000000
14 -812.498229 2141.153564 71.125000 0.000000 -32.000000 0.000000 0.000000 0.000000 1.000000 0.000000 -32.000000 1.000000 0 0 0.000000
11 625.080017 1809.090209 104.125000 0.000000 -2.000000 0.000000 0.000000 0.000000 1.000000 0.000000 -2.000000 1.000000 2 0 0.000000
11 624.911254 1761.270874 104.125000 0.000000 -2.000000 0.000000 0.000000 0.000000 1.000000 0.000000 -2.000000 1.000000 2 0 0.000000
15 -20.520790 1539.144653 270.037963 0.000000 179.000000 0.000000 0.000000 0.668964 0.743294 0.000000 179.000000 1.000000 2 0 0.000000
15 827.331176 1679.290893 79.125000 0.000000 -179.000000 0.000000 0.000000 0.000000 1.000000 0.000000 -179.000000 1.000000 2 0 0.000000
13 808.710021 1711.850341 187.250000 0.000000 177.000000 0.000000 0.000000 0.000000 1.000000 0.000000 177.000000 1.000000 2 0 0.000000
13 880.393005 1684.902221 187.250000 0.000000 77.000000 0.000000 0.000000 0.000000 1.000000 0.000000 77.000000 1.000000 2 0 0.000000
15 920.518676 1595.290893 79.125000 0.000000 -175.000000 0.000000 0.000000 0.000000 1.000000 0.000000 -175.000000 1.000000 2 0 0.000000
13 956.261962 1618.228759 187.250000 0.000000 62.000000 0.000000 0.000000 0.000000 1.000000 0.000000 62.000000 1.000000 2 0 0.000000
15 968.287292 1486.891601 79.125000 0.000000 -161.000000 0.000000 0.000000 0.000000 1.000000 0.000000 -161.000000 1.000000 2 0 0.000000
13 993.188964 1523.911987 187.250000 0.000000 108.000000 0.000000 0.000000 0.000000 1.000000 0.000000 108.000000 1.000000 2 0 0.000000
15 1173.041015 1229.462158 -96.875000 0.000000 -2.000000 0.000000 0.000000 0.000000 1.000000 0.000000 -2.000000 1.000000 2 0 0.000000
9 1289.785278 1214.067138 -130.280899 0.000000 174.000000 0.000000 0.223376 0.000000 0.974732 0.000000 174.000000 1.000000 1 0 0.000000
9 822.881958 1582.140625 52.125000 0.000000 80.000000 0.000000 0.000000 0.000000 1.000000 0.000000 80.000000 1.000000 1 0 0.000000
10 962.226196 1449.592285 -27.875000 0.000000 -6.000000 0.000000 0.000000 0.000000 1.000000 0.000000 -6.000000 1.000000 2 0 0.000000
10 965.742675 1492.940063 12.250000 0.000000 -9.000000 0.000000 0.000000 0.000000 1.000000 0.000000 -9.000000 1.000000 2 0 0.000000
10 959.058471 1490.834960 52.375000 0.000000 -5.000000 0.000000 0.000000 0.000000 1.000000 0.000000 -5.000000 1.000000 2 0 0.000000
11 984.736206 1389.650146 -23.875000 0.000000 -22.000000 0.000000 0.000000 0.000000 1.000000 0.000000 -22.000000 1.000000 2 0 0.000000
11 929.467529 1368.634399 -71.875000 0.000000 101.000000 0.000000 0.000000 0.000000 1.000000 0.000000 101.000000 1.000000 2 0 0.000000
11 929.467529 1368.634399 8.250000 0.000000 101.000000 0.000000 0.000000 0.000000 1.000000 0.000000 101.000000 1.000000 2 0 0.000000
11 929.467529 1368.634399 88.375000 0.000000 101.000000 0.000000 0.000000 0.000000 1.000000 0.000000 101.000000 1.000000 2 0 0.000000
11 929.467529 1368.634399 168.500000 0.000000 101.000000 0.000000 0.000000 0.000000 1.000000 0.000000 101.000000 1.000000 2 0 0.000000
16 929.467529 1368.634399 143.500000 0.000000 101.000000 0.000000 0.000000 0.000000 1.000000 0.000000 101.000000 1.000000 2 0 0.000000
16 929.467529 1368.634399 223.625000 0.000000 101.000000 0.000000 0.000000 0.000000 1.000000 0.000000 101.000000 1.000000 2 0 0.000000
16 969.135437 1397.851318 31.250000 0.000000 144.000000 0.000000 0.000000 0.000000 1.000000 0.000000 144.000000 1.000000 2 0 0.000000
10 954.065673 1445.867919 52.375000 0.000000 -6.000000 0.000000 0.000000 0.000000 1.000000 0.000000 -6.000000 1.000000 2 0 0.000000
11 1563.535400 1117.479125 -159.875000 0.000000 -90.000000 0.000000 0.000000 0.000000 1.000000 0.000000 -90.000000 1.000000 2 0 0.000000
14 1405.975097 1213.488037 -155.053558 0.000000 -175.000000 0.000000 0.223376 0.000000 0.974732 0.000000 -175.000000 1.000000 0 0 0.000000
16 1561.426269 1117.510620 -104.750000 0.000000 -91.000000 0.000000 0.000000 0.000000 1.000000 0.000000 -91.000000 1.000000 2 0 0.000000
11 1625.194091 1128.665039 -159.875000 0.000000 -89.000000 0.000000 0.000000 0.000000 1.000000 0.000000 -89.000000 1.000000 2 0 0.000000
16 1642.054931 1122.789794 -104.750000 0.000000 -91.000000 0.000000 0.000000 0.000000 1.000000 0.000000 -91.000000 1.000000 2 0 0.000000
13 1177.924926 945.863464 -194.875000 0.000000 -86.000000 0.000000 0.000000 0.000000 1.000000 0.000000 -86.000000 1.000000 2 0 0.000000
13 1177.924926 945.863464 -134.750000 0.000000 -86.000000 0.000000 0.000000 0.000000 1.000000 0.000000 -86.000000 1.000000 2 0 0.000000
13 1051.969360 849.896301 -194.875000 0.000000 -90.000000 0.000000 0.000000 0.000000 1.000000 0.000000 -90.000000 1.000000 2 0 0.000000
16 1051.969360 849.896301 -132.750000 0.000000 -90.000000 0.000000 0.000000 0.000000 1.000000 0.000000 -90.000000 1.000000 2 0 0.000000
13 991.741943 849.933532 -194.875000 0.000000 -90.000000 0.000000 0.000000 0.000000 1.000000 0.000000 -90.000000 1.000000 2 0 0.000000
15 -1570.795898 -798.513305 -816.875000 0.000000 -104.000000 0.000000 0.000000 0.000000 1.000000 0.000000 -104.000000 1.000000 2 0 0.000000
15 -1578.552978 -778.988220 -816.875000 0.000000 120.000000 0.000000 0.000000 0.000000 1.000000 0.000000 120.000000 1.000000 2 0 0.000000
15 -1571.709594 -801.047302 -816.875000 0.000000 115.000000 0.000000 0.000000 0.000000 1.000000 0.000000 115.000000 1.000000 2 0 0.000000
15 -1683.088500 -839.122741 -816.875000 0.000000 92.000000 0.000000 0.000000 0.000000 1.000000 0.000000 92.000000 1.000000 2 0 0.000000
15 -1683.088500 -839.122741 -706.750000 0.000000 92.000000 0.000000 0.000000 0.000000 1.000000 0.000000 92.000000 1.000000 2 0 0.000000
15 -1647.880004 -891.770202 -596.625000 0.000000 46.000000 0.000000 0.000000 0.000000 1.000000 0.000000 46.000000 1.000000 2 0 0.000000
15 -1686.734863 -847.232238 -486.500000 0.000000 87.000000 0.000000 0.000000 0.000000 1.000000 0.000000 87.000000 1.000000 2 0 0.000000
15 -1687.339355 -847.326477 -376.375000 0.000000 87.000000 0.000000 0.000000 0.000000 1.000000 0.000000 87.000000 1.000000 2 0 0.000000
15 -1683.372192 -847.459655 -266.250000 0.000000 92.000000 0.000000 0.000000 0.000000 1.000000 0.000000 92.000000 1.000000 2 0 0.000000
13 -1628.651245 -804.501647 -158.125000 0.000000 102.000000 0.000000 0.000000 0.000000 1.000000 0.000000 102.000000 1.000000 2 0 0.000000
13 -1693.596679 -881.160949 -158.125000 0.000000 82.000000 0.000000 0.000000 0.000000 1.000000 0.000000 82.000000 1.000000 2 0 0.000000
15 -1567.280273 -809.276367 -816.875000 0.000000 96.000000 0.000000 0.000000 0.000000 1.000000 0.000000 96.000000 1.000000 2 0 0.000000
15 -1567.280273 -809.276367 -706.750000 0.000000 96.000000 0.000000 0.000000 0.000000 1.000000 0.000000 96.000000 1.000000 2 0 0.000000
15 -1567.280273 -809.276367 -596.625000 0.000000 96.000000 0.000000 0.000000 0.000000 1.000000 0.000000 96.000000 1.000000 2 0 0.000000
15 -1567.280273 -809.276367 -486.500000 0.000000 96.000000 0.000000 0.000000 0.000000 1.000000 0.000000 96.000000 1.000000 2 0 0.000000
15 -1567.280273 -809.276367 -376.375000 0.000000 96.000000 0.000000 0.000000 0.000000 1.000000 0.000000 96.000000 1.000000 2 0 0.000000
14 -1592.855346 -1141.973999 -824.875000 0.000000 133.000000 0.000000 0.000000 0.000000 1.000000 0.000000 133.000000 1.000000 0 0 0.000000
15 -1346.238037 -711.391662 -816.875000 0.000000 105.000000 0.000000 0.000000 0.000000 1.000000 0.000000 105.000000 1.000000 2 0 0.000000
15 -1346.238037 -711.391662 -706.750000 0.000000 105.000000 0.000000 0.000000 0.000000 1.000000 0.000000 105.000000 1.000000 2 0 0.000000
15 -1346.238037 -711.391662 -596.625000 0.000000 105.000000 0.000000 0.000000 0.000000 1.000000 0.000000 105.000000 1.000000 2 0 0.000000
15 -1346.238037 -711.391662 -486.500000 0.000000 105.000000 0.000000 0.000000 0.000000 1.000000 0.000000 105.000000 1.000000 2 0 0.000000
15 -1346.238037 -711.391662 -376.375000 0.000000 105.000000 0.000000 0.000000 0.000000 1.000000 0.000000 105.000000 1.000000 2 0 0.000000
15 -1346.238037 -711.391662 -266.250000 0.000000 105.000000 0.000000 0.000000 0.000000 1.000000 0.000000 105.000000 1.000000 2 0 0.000000
13 -1346.238037 -711.391662 -158.125000 0.000000 105.000000 0.000000 0.000000 0.000000 1.000000 0.000000 105.000000 1.000000 2 0 0.000000
15 -1310.839965 -830.605407 -816.875000 0.000000 28.000000 0.000000 0.000000 0.000000 1.000000 0.000000 28.000000 1.000000 2 0 0.000000
15 -1310.839965 -830.605407 -706.750000 0.000000 28.000000 0.000000 0.000000 0.000000 1.000000 0.000000 28.000000 1.000000 2 0 0.000000
15 -1310.839965 -830.605407 -596.625000 0.000000 28.000000 0.000000 0.000000 0.000000 1.000000 0.000000 28.000000 1.000000 2 0 0.000000
15 -1310.839965 -830.605407 -486.500000 0.000000 28.000000 0.000000 0.000000 0.000000 1.000000 0.000000 28.000000 1.000000 2 0 0.000000
15 -1310.839965 -830.605407 -376.375000 0.000000 28.000000 0.000000 0.000000 0.000000 1.000000 0.000000 28.000000 1.000000 2 0 0.000000
15 -1310.839965 -830.605407 -266.250000 0.000000 28.000000 0.000000 0.000000 0.000000 1.000000 0.000000 28.000000 1.000000 2 0 0.000000
13 -1310.839965 -830.605407 -158.125000 0.000000 28.000000 0.000000 0.000000 0.000000 1.000000 0.000000 28.000000 1.000000 2 0 0.000000
15 -1301.397583 -946.247009 -816.875000 0.000000 0.000000 0.000000 0.000000 0.000000 1.000000 0.000000 0.000000 1.000000 2 0 0.000000
15 -1301.397583 -946.247009 -706.750000 0.000000 0.000000 0.000000 0.000000 0.000000 1.000000 0.000000 0.000000 1.000000 2 0 0.000000
15 -1301.397583 -946.247009 -596.625000 0.000000 0.000000 0.000000 0.000000 0.000000 1.000000 0.000000 0.000000 1.000000 2 0 0.000000
15 -1301.397583 -946.247009 -486.500000 0.000000 0.000000 0.000000 0.000000 0.000000 1.000000 0.000000 0.000000 1.000000 2 0 0.000000
15 -1301.397583 -946.247009 -376.375000 0.000000 0.000000 0.000000 0.000000 0.000000 1.000000 0.000000 0.000000 1.000000 2 0 0.000000
15 -1301.397583 -946.247009 -266.250000 0.000000 0.000000 0.000000 0.000000 0.000000 1.000000 0.000000 0.000000 1.000000 2 0 0.000000
13 -1301.397583 -946.247009 -158.125000 0.000000 0.000000 0.000000 0.000000 0.000000 1.000000 0.000000 0.000000 1.000000 2 0 0.000000
15 -1311.250000 -1065.950439 -816.875000 0.000000 -4.000000 0.000000 0.000000 0.000000 1.000000 0.000000 -4.000000 1.000000 2 0 0.000000
15 -1311.250000 -1065.950439 -706.750000 0.000000 -4.000000 0.000000 0.000000 0.000000 1.000000 0.000000 -4.000000 1.000000 2 0 0.000000
15 -1311.250000 -1065.950439 -596.625000 0.000000 -4.000000 0.000000 0.000000 0.000000 1.000000 0.000000 -4.000000 1.000000 2 0 0.000000
15 -1311.250000 -1065.950439 -486.500000 0.000000 -4.000000 0.000000 0.000000 0.000000 1.000000 0.000000 -4.000000 1.000000 2 0 0.000000
15 -1311.250000 -1065.950439 -376.375000 0.000000 -4.000000 0.000000 0.000000 0.000000 1.000000 0.000000 -4.000000 1.000000 2 0 0.000000
15 -1311.250000 -1065.950439 -266.250000 0.000000 -4.000000 0.000000 0.000000 0.000000 1.000000 0.000000 -4.000000 1.000000 2 0 0.000000
13 -1311.250000 -1065.950439 -158.125000 0.000000 -4.000000 0.000000 0.000000 0.000000 1.000000 0.000000 -4.000000 1.000000 2 0 0.000000
15 -1323.148925 -1178.122680 -816.875000 0.000000 -7.000000 0.000000 0.000000 0.000000 1.000000 0.000000 -7.000000 1.000000 2 0 0.000000
15 -1323.148925 -1178.122680 -706.750000 0.000000 -7.000000 0.000000 0.000000 0.000000 1.000000 0.000000 -7.000000 1.000000 2 0 0.000000
15 -1323.148925 -1178.122680 -596.625000 0.000000 -7.000000 0.000000 0.000000 0.000000 1.000000 0.000000 -7.000000 1.000000 2 0 0.000000
15 -1323.148925 -1178.122680 -486.500000 0.000000 -7.000000 0.000000 0.000000 0.000000 1.000000 0.000000 -7.000000 1.000000 2 0 0.000000
15 -1323.148925 -1178.122680 -376.375000 0.000000 -7.000000 0.000000 0.000000 0.000000 1.000000 0.000000 -7.000000 1.000000 2 0 0.000000
15 -1323.148925 -1178.122680 -266.250000 0.000000 -7.000000 0.000000 0.000000 0.000000 1.000000 0.000000 -7.000000 1.000000 2 0 0.000000
13 -1323.148925 -1178.122680 -158.125000 0.000000 -7.000000 0.000000 0.000000 0.000000 1.000000 0.000000 -7.000000 1.000000 2 0 0.000000
15 -1479.252807 -717.739746 -816.875000 0.000000 138.000000 0.000000 0.000000 0.000000 1.000000 0.000000 138.000000 1.000000 2 0 0.000000
15 -1479.252807 -717.739746 -706.750000 0.000000 138.000000 0.000000 0.000000 0.000000 1.000000 0.000000 138.000000 1.000000 2 0 0.000000
15 -1479.252807 -717.739746 -596.625000 0.000000 138.000000 0.000000 0.000000 0.000000 1.000000 0.000000 138.000000 1.000000 2 0 0.000000
15 -1479.252807 -717.739746 -486.500000 0.000000 138.000000 0.000000 0.000000 0.000000 1.000000 0.000000 138.000000 1.000000 2 0 0.000000
15 -1479.252807 -717.739746 -376.375000 0.000000 138.000000 0.000000 0.000000 0.000000 1.000000 0.000000 138.000000 1.000000 2 0 0.000000
15 -1479.252807 -717.739746 -266.250000 0.000000 138.000000 0.000000 0.000000 0.000000 1.000000 0.000000 138.000000 1.000000 2 0 0.000000
13 -1483.022216 -693.719970 -158.125000 0.000000 115.000000 0.000000 0.000000 0.000000 1.000000 0.000000 115.000000 1.000000 2 0 0.000000
13 -1555.071899 -726.586669 -158.125000 0.000000 -78.000000 0.000000 0.000000 0.000000 1.000000 0.000000 -78.000000 1.000000 2 0 0.000000
9 -626.009155 -852.438293 -91.875000 0.000000 -17.000000 0.000000 0.000000 0.000000 1.000000 0.000000 -17.000000 1.000000 0 0 0.000000
1 -1706.611572 -633.910583 -816.875000 0.000000 83.000000 0.000000 0.000000 0.000000 1.000000 0.000000 83.000000 1.000000 0 0 0.000000
13 992.205383 858.985778 -134.750000 0.000000 -91.000000 0.000000 0.000000 0.000000 1.000000 0.000000 -91.000000 1.000000 2 0 0.000000
16 989.746643 849.935729 -132.750000 0.000000 -90.000000 0.000000 0.000000 0.000000 1.000000 0.000000 -90.000000 1.000000 2 0 0.000000
15 551.186950 78.958480 15.125000 0.000000 -178.000000 0.000000 0.000000 0.000000 1.000000 0.000000 -178.000000 1.000000 2 0 0.000000
15 538.605468 -73.118331 15.125000 0.000000 -175.000000 0.000000 0.000000 0.000000 1.000000 0.000000 -175.000000 1.000000 2 0 0.000000
11 551.268188 6.047379 40.125000 0.000000 -178.000000 0.000000 0.000000 0.000000 1.000000 0.000000 -178.000000 1.000000 2 0 0.000000
11 551.268188 6.047379 120.250000 0.000000 -178.000000 0.000000 0.000000 0.000000 1.000000 0.000000 -178.000000 1.000000 2 0 0.000000
10 536.679443 -77.464035 130.250000 0.000000 -173.000000 0.000000 0.000000 0.000000 1.000000 0.000000 -173.000000 1.000000 2 0 0.000000
10 537.213012 -40.665611 180.375000 0.000000 176.000000 0.000000 0.000000 0.000000 1.000000 0.000000 176.000000 1.000000 2 0 0.000000
10 536.360168 -7.281608 180.375000 0.000000 176.000000 0.000000 0.000000 0.000000 1.000000 0.000000 176.000000 1.000000 2 0 0.000000
10 534.777282 35.730236 180.375000 0.000000 176.000000 0.000000 0.000000 0.000000 1.000000 0.000000 176.000000 1.000000 2 0 0.000000
10 537.524230 79.255424 130.250000 0.000000 177.000000 0.000000 0.000000 0.000000 1.000000 0.000000 177.000000 1.000000 2 0 0.000000
10 539.081970 102.491355 130.250000 0.000000 177.000000 0.000000 0.000000 0.000000 1.000000 0.000000 177.000000 1.000000 2 0 0.000000
15 753.943603 -1130.664916 -432.875000 0.000000 -101.000000 0.000000 0.000000 0.000000 1.000000 0.000000 -101.000000 1.000000 2 0 0.000000
15 753.943603 -1130.664916 -322.750000 0.000000 -101.000000 0.000000 0.000000 0.000000 1.000000 0.000000 -101.000000 1.000000 2 0 0.000000
11 681.252319 -1123.506835 -407.875000 0.000000 90.000000 0.000000 0.000000 0.000000 1.000000 0.000000 90.000000 1.000000 2 0 0.000000
11 681.252319 -1123.506835 -327.750000 0.000000 90.000000 0.000000 0.000000 0.000000 1.000000 0.000000 90.000000 1.000000 2 0 0.000000
11 681.252319 -1123.506835 -247.625000 0.000000 90.000000 0.000000 0.000000 0.000000 1.000000 0.000000 90.000000 1.000000 2 0 0.000000
11 681.252319 -1123.506835 -167.500000 0.000000 90.000000 0.000000 0.000000 0.000000 1.000000 0.000000 90.000000 1.000000 2 0 0.000000
11 681.252319 -1123.506835 -87.375000 0.000000 90.000000 0.000000 0.000000 0.000000 1.000000 0.000000 90.000000 1.000000 2 0 0.000000
15 757.003601 -1459.733642 -432.875000 0.000000 -122.000000 0.000000 0.000000 0.000000 1.000000 0.000000 -122.000000 1.000000 2 0 0.000000
15 -245.580245 -871.720275 -560.875000 0.000000 -179.000000 0.000000 0.000000 0.000000 1.000000 0.000000 -179.000000 1.000000 2 0 0.000000
15 -245.580245 -871.720275 -450.750000 0.000000 -179.000000 0.000000 0.000000 0.000000 1.000000 0.000000 -179.000000 1.000000 2 0 0.000000
15 -245.580245 -871.720275 -340.625000 0.000000 -179.000000 0.000000 0.000000 0.000000 1.000000 0.000000 -179.000000 1.000000 2 0 0.000000
15 -245.580245 -871.720275 -230.500000 0.000000 -179.000000 0.000000 0.000000 0.000000 1.000000 0.000000 -179.000000 1.000000 2 0 0.000000
15 -242.936599 -966.648986 -504.875000 0.000000 -172.000000 0.000000 0.000000 0.000000 1.000000 0.000000 -172.000000 1.000000 2 0 0.000000
15 -242.936599 -966.648986 -394.750000 0.000000 -172.000000 0.000000 0.000000 0.000000 1.000000 0.000000 -172.000000 1.000000 2 0 0.000000
15 -242.936599 -966.648986 -284.625000 0.000000 -172.000000 0.000000 0.000000 0.000000 1.000000 0.000000 -172.000000 1.000000 2 0 0.000000
11 -242.936599 -966.648986 -149.500000 0.000000 -172.000000 0.000000 0.000000 0.000000 1.000000 0.000000 -172.000000 1.000000 2 0 0.000000
15 -241.187683 -787.027709 -560.875000 0.000000 -178.000000 0.000000 0.000000 0.000000 1.000000 0.000000 -178.000000 1.000000 2 0 0.000000
15 -241.187683 -787.027709 -450.750000 0.000000 -178.000000 0.000000 0.000000 0.000000 1.000000 0.000000 -178.000000 1.000000 2 0 0.000000
15 -241.187683 -787.027709 -340.625000 0.000000 -178.000000 0.000000 0.000000 0.000000 1.000000 0.000000 -178.000000 1.000000 2 0 0.000000
15 -241.187683 -787.027709 -230.500000 0.000000 -178.000000 0.000000 0.000000 0.000000 1.000000 0.000000 -178.000000 1.000000 2 0 0.000000
15 -220.980133 -699.271972 -504.875000 0.000000 166.000000 0.000000 0.000000 0.000000 1.000000 0.000000 166.000000 1.000000 2 0 0.000000
15 -220.980133 -699.271972 -394.750000 0.000000 166.000000 0.000000 0.000000 0.000000 1.000000 0.000000 166.000000 1.000000 2 0 0.000000
15 -220.980133 -699.271972 -284.625000 0.000000 166.000000 0.000000 0.000000 0.000000 1.000000 0.000000 166.000000 1.000000 2 0 0.000000
11 -220.980133 -699.271972 -149.500000 0.000000 166.000000 0.000000 0.000000 0.000000 1.000000 0.000000 166.000000 1.000000 2 0 0.000000
12 -986.555603 -593.667114 -418.875000 0.000000 -176.000000 0.000000 0.000000 0.000000 1.000000 0.000000 -176.000000 1.000000 0 0 0.000000
14 -989.521667 -506.881774 -424.875000 0.000000 179.000000 0.000000 0.000000 0.000000 1.000000 0.000000 179.000000 1.000000 0 0 0.000000
14 502.615417 -1614.857666 -824.875000 0.000000 -18.000000 0.000000 0.000000 0.000000 1.000000 0.000000 -18.000000 1.000000 0 0 0.000000
15 1009.378417 -599.491821 -256.875000 0.000000 -37.000000 0.000000 0.000000 0.000000 1.000000 0.000000 -37.000000 1.000000 2 0 0.000000
11 992.398254 -601.320434 -121.750000 0.000000 147.000000 0.000000 0.000000 0.000000 1.000000 0.000000 147.000000 1.000000 2 0 0.000000
15 1022.542175 -493.306182 -256.875000 0.000000 -5.000000 0.000000 0.000000 0.000000 1.000000 0.000000 -5.000000 1.000000 2 0 0.000000
11 1004.967529 -555.167480 -121.750000 0.000000 148.000000 0.000000 0.000000 0.000000 1.000000 0.000000 148.000000 1.000000 2 0 0.000000
15 895.320251 -532.455200 -256.875000 0.000000 -28.000000 0.000000 0.000000 0.000000 1.000000 0.000000 -28.000000 1.000000 2 0 0.000000
10 895.320251 -532.455200 -141.750000 0.000000 -28.000000 0.000000 0.000000 0.000000 1.000000 0.000000 -28.000000 1.000000 2 0 0.000000
15 1128.473754 -601.380187 -256.875000 0.000000 122.000000 0.000000 0.000000 0.000000 1.000000 0.000000 122.000000 1.000000 2 0 0.000000
10 1128.473754 -601.380187 -141.750000 0.000000 122.000000 0.000000 0.000000 0.000000 1.000000 0.000000 122.000000 1.000000 2 0 0.000000
11 1001.171142 -497.032531 -121.750000 0.000000 153.000000 0.000000 0.000000 0.000000 1.000000 0.000000 153.000000 1.000000 2 0 0.000000
14 1590.247192 -883.485290 -80.875000 0.000000 -3.000000 0.000000 0.000000 0.000000 1.000000 0.000000 -3.000000 1.000000 0 0 0.000000
14 836.938720 -1435.016479 -80.875000 0.000000 -91.000000 0.000000 0.000000 0.000000 1.000000 0.000000 -91.000000 1.000000 0 0 0.000000
16 872.417236 -901.931518 -72.875000 0.000000 27.000000 0.000000 0.000000 0.000000 1.000000 0.000000 27.000000 1.000000 2 0 0.000000
16 841.806457 -865.271057 -72.875000 0.000000 52.000000 0.000000 0.000000 0.000000 1.000000 0.000000 52.000000 1.000000 2 0 0.000000
