15 1599.205932 6405.174316 -670.391479 0.000000 2.000000 0.000000 0.451011 0.000000 0.892518 0.000000 2.000000 1.000000 0 0 0.000000
15 1582.551757 6306.137695 -662.168640 0.000000 -6.000000 0.000000 0.449747 0.000000 0.893155 0.000000 -6.000000 1.000000 0 0 0.000000
15 1499.063964 6298.597167 -629.819396 0.000000 -6.000000 0.000000 0.000000 0.000000 1.000000 0.000000 -6.000000 1.000000 0 0 0.000000
15 1486.466064 6397.104980 -629.833496 0.000000 -6.000000 0.000000 0.000000 0.000000 1.000000 0.000000 -6.000000 1.000000 0 0 0.000000
15 1486.356323 6387.484863 -519.708496 0.000000 -13.000000 0.000000 0.000000 0.000000 1.000000 0.000000 -13.000000 1.000000 0 0 0.000000
15 1494.661743 6276.543457 -519.694396 0.000000 -25.000000 0.000000 0.000000 0.000000 1.000000 0.000000 -25.000000 1.000000 0 0 0.000000
15 1492.462402 6353.437500 -519.694396 0.000000 -11.000000 0.000000 0.000000 0.000000 1.000000 0.000000 -11.000000 1.000000 0 0 0.000000
15 1459.195190 6259.833007 -629.874267 0.000000 -32.000000 0.000000 0.000000 0.000000 1.000000 0.000000 -32.000000 1.000000 0 0 0.000000
15 1459.195190 6259.833007 -409.569396 0.000000 -32.000000 0.000000 0.000000 0.000000 1.000000 0.000000 -32.000000 1.000000 0 0 0.000000
15 1459.195190 6259.833007 -629.874267 0.000000 -32.000000 0.000000 0.000000 0.000000 1.000000 0.000000 -32.000000 1.000000 0 0 0.000000
16 -1585.953735 4818.224121 -304.875000 0.000000 97.000000 0.000000 0.000000 0.000000 1.000000 0.000000 97.000000 1.000000 0 0 0.000000
16 -1539.298339 4827.125976 -304.875000 0.000000 82.000000 0.000000 0.000000 0.000000 1.000000 0.000000 82.000000 1.000000 0 0 0.000000
15 -1566.621826 4830.847656 -264.750000 0.000000 -96.000000 0.000000 0.000000 0.000000 1.000000 0.000000 -96.000000 1.000000 0 0 0.000000
15 -1568.582275 4839.514648 -304.875000 0.000000 91.000000 0.000000 0.000000 0.000000 1.000000 0.000000 91.000000 1.000000 0 0 0.000000
11 -1646.822998 4821.332031 -279.875000 0.000000 -74.000000 0.000000 0.000000 0.000000 1.000000 0.000000 -74.000000 1.000000 0 0 0.000000
15 -1520.752319 4797.991210 -368.875000 0.000000 -144.000000 0.000000 0.000000 0.000000 1.000000 0.000000 -144.000000 1.000000 0 0 0.000000
15 915.335937 3862.030517 -784.875000 0.000000 39.000000 0.000000 0.000000 0.000000 1.000000 0.000000 39.000000 1.000000 0 0 0.000000
15 772.336425 3890.611816 -848.875000 0.000000 -75.000000 0.000000 0.000000 0.000000 1.000000 0.000000 -75.000000 1.000000 0 0 0.000000
11 844.939270 3883.073974 -759.875000 0.000000 60.000000 0.000000 0.000000 0.000000 1.000000 0.000000 60.000000 1.000000 0 0 0.000000
16 662.010864 3847.563476 -848.875000 0.000000 -82.000000 0.000000 0.000000 0.000000 1.000000 0.000000 -82.000000 1.000000 0 0 0.000000
1 994.829162 3834.029052 -663.125000 0.000000 174.000000 134.000000 0.000000 0.000000 -1.000000 0.000000 174.000000 -0.707106 0 0 0.000000
11 735.169677 3809.834472 -823.875000 0.000000 -9.000000 0.000000 0.000000 0.000000 1.000000 0.000000 -9.000000 1.000000 0 0 0.000000
1 1407.551757 6352.104492 -699.125000 0.000000 172.000000 180.000000 0.000000 0.000000 -1.000000 0.000000 172.000000 0.000000 0 0 0.000000
1 1488.552001 6360.948242 -715.125000 0.000000 -176.000000 180.000000 0.000000 0.000000 -1.000000 0.000000 -176.000000 0.000000 0 0 0.000000
15 1165.302001 4280.384765 -608.875000 0.000000 -89.000000 0.000000 0.000000 0.000000 1.000000 0.000000 -89.000000 1.000000 0 0 0.000000
15 1078.601806 4280.686035 -608.875000 0.000000 -88.000000 0.000000 0.000000 0.000000 1.000000 0.000000 -88.000000 1.000000 0 0 0.000000
14 877.747680 4222.657226 -728.875000 0.000000 17.000000 0.000000 0.000000 0.000000 1.000000 0.000000 17.000000 1.000000 0 0 0.000000
14 1341.204223 5075.453613 -248.875000 0.000000 103.000000 0.000000 0.000000 0.000000 1.000000 0.000000 103.000000 1.000000 0 0 0.000000
10 622.799438 3829.669677 -603.875000 0.000000 177.000000 0.000000 0.000000 0.000000 1.000000 0.000000 177.000000 1.000000 0 0 0.000000
11 606.315429 4263.313964 -583.875000 0.000000 82.000000 0.000000 0.000000 0.000000 1.000000 0.000000 82.000000 1.000000 0 0 0.000000
11 764.813415 4576.266601 -519.875000 0.000000 1.000000 0.000000 0.000000 0.000000 1.000000 0.000000 1.000000 1.000000 0 0 0.000000
16 1096.757202 4612.303710 -608.875000 0.000000 -113.000000 0.000000 0.000000 0.000000 1.000000 0.000000 -113.000000 1.000000 0 0 0.000000
11 1058.417846 4758.130859 -583.875000 0.000000 -5.000000 0.000000 0.000000 0.000000 1.000000 0.000000 -5.000000 1.000000 0 0 0.000000
11 1108.439453 4735.266113 -583.875000 0.000000 -179.000000 0.000000 0.000000 0.000000 1.000000 0.000000 -179.000000 1.000000 0 0 0.000000
15 1161.446533 4552.667968 -608.875000 0.000000 -100.000000 0.000000 0.000000 0.000000 1.000000 0.000000 -100.000000 1.000000 0 0 0.000000
1 1830.428955 5128.635742 -672.875305 0.000000 49.000000 0.000000 0.000000 0.000000 1.000000 0.000000 49.000000 1.000000 0 0 0.000000
11 1358.924316 5676.753417 -157.873199 0.000000 81.000000 0.000000 0.000000 0.000000 1.000000 0.000000 81.000000 1.000000 0 0 0.000000
6 1169.460937 4745.494628 -614.875000 0.000000 66.000000 0.000000 0.000000 0.000000 1.000000 0.000000 66.000000 1.000000 0 0 0.000000
15 1756.648559 4685.148437 -712.875000 0.000000 -35.000000 0.000000 0.000000 0.000000 1.000000 0.000000 -35.000000 1.000000 0 0 0.000000
15 1750.535644 4600.008300 -712.875000 0.000000 -13.000000 0.000000 0.000000 0.000000 1.000000 0.000000 -13.000000 1.000000 0 0 0.000000
1 1392.198120 4656.749023 -488.875000 0.000000 113.000000 0.000000 0.000000 0.000000 1.000000 0.000000 113.000000 1.000000 0 0 0.000000
10 1316.415527 5874.792968 -483.875000 0.000000 142.000000 0.000000 0.000000 0.000000 1.000000 0.000000 142.000000 1.000000 0 0 0.000000
13 1417.380004 4781.112304 -490.875000 0.000000 76.000000 0.000000 0.000000 0.000000 1.000000 0.000000 76.000000 1.000000 0 0 0.000000
13 1318.633422 5736.906250 -184.873199 0.000000 83.000000 0.000000 0.000000 0.000000 1.000000 0.000000 83.000000 1.000000 0 0 0.000000
11 71.293869 6105.887207 -663.875000 0.000000 -66.000000 0.000000 0.000000 0.000000 1.000000 0.000000 -66.000000 1.000000 0 0 0.000000
11 134.164642 6041.466308 -663.875000 0.000000 -72.000000 0.000000 0.000000 0.000000 1.000000 0.000000 -72.000000 1.000000 0 0 0.000000
11 74.983047 6047.197265 -663.875000 0.000000 -130.000000 0.000000 0.000000 0.000000 1.000000 0.000000 -130.000000 1.000000 0 0 0.000000
11 -780.215026 6099.924316 -647.875000 0.000000 -38.000000 0.000000 0.000000 0.000000 1.000000 0.000000 -38.000000 1.000000 0 0 0.000000
11 -802.702331 6145.166503 -663.875000 0.000000 -37.000000 0.000000 0.000000 0.000000 1.000000 0.000000 -37.000000 1.000000 0 0 0.000000
11 -812.572875 6205.622070 -663.875000 0.000000 -10.000000 0.000000 0.000000 0.000000 1.000000 0.000000 -10.000000 1.000000 0 0 0.000000
11 -731.391174 6080.196777 -623.875000 0.000000 -102.000000 0.000000 0.000000 0.000000 1.000000 0.000000 -102.000000 1.000000 0 0 0.000000
15 -137.887405 6126.580078 -752.875000 0.000000 -141.000000 0.000000 0.000000 0.000000 1.000000 0.000000 -141.000000 1.000000 0 0 0.000000
15 -547.911315 6182.850097 -792.875000 0.000000 -8.000000 0.000000 0.000000 0.000000 1.000000 0.000000 -8.000000 1.000000 0 0 0.000000
11 -103.049491 6214.286132 -719.875000 0.000000 2.000000 0.000000 0.000000 0.000000 1.000000 0.000000 2.000000 1.000000 0 0 0.000000
11 0.061620 6209.822753 -663.875000 0.000000 158.000000 0.000000 0.000000 0.000000 1.000000 0.000000 158.000000 1.000000 0 0 0.000000
11 -159.158294 6194.647949 -743.875000 0.000000 -173.000000 0.000000 0.000000 0.000000 1.000000 0.000000 -173.000000 1.000000 0 0 0.000000
11 -54.737537 6184.224609 -695.875000 0.000000 -19.000000 0.000000 0.000000 0.000000 1.000000 0.000000 -19.000000 1.000000 0 0 0.000000
11 1551.119506 6906.310546 -631.875000 0.000000 -136.000000 0.000000 0.000000 0.000000 1.000000 0.000000 -136.000000 1.000000 0 0 0.000000
11 1519.652709 6853.508300 -631.875000 0.000000 -69.000000 0.000000 0.000000 0.000000 1.000000 0.000000 -69.000000 1.000000 0 0 0.000000
11 1506.280883 6903.673828 -631.875000 0.000000 -75.000000 0.000000 0.000000 0.000000 1.000000 0.000000 -75.000000 1.000000 0 0 0.000000
1 1382.982299 5902.424804 -488.875000 0.000000 -157.000000 0.000000 0.000000 0.000000 1.000000 0.000000 -157.000000 1.000000 0 0 0.000000
1 1305.427978 5822.448730 -407.249786 0.000000 -51.000000 -53.000000 0.707106 0.000000 0.707107 1.000000 -51.000000 0.000000 0 0 0.000000
3 1322.675903 5759.575683 -566.875000 0.000000 87.000000 0.000000 0.000000 0.000000 1.000000 0.000000 87.000000 1.000000 0 0 0.000000
1 1420.785888 6076.102539 -613.468688 0.000000 152.000000 0.000000 0.624695 0.000000 0.780868 0.000000 152.000000 1.000000 0 0 0.000000
1 2165.740722 5595.661621 -509.767608 0.000000 -41.000000 0.000000 -0.449793 -0.064951 0.890767 0.000000 -41.000000 1.000000 0 0 0.000000
3 1319.691284 6740.824707 -656.875000 0.000000 -103.000000 0.000000 0.000000 0.000000 1.000000 0.000000 -103.000000 1.000000 0 0 0.000000
3 1507.436035 6737.464355 -656.875000 0.000000 -87.000000 0.000000 0.000000 0.000000 1.000000 0.000000 -87.000000 1.000000 0 0 0.000000
3 1414.832397 6836.653808 -656.875000 0.000000 -92.000000 0.000000 0.000000 0.000000 1.000000 0.000000 -92.000000 1.000000 0 0 0.000000
1 1411.760986 6898.520996 -656.875000 0.000000 -91.000000 0.000000 0.000000 0.000000 1.000000 0.000000 -91.000000 1.000000 0 0 0.000000
1 1403.374755 6574.666992 -656.875000 0.000000 90.000000 0.000000 0.000000 0.000000 1.000000 0.000000 90.000000 1.000000 0 0 0.000000
16 -614.778381 7198.063476 -344.875000 0.000000 -141.000000 0.000000 0.000000 0.000000 1.000000 0.000000 -141.000000 1.000000 0 0 0.000000
11 -1362.549316 7253.295898 -295.875122 0.000000 129.000000 0.000000 0.000000 0.000000 1.000000 0.000000 129.000000 1.000000 0 0 0.000000
11 -1300.769897 7244.183105 -319.875000 0.000000 82.000000 0.000000 0.000000 0.000000 1.000000 0.000000 82.000000 1.000000 0 0 0.000000
1 -1209.280273 6821.160156 -580.875000 0.000000 -58.000000 0.000000 0.000000 0.000000 1.000000 0.000000 -58.000000 1.000000 0 0 0.000000
16 1383.610107 7019.341308 -656.875000 0.000000 -179.000000 0.000000 0.000000 0.000000 1.000000 0.000000 -179.000000 1.000000 0 0 0.000000
1 -517.923278 7220.976074 -308.875000 0.000000 -37.000000 0.000000 0.000000 0.000000 1.000000 0.000000 -37.000000 1.000000 0 0 0.000000
1 -498.536712 7264.836425 -308.875000 0.000000 -10.000000 0.000000 0.000000 0.000000 1.000000 0.000000 -10.000000 1.000000 0 0 0.000000
1 -525.311645 7296.701171 -308.875000 0.000000 17.000000 0.000000 0.000000 0.000000 1.000000 0.000000 17.000000 1.000000 0 0 0.000000
1 -1324.805541 6864.224609 -580.875000 0.000000 -142.000000 0.000000 0.000000 0.000000 1.000000 0.000000 -142.000000 1.000000 0 0 0.000000
11 -1265.452636 6950.155273 -559.875000 0.000000 -35.000000 0.000000 0.000000 0.000000 1.000000 0.000000 -35.000000 1.000000 0 0 0.000000
14 -144.739212 7416.174804 -528.875000 0.000000 -57.000000 0.000000 0.000000 0.000000 1.000000 0.000000 -57.000000 1.000000 0 0 0.000000
16 1329.499755 7021.033691 -656.875000 0.000000 179.000000 0.000000 0.000000 0.000000 1.000000 0.000000 179.000000 1.000000 0 0 0.000000
11 -1435.027832 4923.901367 -279.875000 0.000000 50.000000 0.000000 0.000000 0.000000 1.000000 0.000000 50.000000 1.000000 0 0 0.000000
10 -1501.081787 4874.195800 -299.875000 0.000000 49.000000 0.000000 0.000000 0.000000 1.000000 0.000000 49.000000 1.000000 0 0 0.000000
11 -1423.245239 5240.126953 -279.875000 0.000000 -100.000000 0.000000 0.000000 0.000000 1.000000 0.000000 -100.000000 1.000000 0 0 0.000000
11 -1347.470825 6720.629882 -555.875000 0.000000 129.000000 0.000000 0.000000 0.000000 1.000000 0.000000 129.000000 1.000000 0 0 0.000000
16 -1290.143310 6729.737304 -584.875000 0.000000 99.000000 0.000000 0.000000 0.000000 1.000000 0.000000 99.000000 1.000000 0 0 0.000000
16 1264.770874 7019.708007 -656.875000 0.000000 -178.000000 0.000000 0.000000 0.000000 1.000000 0.000000 -178.000000 1.000000 0 0 0.000000
16 1223.054321 6969.866210 -656.875000 0.000000 174.000000 0.000000 0.000000 0.000000 1.000000 0.000000 174.000000 1.000000 0 0 0.000000
16 1213.279174 7015.924804 -656.875000 0.000000 -177.000000 0.000000 0.000000 0.000000 1.000000 0.000000 -177.000000 1.000000 0 0 0.000000
16 1258.851928 6942.790039 -656.875000 0.000000 178.000000 0.000000 0.000000 0.000000 1.000000 0.000000 178.000000 1.000000 0 0 0.000000
2 -393.782440 5253.385742 -304.875000 0.000000 -89.000000 0.000000 0.000000 0.000000 1.000000 0.000000 -89.000000 1.000000 0 0 0.000000
16 1292.970092 7101.856445 -656.875000 0.000000 177.000000 0.000000 0.000000 0.000000 1.000000 0.000000 177.000000 1.000000 0 0 0.000000
16 1237.620605 7052.456054 -656.875000 0.000000 177.000000 0.000000 0.000000 0.000000 1.000000 0.000000 177.000000 1.000000 0 0 0.000000
15 -299.822387 5248.642089 -304.875000 0.000000 -103.000000 0.000000 0.000000 0.000000 1.000000 0.000000 -103.000000 1.000000 0 0 0.000000
15 -494.473480 5245.064941 -304.875000 0.000000 -15.000000 0.000000 0.000000 0.000000 1.000000 0.000000 -15.000000 1.000000 0 0 0.000000
3 -379.637786 5336.534667 -304.875000 0.000000 -94.000000 0.000000 0.000000 0.000000 1.000000 0.000000 -94.000000 1.000000 0 0 0.000000
5 -379.955688 5409.568847 -306.489196 0.000000 -94.000000 0.000000 0.000000 0.086629 0.996240 0.000000 -94.000000 1.000000 0 0 0.000000
3 -381.678863 5460.237304 -309.156005 0.000000 -90.000000 0.000000 0.000000 0.086629 0.996240 0.000000 -90.000000 1.000000 0 0 0.000000
14 30.851720 5832.169921 -440.875000 0.000000 81.000000 0.000000 0.000000 0.000000 1.000000 0.000000 81.000000 1.000000 0 0 0.000000
11 27.496730 5765.131835 -407.875000 0.000000 87.000000 0.000000 0.000000 0.000000 1.000000 0.000000 87.000000 1.000000 0 0 0.000000
11 78.465164 5763.507324 -407.875000 0.000000 87.000000 0.000000 0.000000 0.000000 1.000000 0.000000 87.000000 1.000000 0 0 0.000000
11 125.463836 5761.674804 -407.875000 0.000000 87.000000 0.000000 0.000000 0.000000 1.000000 0.000000 87.000000 1.000000 0 0 0.000000
14 115.555221 5835.755859 -440.875000 0.000000 2.000000 0.000000 0.000000 0.000000 1.000000 0.000000 2.000000 1.000000 0 0 0.000000
11 -279.541442 4976.776367 -275.875000 0.000000 4.000000 0.000000 0.000000 0.000000 1.000000 0.000000 4.000000 1.000000 0 0 0.000000
15 -337.658386 4560.466308 -300.875000 0.000000 -122.000000 0.000000 0.000000 0.000000 1.000000 0.000000 -122.000000 1.000000 0 0 0.000000
15 -423.826782 4618.233398 -304.875000 0.000000 -151.000000 0.000000 0.000000 0.000000 1.000000 0.000000 -151.000000 1.000000 0 0 0.000000
15 -511.003784 4680.278320 -300.875000 0.000000 -129.000000 0.000000 0.000000 0.000000 1.000000 0.000000 -129.000000 1.000000 0 0 0.000000
11 -492.796112 4548.287597 -279.875000 0.000000 16.000000 0.000000 0.000000 0.000000 1.000000 0.000000 16.000000 1.000000 0 0 0.000000
10 -547.596130 4587.383300 -299.875000 0.000000 18.000000 0.000000 0.000000 0.000000 1.000000 0.000000 18.000000 1.000000 0 0 0.000000
1 -531.889648 4807.208984 -304.875000 0.000000 -177.000000 0.000000 0.000000 0.000000 1.000000 0.000000 -177.000000 1.000000 0 0 0.000000
1 -528.705566 4756.331054 -304.875000 0.000000 -127.000000 0.000000 0.000000 0.000000 1.000000 0.000000 -127.000000 1.000000 0 0 0.000000
1 -534.133300 4866.230957 -304.875000 0.000000 -177.000000 0.000000 0.000000 0.000000 1.000000 0.000000 -177.000000 1.000000 0 0 0.000000
1 -532.436523 4914.670410 -304.875000 0.000000 -160.000000 0.000000 0.000000 0.000000 1.000000 0.000000 -160.000000 1.000000 0 0 0.000000
6 -1542.633056 6177.108398 -590.875000 0.000000 -101.000000 0.000000 0.000000 0.000000 1.000000 0.000000 -101.000000 1.000000 0 0 0.000000
15 -1720.018920 3977.082763 -277.875000 0.000000 -139.000000 0.000000 0.000000 0.000000 1.000000 0.000000 -139.000000 1.000000 0 0 0.000000
14 -1422.899414 4840.170898 -312.875000 0.000000 7.000000 0.000000 0.000000 0.000000 1.000000 0.000000 7.000000 1.000000 0 0 0.000000
11 -1814.969360 4037.756591 -251.875000 0.000000 -142.000000 0.000000 0.000000 0.000000 1.000000 0.000000 -142.000000 1.000000 0 0 0.000000
15 -1633.190795 3921.700439 -277.875000 0.000000 -106.000000 0.000000 0.000000 0.000000 1.000000 0.000000 -106.000000 1.000000 0 0 0.000000
15 -1637.884399 4028.048339 -277.875000 0.000000 -105.000000 0.000000 0.000000 0.000000 1.000000 0.000000 -105.000000 1.000000 0 0 0.000000
15 -1757.125732 4171.528320 -164.875000 0.000000 -59.000000 0.000000 0.000000 0.000000 1.000000 0.000000 -59.000000 1.000000 0 0 0.000000
14 -1782.043334 4273.789550 -172.875000 0.000000 -101.000000 0.000000 0.000000 0.000000 1.000000 0.000000 -101.000000 1.000000 0 0 0.000000
14 -1680.981811 4486.601074 -248.875000 0.000000 -158.000000 0.000000 0.000000 0.000000 1.000000 0.000000 -158.000000 1.000000 0 0 0.000000
10 -1522.429931 3874.037841 -231.875000 0.000000 -88.000000 0.000000 0.000000 0.000000 1.000000 0.000000 -88.000000 1.000000 0 0 0.000000
10 -1525.521484 3933.873535 -231.875000 0.000000 -88.000000 0.000000 0.000000 0.000000 1.000000 0.000000 -88.000000 1.000000 0 0 0.000000
10 -1528.649902 3992.093017 -231.875000 0.000000 -87.000000 0.000000 0.000000 0.000000 1.000000 0.000000 -87.000000 1.000000 0 0 0.000000
10 -1531.784790 4048.094238 -231.875000 0.000000 -87.000000 0.000000 0.000000 0.000000 1.000000 0.000000 -87.000000 1.000000 0 0 0.000000
10 -1531.552734 4107.407714 -231.875000 0.000000 -91.000000 0.000000 0.000000 0.000000 1.000000 0.000000 -91.000000 1.000000 0 0 0.000000
11 -958.824584 4698.442382 -275.875000 0.000000 92.000000 0.000000 0.000000 0.000000 1.000000 0.000000 92.000000 1.000000 0 0 0.000000
11 -1024.865234 4686.483398 -275.875000 0.000000 70.000000 0.000000 0.000000 0.000000 1.000000 0.000000 70.000000 1.000000 0 0 0.000000
11 -1077.355957 4711.742187 -275.875000 0.000000 55.000000 0.000000 0.000000 0.000000 1.000000 0.000000 55.000000 1.000000 0 0 0.000000
11 -1122.592285 4763.845214 -277.317260 0.000000 55.000000 0.000000 0.000000 -0.031234 0.999512 0.000000 55.000000 1.000000 0 0 0.000000
11 -1152.038940 4826.369140 -275.875000 0.000000 55.000000 0.000000 0.000000 0.000000 1.000000 0.000000 55.000000 1.000000 0 0 0.000000
11 -1196.041015 4865.955078 -275.875000 0.000000 55.000000 0.000000 0.000000 0.000000 1.000000 0.000000 55.000000 1.000000 0 0 0.000000
11 -1296.015258 4875.027343 -259.875396 0.000000 81.000000 0.000000 0.000000 0.000000 1.000000 0.000000 81.000000 1.000000 0 0 0.000000
13 -1187.726074 4887.064941 -186.875000 0.000000 -87.000000 0.000000 0.000000 0.000000 1.000000 0.000000 -87.000000 1.000000 0 0 0.000000
13 -1260.379638 4883.516113 -186.875000 0.000000 -87.000000 0.000000 0.000000 0.000000 1.000000 0.000000 -87.000000 1.000000 0 0 0.000000
10 -1290.211791 4948.061035 -179.875000 0.000000 -144.000000 0.000000 0.000000 0.000000 1.000000 0.000000 -144.000000 1.000000 0 0 0.000000
14 -1226.539306 4968.343750 -196.875000 0.000000 -79.000000 0.000000 0.000000 0.000000 1.000000 0.000000 -79.000000 1.000000 0 0 0.000000
11 -1214.908935 4803.368652 -276.082153 0.000000 49.000000 0.000000 0.000000 -0.031234 0.999512 0.000000 49.000000 1.000000 0 0 0.000000
11 -1191.185180 4748.273437 -277.803894 0.000000 42.000000 0.000000 0.000000 -0.031234 0.999512 0.000000 42.000000 1.000000 0 0 0.000000
11 -1136.116088 4688.700683 -279.665527 0.000000 45.000000 0.000000 0.000000 -0.031234 0.999512 0.000000 45.000000 1.000000 0 0 0.000000
1 -1290.478637 4791.028808 -300.875000 0.000000 92.000000 0.000000 0.000000 0.000000 1.000000 0.000000 92.000000 1.000000 0 0 0.000000
15 -761.194396 4216.523925 -300.875000 0.000000 21.000000 0.000000 0.000000 0.000000 1.000000 0.000000 21.000000 1.000000 0 0 0.000000
15 -754.913208 4125.991210 -300.875000 0.000000 2.000000 0.000000 0.000000 0.000000 1.000000 0.000000 2.000000 1.000000 0 0 0.000000
15 -810.051147 4023.353027 -300.875000 0.000000 0.000000 0.000000 0.000000 0.000000 1.000000 0.000000 0.000000 1.000000 0 0 0.000000
15 -832.993713 3921.810791 -300.875000 0.000000 -1.000000 0.000000 0.000000 0.000000 1.000000 0.000000 -1.000000 1.000000 0 0 0.000000
11 -906.906005 3870.950927 -259.873199 0.000000 -30.000000 0.000000 0.000000 0.000000 1.000000 0.000000 -30.000000 1.000000 0 0 0.000000
10 -726.482727 3959.342773 -247.875000 0.000000 148.000000 0.000000 0.000000 0.000000 1.000000 0.000000 148.000000 1.000000 0 0 0.000000
14 -493.420684 4176.114746 -216.875000 0.000000 -17.000000 0.000000 0.000000 0.000000 1.000000 0.000000 -17.000000 1.000000 0 0 0.000000
15 -259.878082 5663.173339 -284.873596 0.000000 -4.000000 0.000000 0.000000 0.000000 1.000000 0.000000 -4.000000 1.000000 0 0 0.000000
13 -257.797424 5741.020019 -286.873596 0.000000 5.000000 0.000000 0.000000 0.000000 1.000000 0.000000 5.000000 1.000000 0 0 0.000000
11 -738.640441 4287.102539 -823.875000 0.000000 81.000000 0.000000 0.000000 0.000000 1.000000 0.000000 81.000000 1.000000 0 0 0.000000
11 -793.853149 4278.770507 -823.875000 0.000000 82.000000 0.000000 0.000000 0.000000 1.000000 0.000000 82.000000 1.000000 0 0 0.000000
11 -848.241455 4271.883300 -823.875000 0.000000 82.000000 0.000000 0.000000 0.000000 1.000000 0.000000 82.000000 1.000000 0 0 0.000000
11 -899.154418 4265.276855 -823.875000 0.000000 82.000000 0.000000 0.000000 0.000000 1.000000 0.000000 82.000000 1.000000 0 0 0.000000
11 -952.299560 4255.602050 -823.875000 0.000000 92.000000 0.000000 0.000000 0.000000 1.000000 0.000000 92.000000 1.000000 0 0 0.000000
10 -825.878479 4350.650390 -843.875000 0.000000 97.000000 0.000000 0.000000 0.000000 1.000000 0.000000 97.000000 1.000000 0 0 0.000000
10 -577.658142 4199.420410 -843.875000 0.000000 106.000000 0.000000 0.000000 0.000000 1.000000 0.000000 106.000000 1.000000 0 0 0.000000
16 -373.454620 6325.570800 -560.875000 0.000000 91.000000 0.000000 0.000000 0.000000 1.000000 0.000000 91.000000 1.000000 0 0 0.000000
11 -415.778076 5149.434082 -279.875000 0.000000 91.000000 0.000000 0.000000 0.000000 1.000000 0.000000 91.000000 1.000000 0 0 0.000000
10 -117.589317 6115.309570 -603.875000 0.000000 85.000000 0.000000 0.000000 0.000000 1.000000 0.000000 85.000000 1.000000 0 0 0.000000
15 -240.124847 6174.341308 -800.875000 0.000000 -4.000000 0.000000 0.000000 0.000000 1.000000 0.000000 -4.000000 1.000000 0 0 0.000000
15 -348.200134 5863.920410 -848.875000 0.000000 -101.000000 0.000000 0.000000 0.000000 1.000000 0.000000 -101.000000 1.000000 0 0 0.000000
15 126.163154 5745.820312 -688.875000 0.000000 -90.000000 0.000000 0.000000 0.000000 1.000000 0.000000 -90.000000 1.000000 0 0 0.000000
11 -70.486022 6108.346191 -607.875000 0.000000 73.000000 0.000000 0.000000 0.000000 1.000000 0.000000 73.000000 1.000000 0 0 0.000000
15 42.923721 5745.900390 -688.875000 0.000000 -90.000000 0.000000 0.000000 0.000000 1.000000 0.000000 -90.000000 1.000000 0 0 0.000000
15 -351.931060 5681.244628 -848.875000 0.000000 -93.000000 0.000000 0.000000 0.000000 1.000000 0.000000 -93.000000 1.000000 0 0 0.000000
15 -337.460083 5460.758300 -848.875000 0.000000 -106.000000 0.000000 0.000000 0.000000 1.000000 0.000000 -106.000000 1.000000 0 0 0.000000
11 -327.961883 5181.700195 -823.875000 0.000000 -87.000000 0.000000 0.000000 0.000000 1.000000 0.000000 -87.000000 1.000000 0 0 0.000000
11 -384.186614 5187.604980 -823.875000 0.000000 -89.000000 0.000000 0.000000 0.000000 1.000000 0.000000 -89.000000 1.000000 0 0 0.000000
11 -434.509307 5187.562988 -823.875000 0.000000 -88.000000 0.000000 0.000000 0.000000 1.000000 0.000000 -88.000000 1.000000 0 0 0.000000
10 -382.230773 5125.125488 -843.875000 0.000000 96.000000 0.000000 0.000000 0.000000 1.000000 0.000000 96.000000 1.000000 0 0 0.000000
14 -905.955688 5237.132812 -856.875000 0.000000 -144.000000 0.000000 0.000000 0.000000 1.000000 0.000000 -144.000000 1.000000 0 0 0.000000
15 -246.306747 6081.751464 -800.875000 0.000000 3.000000 0.000000 0.000000 0.000000 1.000000 0.000000 3.000000 1.000000 0 0 0.000000
15 -890.061401 5660.169433 -688.875000 0.000000 -94.000000 0.000000 0.000000 0.000000 1.000000 0.000000 -94.000000 1.000000 0 0 0.000000
15 -800.207885 5670.783691 -688.875000 0.000000 -85.000000 0.000000 0.000000 0.000000 1.000000 0.000000 -85.000000 1.000000 0 0 0.000000
14 -870.570922 5320.570800 -696.875000 0.000000 -103.000000 0.000000 0.000000 0.000000 1.000000 0.000000 -103.000000 1.000000 0 0 0.000000
3 -0.641761 6098.136230 -656.875000 0.000000 114.000000 0.000000 0.000000 0.000000 1.000000 0.000000 114.000000 1.000000 0 0 0.000000
1 131.422393 6200.298828 -688.875000 0.000000 81.000000 0.000000 0.000000 0.000000 1.000000 0.000000 81.000000 1.000000 0 0 0.000000
1 119.957824 6125.192382 -688.875000 0.000000 80.000000 0.000000 0.000000 0.000000 1.000000 0.000000 80.000000 1.000000 0 0 0.000000
1 1603.949951 6323.651367 -771.125000 0.000000 -16.000000 180.000000 0.000000 0.000000 -1.000000 0.000000 -16.000000 0.000000 0 0 0.000000
1 1944.638305 6349.563476 -723.950439 0.000000 137.000000 -30.000000 -0.787359 0.006421 0.616460 -0.753755 137.000000 0.657119 0 0 0.000000
2 374.869781 6822.695312 -224.875000 0.000000 -154.000000 0.000000 0.000000 0.000000 1.000000 0.000000 -154.000000 1.000000 0 0 0.000000
4 1113.976684 6887.369628 0.875000 0.000000 76.000000 -170.000000 0.000000 0.000000 -1.000000 0.000000 76.000000 -0.707106 0 0 0.000000
6 -894.697998 6559.716308 -486.875000 0.000000 -83.000000 0.000000 0.000000 0.000000 1.000000 0.000000 -83.000000 1.000000 0 0 0.000000
4 -1476.982177 5199.125000 -141.563476 0.000000 162.000000 103.000000 0.000000 1.000000 0.000000 0.000000 162.000000 0.000000 0 0 0.000000
2 -383.194763 6333.008300 -144.875000 0.000000 171.000000 0.000000 0.000000 0.000000 1.000000 0.000000 171.000000 1.000000 0 0 0.000000
4 1048.874877 6858.592285 -204.757232 0.000000 -29.000000 151.000000 -1.000000 0.000000 0.000000 -0.948682 -29.000000 -0.316225 0 0 0.000000
4 -382.417480 6293.125000 -347.017456 0.000000 179.000000 144.000000 0.000000 1.000000 0.000000 0.000000 179.000000 -0.832050 0 0 0.000000
14 645.036865 6610.216308 -488.875000 0.000000 -28.000000 0.000000 0.000000 0.000000 1.000000 0.000000 -28.000000 1.000000 0 0 0.000000
1 2387.041259 8046.214843 -173.747283 0.000000 -106.000000 -172.000000 0.000000 -0.447213 -0.894427 0.000000 -106.000000 -0.894427 0 0 0.000000
4 2238.920410 8140.003906 -624.875000 0.000000 150.000000 0.000000 0.000000 0.000000 1.000000 0.000000 150.000000 1.000000 0 0 0.000000
1 158.921691 7802.394531 -567.428710 0.000000 10.000000 0.000000 0.000000 -0.707106 0.707106 0.000000 10.000000 1.000000 0 0 0.000000
3 134.110015 7676.881347 -580.875000 0.000000 -2.000000 0.000000 0.000000 0.000000 1.000000 0.000000 -2.000000 1.000000 0 0 0.000000
1 80.118911 7771.735839 -584.875000 0.000000 10.000000 0.000000 0.000000 0.000000 1.000000 0.000000 10.000000 1.000000 0 0 0.000000
1 1411.345214 6668.191406 -524.312377 0.000000 -117.000000 179.000000 -0.447213 0.000000 -0.894427 0.000000 -117.000000 0.000000 0 0 0.000000
6 1628.533447 6915.740722 -662.875000 0.000000 -74.000000 0.000000 0.000000 0.000000 1.000000 0.000000 -74.000000 1.000000 0 0 0.000000
1 2274.878662 7131.047851 -479.125000 0.000000 60.000000 179.000000 0.000000 0.000000 -1.000000 1.000000 60.000000 0.000000 0 0 0.000000
4 2283.158691 7145.272949 -608.875000 0.000000 70.000000 0.000000 0.000000 0.000000 1.000000 0.000000 70.000000 1.000000 0 0 0.000000
4 2232.050048 7357.849609 -432.875000 0.000000 -44.000000 0.000000 0.000000 0.000000 1.000000 0.000000 -44.000000 1.000000 0 0 0.000000
2 1349.147216 7474.187988 31.124996 0.000000 83.000000 0.000000 0.000000 0.000000 1.000000 0.000000 83.000000 1.000000 0 0 0.000000
6 1399.076293 7895.041992 -440.875000 0.000000 0.000000 0.000000 0.000000 0.000000 1.000000 0.000000 0.000000 1.000000 0 0 0.000000
4 1319.125000 7492.487304 -304.373382 0.000000 98.000000 89.000000 1.000000 0.000000 0.000000 1.000000 98.000000 0.000000 0 0 0.000000
4 -1337.311645 6435.671386 -584.875000 0.000000 89.000000 0.000000 0.000000 0.000000 1.000000 0.000000 89.000000 1.000000 0 0 0.000000
2 298.160095 7672.989257 -96.875000 0.000000 178.000000 0.000000 0.000000 0.000000 1.000000 0.000000 178.000000 1.000000 0 0 0.000000
2 -1227.696289 6820.487304 -308.875000 0.000000 117.000000 0.000000 0.000000 0.000000 1.000000 0.000000 117.000000 1.000000 0 0 0.000000
4 298.394226 7662.924804 -584.875000 0.000000 -175.000000 0.000000 0.000000 0.000000 1.000000 0.000000 -175.000000 1.000000 0 0 0.000000
4 -1229.635864 6339.071777 -308.875000 0.000000 -63.000000 0.000000 0.000000 0.000000 1.000000 0.000000 -63.000000 1.000000 0 0 0.000000
2 -1385.839355 4172.508789 175.125000 0.000000 -36.000000 0.000000 0.000000 0.000000 1.000000 0.000000 -36.000000 1.000000 0 0 0.000000
6 -1776.673217 4110.225097 -283.875000 0.000000 -167.000000 0.000000 0.000000 0.000000 1.000000 0.000000 -167.000000 1.000000 0 0 0.000000
14 2138.011230 6376.388183 -540.571838 0.000000 106.000000 0.000000 0.000000 -0.252011 0.967724 0.000000 106.000000 1.000000 0 0 0.000000
13 1702.842529 6352.546875 -864.875000 0.000000 0.000000 0.000000 0.000000 0.000000 1.000000 0.000000 0.000000 1.000000 0 0 0.000000
14 1399.070190 6359.740722 -870.875000 0.000000 176.000000 0.000000 0.000000 0.000000 1.000000 0.000000 176.000000 1.000000 0 0 0.000000
14 1307.020019 7903.481933 -280.875946 0.000000 33.000000 0.000000 0.000000 0.000000 1.000000 0.000000 33.000000 1.000000 1 0 0.000000
15 827.337890 7371.591308 -530.875000 0.000000 -98.000000 0.000000 0.000000 0.000000 1.000000 0.000000 -98.000000 1.000000 0 0 0.000000
15 -1219.242797 6748.387695 -580.875000 0.000000 -89.000000 0.000000 0.000000 0.000000 1.000000 0.000000 -89.000000 1.000000 0 0 0.000000
15 -1319.002807 6793.212402 -580.875000 0.000000 -104.000000 0.000000 0.000000 0.000000 1.000000 0.000000 -104.000000 1.000000 0 0 0.000000
11 -1335.233520 6255.233398 -244.875061 0.000000 -88.000000 0.000000 0.000000 0.000000 1.000000 0.000000 -88.000000 1.000000 0 0 0.000000
14 -1338.865356 7090.299804 -328.875122 0.000000 -165.000000 0.000000 0.000000 0.000000 1.000000 0.000000 -165.000000 1.000000 0 0 0.000000
14 -1228.289794 5099.612792 -308.875000 0.000000 179.000000 0.000000 0.000000 0.000000 1.000000 0.000000 179.000000 1.000000 0 0 0.000000
11 -1237.775878 7099.258300 -555.875000 0.000000 -107.000000 0.000000 0.000000 0.000000 1.000000 0.000000 -107.000000 1.000000 0 0 0.000000
13 -245.937408 4164.207519 -850.875000 0.000000 1.000000 0.000000 0.000000 0.000000 1.000000 0.000000 1.000000 1.000000 0 0 0.000000
14 -383.356384 6198.799804 -408.875000 0.000000 100.000000 0.000000 0.000000 0.000000 1.000000 0.000000 100.000000 1.000000 0 0 0.000000
11 -1246.248413 7025.883300 -555.875000 0.000000 -55.000000 0.000000 0.000000 0.000000 1.000000 0.000000 -55.000000 1.000000 0 0 0.000000
13 -237.458190 4093.268798 -850.875000 0.000000 0.000000 0.000000 0.000000 0.000000 1.000000 0.000000 0.000000 1.000000 0 0 0.000000
15 -12.340764 4027.441406 -848.875000 0.000000 -29.000000 0.000000 0.000000 0.000000 1.000000 0.000000 -29.000000 1.000000 0 0 0.000000
13 -241.205230 4022.978515 -850.875000 0.000000 1.000000 0.000000 0.000000 0.000000 1.000000 0.000000 1.000000 1.000000 0 0 0.000000
11 154.140136 4040.344726 -823.875000 0.000000 -179.000000 0.000000 0.000000 0.000000 1.000000 0.000000 -179.000000 1.000000 0 0 0.000000
11 152.326034 4085.175537 -823.875000 0.000000 176.000000 0.000000 0.000000 0.000000 1.000000 0.000000 176.000000 1.000000 0 0 0.000000
11 -322.665679 3982.971923 -823.875000 0.000000 -14.000000 0.000000 0.000000 0.000000 1.000000 0.000000 -14.000000 1.000000 0 0 0.000000
13 -535.246643 6809.002929 -482.875000 0.000000 93.000000 0.000000 0.000000 0.000000 1.000000 0.000000 93.000000 1.000000 0 0 0.000000
13 -532.068054 6738.460449 -482.875000 0.000000 -178.000000 0.000000 0.000000 0.000000 1.000000 0.000000 -178.000000 1.000000 0 0 0.000000
13 -549.344909 6666.612304 -482.875000 0.000000 -174.000000 0.000000 0.000000 0.000000 1.000000 0.000000 -174.000000 1.000000 0 0 0.000000
10 -600.577819 6735.290039 -475.875000 0.000000 10.000000 0.000000 0.000000 0.000000 1.000000 0.000000 10.000000 1.000000 0 0 0.000000
15 2505.277099 7603.608398 -396.875000 0.000000 14.000000 0.000000 0.000000 0.000000 1.000000 0.000000 14.000000 1.000000 0 0 0.000000
11 1678.992797 7575.109863 -371.875000 0.000000 172.000000 0.000000 0.000000 0.000000 1.000000 0.000000 172.000000 1.000000 0 0 0.000000
11 1435.675292 7560.240722 -409.875000 0.000000 14.000000 0.000000 0.000000 0.000000 1.000000 0.000000 14.000000 1.000000 0 0 0.000000
11 1439.263916 7619.270507 -409.875000 0.000000 39.000000 0.000000 0.000000 0.000000 1.000000 0.000000 39.000000 1.000000 0 0 0.000000
10 1384.807006 7551.216308 -429.875000 0.000000 -108.000000 0.000000 0.000000 0.000000 1.000000 0.000000 -108.000000 1.000000 0 0 0.000000
10 295.473327 7614.512207 -575.875000 0.000000 164.000000 0.000000 0.000000 0.000000 1.000000 0.000000 164.000000 1.000000 0 0 0.000000
10 455.148529 7789.481445 -583.875000 0.000000 78.000000 0.000000 0.000000 0.000000 1.000000 0.000000 78.000000 1.000000 0 0 0.000000
10 296.802581 7784.290527 -575.875000 0.000000 110.000000 0.000000 0.000000 0.000000 1.000000 0.000000 110.000000 1.000000 0 0 0.000000
10 348.026489 7773.549804 -579.875000 0.000000 90.000000 0.000000 0.000000 0.000000 1.000000 0.000000 90.000000 1.000000 0 0 0.000000
10 302.312042 7562.070800 -575.875000 0.000000 128.000000 0.000000 0.000000 0.000000 1.000000 0.000000 128.000000 1.000000 0 0 0.000000
10 401.948883 7778.604003 -579.875000 0.000000 83.000000 0.000000 0.000000 0.000000 1.000000 0.000000 83.000000 1.000000 0 0 0.000000
15 502.576416 7868.572265 -434.875000 0.000000 172.000000 0.000000 0.000000 0.000000 1.000000 0.000000 172.000000 1.000000 0 0 0.000000
10 823.512207 7455.206054 -531.875000 0.000000 -168.000000 0.000000 0.000000 0.000000 1.000000 0.000000 -168.000000 1.000000 0 0 0.000000
10 768.142944 7453.549804 -531.875000 0.000000 -172.000000 0.000000 0.000000 0.000000 1.000000 0.000000 -172.000000 1.000000 0 0 0.000000
10 316.844787 7508.362304 -587.875000 0.000000 179.000000 0.000000 0.000000 0.000000 1.000000 0.000000 179.000000 1.000000 0 0 0.000000
10 709.869445 7450.851074 -531.875000 0.000000 -174.000000 0.000000 0.000000 0.000000 1.000000 0.000000 -174.000000 1.000000 0 0 0.000000
1 -595.835876 4070.564941 127.125000 0.000000 -99.000000 0.000000 0.000000 0.000000 1.000000 0.000000 -99.000000 1.000000 0 0 0.000000
15 1075.010742 4546.601562 -608.875000 0.000000 100.000000 0.000000 0.000000 0.000000 1.000000 0.000000 100.000000 1.000000 0 0 0.000000
15 926.667175 4593.804199 -608.875000 0.000000 41.000000 0.000000 0.000000 0.000000 1.000000 0.000000 41.000000 1.000000 0 0 0.000000
15 789.178344 4735.570800 -608.875000 0.000000 0.000000 0.000000 0.000000 0.000000 1.000000 0.000000 0.000000 1.000000 0 0 0.000000
12 -1795.994262 3880.194580 -166.875000 0.000000 -174.000000 0.000000 0.000000 0.000000 1.000000 0.000000 -174.000000 1.000000 0 0 0.000000
10 677.230529 4745.629394 -603.875000 0.000000 38.000000 0.000000 0.000000 0.000000 1.000000 0.000000 38.000000 1.000000 0 0 0.000000
11 862.642456 4534.258300 -583.875000 0.000000 72.000000 0.000000 0.000000 0.000000 1.000000 0.000000 72.000000 1.000000 0 0 0.000000
10 670.906860 4587.466308 -539.875000 0.000000 164.000000 0.000000 0.000000 0.000000 1.000000 0.000000 164.000000 1.000000 0 0 0.000000
10 925.046447 4674.182617 -603.875000 0.000000 -151.000000 0.000000 0.000000 0.000000 1.000000 0.000000 -151.000000 1.000000 0 0 0.000000
14 705.319152 4669.750000 -488.875000 0.000000 92.000000 0.000000 0.000000 0.000000 1.000000 0.000000 92.000000 1.000000 0 0 0.000000
15 1722.117187 6063.862304 -856.875000 0.000000 91.000000 0.000000 0.000000 0.000000 1.000000 0.000000 91.000000 1.000000 0 0 0.000000
15 1767.825561 5979.304199 -864.875000 0.000000 40.000000 0.000000 0.000000 0.000000 1.000000 0.000000 40.000000 1.000000 0 0 0.000000
15 1691.703613 6345.503906 -752.875000 0.000000 85.000000 0.000000 0.000000 0.000000 1.000000 0.000000 85.000000 1.000000 0 0 0.000000
15 1676.909667 6257.362304 -724.875061 0.000000 79.000000 0.000000 0.000000 0.000000 1.000000 0.000000 79.000000 1.000000 0 0 0.000000
15 1776.181884 6360.049804 -724.875061 0.000000 80.000000 0.000000 0.000000 0.000000 1.000000 0.000000 80.000000 1.000000 0 0 0.000000
11 1925.269897 5594.945800 -839.875000 0.000000 -29.000000 0.000000 0.000000 0.000000 1.000000 0.000000 -29.000000 1.000000 0 0 0.000000
11 1935.424316 5497.570800 -836.320434 0.000000 -59.000000 0.000000 0.000000 0.124034 0.992277 0.000000 -59.000000 1.000000 0 0 0.000000
14 1824.657592 5505.543945 -680.874511 0.000000 -111.000000 0.000000 0.000000 0.000000 1.000000 0.000000 -111.000000 1.000000 0 0 0.000000
14 1947.081787 4640.765625 -720.875000 0.000000 -14.000000 0.000000 0.000000 0.000000 1.000000 0.000000 -14.000000 1.000000 0 0 0.000000
10 1103.404541 4954.549804 -843.875000 0.000000 177.000000 0.000000 0.000000 0.000000 1.000000 0.000000 177.000000 1.000000 0 0 0.000000
10 1109.498413 5052.753906 -843.875000 0.000000 -179.000000 0.000000 0.000000 0.000000 1.000000 0.000000 -179.000000 1.000000 0 0 0.000000
10 1192.502807 5006.966308 -843.875000 0.000000 178.000000 0.000000 0.000000 0.000000 1.000000 0.000000 178.000000 1.000000 0 0 0.000000
15 538.933227 5005.786621 -848.875000 0.000000 179.000000 0.000000 0.000000 0.000000 1.000000 0.000000 179.000000 1.000000 0 0 0.000000
11 732.103454 4953.284667 -823.875000 0.000000 175.000000 0.000000 0.000000 0.000000 1.000000 0.000000 175.000000 1.000000 0 0 0.000000
11 735.074707 5057.721191 -823.875000 0.000000 161.000000 0.000000 0.000000 0.000000 1.000000 0.000000 161.000000 1.000000 0 0 0.000000
11 605.265014 5050.181640 -823.875000 0.000000 151.000000 0.000000 0.000000 0.000000 1.000000 0.000000 151.000000 1.000000 0 0 0.000000
11 612.377319 4950.044921 -823.875000 0.000000 -158.000000 0.000000 0.000000 0.000000 1.000000 0.000000 -158.000000 1.000000 0 0 0.000000
9 630.687805 4358.173828 -859.875000 0.000000 121.000000 0.000000 0.000000 0.000000 1.000000 0.000000 121.000000 1.000000 0 0 0.000000
10 421.771911 5048.734375 -843.875000 0.000000 0.000000 0.000000 0.000000 0.000000 1.000000 0.000000 0.000000 1.000000 0 0 0.000000
10 416.217926 4974.600585 -843.875000 0.000000 -6.000000 0.000000 0.000000 0.000000 1.000000 0.000000 -6.000000 1.000000 0 0 0.000000
11 367.363281 5008.023437 -823.875000 0.000000 -7.000000 0.000000 0.000000 0.000000 1.000000 0.000000 -7.000000 1.000000 0 0 0.000000
11 158.521606 4222.290039 -823.875000 0.000000 169.000000 0.000000 0.000000 0.000000 1.000000 0.000000 169.000000 1.000000 0 0 0.000000
11 151.055633 4176.383300 -823.875000 0.000000 177.000000 0.000000 0.000000 0.000000 1.000000 0.000000 177.000000 1.000000 0 0 0.000000
11 150.845611 4129.326171 -823.875000 0.000000 -171.000000 0.000000 0.000000 0.000000 1.000000 0.000000 -171.000000 1.000000 0 0 0.000000
11 154.187225 3994.815429 -823.875000 0.000000 -179.000000 0.000000 0.000000 0.000000 1.000000 0.000000 -179.000000 1.000000 0 0 0.000000
14 82.233566 3995.098632 -856.875000 0.000000 -44.000000 0.000000 0.000000 0.000000 1.000000 0.000000 -44.000000 1.000000 0 0 0.000000
11 -80.482643 3990.281738 -823.875000 0.000000 -14.000000 0.000000 0.000000 0.000000 1.000000 0.000000 -14.000000 1.000000 0 0 0.000000
15 35.279701 4111.383300 -848.875000 0.000000 -26.000000 0.000000 0.000000 0.000000 1.000000 0.000000 -26.000000 1.000000 0 0 0.000000
11 104.488342 4157.100585 -823.875000 0.000000 -24.000000 0.000000 0.000000 0.000000 1.000000 0.000000 -24.000000 1.000000 0 0 0.000000
11 122.662094 4588.124511 -823.875000 0.000000 96.000000 0.000000 0.000000 0.000000 1.000000 0.000000 96.000000 1.000000 0 0 0.000000
15 393.034667 4764.251953 -848.875000 0.000000 -80.000000 0.000000 0.000000 0.000000 1.000000 0.000000 -80.000000 1.000000 0 0 0.000000
11 171.638122 4591.085449 -823.875000 0.000000 87.000000 0.000000 0.000000 0.000000 1.000000 0.000000 87.000000 1.000000 0 0 0.000000
11 311.062713 4610.147460 -823.875000 0.000000 87.000000 0.000000 0.000000 0.000000 1.000000 0.000000 87.000000 1.000000 0 0 0.000000
11 363.053222 4636.403808 -823.875000 0.000000 99.000000 0.000000 0.000000 0.000000 1.000000 0.000000 99.000000 1.000000 0 0 0.000000
11 408.419311 4691.961914 -823.875000 0.000000 83.000000 0.000000 0.000000 0.000000 1.000000 0.000000 83.000000 1.000000 0 0 0.000000
11 212.387207 4649.126464 -823.875000 0.000000 -96.000000 0.000000 0.000000 0.000000 1.000000 0.000000 -96.000000 1.000000 0 0 0.000000
10 92.543701 4473.841308 -843.875000 0.000000 118.000000 0.000000 0.000000 0.000000 1.000000 0.000000 118.000000 1.000000 0 0 0.000000
10 1003.981567 4569.762695 -603.875000 0.000000 -132.000000 0.000000 0.000000 0.000000 1.000000 0.000000 -132.000000 1.000000 0 0 0.000000
10 1005.614196 6977.508300 -555.875000 0.000000 -174.000000 0.000000 0.000000 0.000000 1.000000 -2.180533 -174.000000 1.000000 0 0 0.000000
10 980.140441 7028.028808 -555.875000 0.000000 -177.000000 0.000000 0.000000 0.000000 1.000000 -2.724189 -177.000000 1.000000 0 0 0.000000
11 965.921569 7078.580078 -535.875000 0.000000 154.000000 0.000000 0.000000 0.000000 1.000000 0.000000 154.000000 1.000000 0 0 0.000000
15 965.608642 6598.091308 -544.875000 0.000000 -74.000000 0.000000 0.000000 0.000000 1.000000 0.000000 -74.000000 1.000000 0 0 0.000000
15 880.192810 6561.408691 -544.875000 0.000000 -107.000000 0.000000 0.000000 0.000000 1.000000 0.000000 -107.000000 1.000000 0 0 0.000000
10 675.572631 6390.840820 -475.875000 0.000000 -14.000000 0.000000 0.000000 0.000000 1.000000 0.000000 -14.000000 1.000000 0 0 0.000000
11 866.936523 6494.350585 -519.875000 0.000000 149.000000 0.000000 0.000000 0.000000 1.000000 0.000000 149.000000 1.000000 0 0 0.000000
15 593.254272 6415.674804 -480.875000 0.000000 -150.000000 0.000000 0.000000 0.000000 1.000000 0.000000 -150.000000 1.000000 0 0 0.000000
15 645.679443 6516.612304 -480.875000 0.000000 -33.000000 0.000000 0.000000 0.000000 1.000000 0.000000 -33.000000 1.000000 0 0 0.000000
15 496.446746 6409.194824 -480.875000 0.000000 -66.000000 0.000000 0.000000 0.000000 1.000000 0.000000 -66.000000 1.000000 0 0 0.000000
15 312.213928 6437.216308 -480.875000 0.000000 -98.000000 0.000000 0.000000 0.000000 1.000000 0.000000 -98.000000 1.000000 0 0 0.000000
15 405.782501 6425.288085 -480.875000 0.000000 -98.000000 0.000000 0.000000 0.000000 1.000000 0.000000 -98.000000 1.000000 0 0 0.000000
11 240.205780 6448.141601 -455.875000 0.000000 -101.000000 0.000000 0.000000 0.000000 1.000000 0.000000 -101.000000 1.000000 0 0 0.000000
11 379.191009 6929.299316 -455.875000 0.000000 79.000000 0.000000 0.000000 0.000000 1.000000 0.000000 79.000000 1.000000 0 0 0.000000
10 663.779846 6947.152343 -475.875000 0.000000 -4.000000 0.000000 0.000000 0.000000 1.000000 0.000000 -4.000000 1.000000 0 0 0.000000
15 90.088447 6682.903808 -480.875000 0.000000 172.000000 0.000000 0.000000 0.000000 1.000000 0.000000 172.000000 1.000000 0 0 0.000000
15 91.680648 6790.341308 -480.875000 0.000000 132.000000 0.000000 0.000000 0.000000 1.000000 0.000000 132.000000 1.000000 0 0 0.000000
11 26.627059 6841.244140 -455.875000 0.000000 15.000000 0.000000 0.000000 0.000000 1.000000 0.000000 15.000000 1.000000 0 0 0.000000
10 579.915527 6894.841308 -451.875000 0.000000 -31.000000 0.000000 0.000000 0.000000 1.000000 0.000000 -31.000000 1.000000 0 0 0.000000
11 190.419570 6829.591308 -455.875000 0.000000 174.000000 0.000000 0.000000 0.000000 1.000000 0.000000 174.000000 1.000000 0 0 0.000000
11 257.397125 6794.210937 -455.875000 0.000000 165.000000 0.000000 0.000000 0.000000 1.000000 0.000000 165.000000 1.000000 0 0 0.000000
10 -6.412719 6771.508300 -475.875000 0.000000 -1.000000 0.000000 0.000000 0.000000 1.000000 0.000000 -1.000000 1.000000 0 0 0.000000
11 -752.186645 6317.064941 -463.875000 0.000000 -9.000000 0.000000 0.000000 0.000000 1.000000 0.000000 -9.000000 1.000000 0 0 0.000000
11 -758.190429 6364.446289 -455.875000 0.000000 6.000000 0.000000 0.000000 0.000000 1.000000 0.000000 6.000000 1.000000 0 0 0.000000
11 -752.998229 6415.683593 -463.875000 0.000000 6.000000 0.000000 0.000000 0.000000 1.000000 0.000000 6.000000 1.000000 0 0 0.000000
15 -315.941406 6321.445800 -560.875000 0.000000 -111.000000 0.000000 0.000000 0.000000 1.000000 0.000000 -111.000000 1.000000 0 0 0.000000
15 -444.219512 6320.328125 -560.875000 0.000000 -98.000000 0.000000 0.000000 0.000000 1.000000 0.000000 -98.000000 1.000000 0 0 0.000000
11 -376.789886 6398.924316 -535.875000 0.000000 -88.000000 0.000000 0.000000 0.000000 1.000000 0.000000 -88.000000 1.000000 0 0 0.000000
14 -109.183532 4077.743408 -856.875000 0.000000 -100.000000 0.000000 0.000000 0.000000 1.000000 0.000000 -100.000000 1.000000 0 0 0.000000
10 103.776229 4092.109863 -843.875000 0.000000 87.000000 0.000000 0.000000 0.000000 1.000000 0.000000 87.000000 1.000000 0 0 0.000000
15 2075.605224 7197.966308 -608.875000 0.000000 79.000000 0.000000 0.000000 0.000000 1.000000 0.000000 79.000000 1.000000 0 0 0.000000
10 -36.611518 4183.299804 -823.875000 0.000000 -1.000000 0.000000 0.000000 0.000000 1.000000 0.000000 -1.000000 1.000000 0 0 0.000000
15 2135.936035 7108.883300 -608.875000 0.000000 37.000000 0.000000 0.000000 0.000000 1.000000 0.000000 37.000000 1.000000 0 0 0.000000
15 1973.870117 7088.403808 -580.873291 0.000000 50.000000 0.000000 0.000000 0.000000 1.000000 0.000000 50.000000 1.000000 0 0 0.000000
15 2207.306152 7378.600097 -608.875000 0.000000 -168.000000 0.000000 0.000000 0.000000 1.000000 0.000000 -168.000000 1.000000 0 0 0.000000
15 2204.291503 7478.922851 -608.875000 0.000000 179.000000 0.000000 0.000000 0.000000 1.000000 0.000000 179.000000 1.000000 0 0 0.000000
15 2230.110595 7565.633300 -608.875000 0.000000 -57.000000 0.000000 0.000000 0.000000 1.000000 0.000000 -57.000000 1.000000 0 0 0.000000
15 2129.743408 7596.091308 -620.055175 0.000000 56.000000 0.000000 0.000000 0.164398 0.986393 0.000000 56.000000 1.000000 0 0 0.000000
15 2165.379638 7698.070800 -637.051757 0.000000 8.000000 0.000000 0.000000 0.164398 0.986393 0.000000 8.000000 1.000000 0 0 0.000000
15 2148.552246 7801.133300 -654.228881 0.000000 8.000000 0.000000 0.000000 0.164398 0.986393 0.000000 8.000000 1.000000 0 0 0.000000
15 2159.986328 7899.868164 -656.875000 0.000000 8.000000 0.000000 0.000000 0.000000 1.000000 0.000000 8.000000 1.000000 0 0 0.000000
15 2142.428955 8004.133300 -656.875000 0.000000 -2.000000 0.000000 0.000000 0.000000 1.000000 0.000000 -2.000000 1.000000 0 0 0.000000
11 2136.834472 8081.049804 -631.875000 0.000000 -13.000000 0.000000 0.000000 0.000000 1.000000 0.000000 -13.000000 1.000000 0 0 0.000000
15 2072.570556 8129.549804 -656.875000 0.000000 -16.000000 0.000000 0.000000 0.000000 1.000000 0.000000 -16.000000 1.000000 0 0 0.000000
10 2160.351562 8138.966308 -651.875000 0.000000 126.000000 0.000000 0.000000 0.000000 1.000000 -62.362964 126.000000 1.000000 0 0 0.000000
13 2603.633300 7762.924804 -610.875000 0.000000 -1.000000 0.000000 0.000000 0.000000 1.000000 0.000000 -1.000000 1.000000 0 0 0.000000
13 2604.899902 7835.883300 -610.875000 0.000000 -1.000000 0.000000 0.000000 0.000000 1.000000 0.000000 -1.000000 1.000000 0 0 0.000000
13 2606.335449 7913.508300 -610.875000 0.000000 -11.000000 0.000000 0.000000 0.000000 1.000000 0.000000 -11.000000 1.000000 0 0 0.000000
15 2833.227050 7815.767089 -528.875000 0.000000 -15.000000 0.000000 0.000000 0.000000 1.000000 0.000000 -15.000000 1.000000 0 0 0.000000
11 2758.384033 7860.294921 -511.875000 0.000000 0.000000 0.000000 0.000000 0.000000 1.000000 0.000000 0.000000 1.000000 0 0 0.000000
15 2591.684570 7526.407714 -432.875000 0.000000 173.000000 0.000000 0.000000 0.000000 1.000000 0.000000 173.000000 1.000000 0 0 0.000000
15 2591.549316 7430.466308 -432.875000 0.000000 -166.000000 0.000000 0.000000 0.000000 1.000000 0.000000 -166.000000 1.000000 0 0 0.000000
15 2488.391113 7449.320800 -432.875000 0.000000 -36.000000 0.000000 0.000000 0.000000 1.000000 0.000000 -36.000000 1.000000 0 0 0.000000
11 1669.749267 7430.587890 -407.875000 0.000000 -171.000000 0.000000 0.000000 0.000000 1.000000 0.000000 -171.000000 1.000000 0 0 0.000000
11 1676.627807 7479.947265 -407.875000 0.000000 176.000000 0.000000 0.000000 0.000000 1.000000 0.000000 176.000000 1.000000 0 0 0.000000
11 1681.235229 7528.624511 -407.875000 0.000000 175.000000 0.000000 0.000000 0.000000 1.000000 0.000000 175.000000 1.000000 0 0 0.000000
13 1419.802001 7475.231933 -436.875000 0.000000 -71.000000 0.000000 0.000000 0.000000 1.000000 0.000000 -71.000000 1.000000 0 0 0.000000
15 1361.280883 7635.924804 -434.875000 0.000000 89.000000 0.000000 0.000000 0.000000 1.000000 0.000000 89.000000 1.000000 0 0 0.000000
15 1414.370117 7723.091308 -434.875000 0.000000 94.000000 0.000000 0.000000 0.000000 1.000000 0.000000 94.000000 1.000000 0 0 0.000000
11 1439.502197 7395.820800 -407.875000 0.000000 -30.000000 0.000000 0.000000 0.000000 1.000000 0.000000 -30.000000 1.000000 0 0 0.000000
11 1391.717285 7388.258300 -407.875000 0.000000 -57.000000 0.000000 0.000000 0.000000 1.000000 0.000000 -57.000000 1.000000 0 0 0.000000
11 1340.855346 7391.424804 -407.875000 0.000000 -89.000000 0.000000 0.000000 0.000000 1.000000 0.000000 -89.000000 1.000000 0 0 0.000000
11 1345.907592 7444.127929 -409.875000 0.000000 -101.000000 0.000000 0.000000 0.000000 1.000000 0.000000 -101.000000 1.000000 0 0 0.000000
11 1336.518432 7493.063476 -407.875000 0.000000 -127.000000 0.000000 0.000000 0.000000 1.000000 0.000000 -127.000000 1.000000 0 0 0.000000
11 1336.334350 7544.191406 -407.875000 0.000000 -175.000000 0.000000 0.000000 0.000000 1.000000 0.000000 -175.000000 1.000000 0 0 0.000000
10 1346.844360 7773.064453 -429.875000 0.000000 -102.000000 0.000000 0.000000 0.000000 1.000000 0.000000 -102.000000 1.000000 0 0 0.000000
11 1340.288208 7710.320800 -407.875000 0.000000 -99.000000 0.000000 0.000000 0.000000 1.000000 0.000000 -99.000000 1.000000 0 0 0.000000
15 1227.952026 7851.204101 -432.875000 0.000000 -158.000000 0.000000 0.000000 0.000000 1.000000 0.000000 -158.000000 1.000000 0 0 0.000000
15 224.471954 7683.508300 -580.875000 0.000000 176.000000 0.000000 0.000000 0.000000 1.000000 0.000000 176.000000 1.000000 0 0 0.000000
15 229.955154 7769.824707 -580.875000 0.000000 156.000000 0.000000 0.000000 0.000000 1.000000 0.000000 156.000000 1.000000 0 0 0.000000
15 490.660278 7781.716308 -396.875000 0.000000 -165.000000 0.000000 0.000000 0.000000 1.000000 0.000000 -165.000000 1.000000 0 0 0.000000
14 1370.465454 7737.447265 -608.875000 0.000000 -134.000000 0.000000 0.000000 0.000000 1.000000 0.000000 -134.000000 1.000000 0 0 0.000000
11 -676.027832 7223.904296 -555.875000 0.000000 177.000000 0.000000 0.000000 0.000000 1.000000 0.000000 177.000000 1.000000 0 0 0.000000
11 -743.935546 7334.542968 -559.875000 0.000000 175.000000 0.000000 0.000000 0.000000 1.000000 0.000000 175.000000 1.000000 0 0 0.000000
11 -876.672668 7231.041992 -555.875000 0.000000 175.000000 0.000000 0.000000 0.000000 1.000000 0.000000 175.000000 1.000000 0 0 0.000000
11 -973.394531 7360.257812 -555.875000 0.000000 175.000000 0.000000 0.000000 0.000000 1.000000 0.000000 175.000000 1.000000 0 0 0.000000
11 -1061.308349 7224.963867 -555.875000 0.000000 175.000000 0.000000 0.000000 0.000000 1.000000 0.000000 175.000000 1.000000 0 0 0.000000
11 -1164.464355 7347.505371 -555.875000 0.000000 175.000000 0.000000 0.000000 0.000000 1.000000 0.000000 175.000000 1.000000 0 0 0.000000
11 -1231.010009 6596.845703 -559.875000 0.000000 -71.000000 0.000000 0.000000 0.000000 1.000000 0.000000 -71.000000 1.000000 0 0 0.000000
11 -1280.638916 6583.466308 -559.875000 0.000000 -88.000000 0.000000 0.000000 0.000000 1.000000 0.000000 -88.000000 1.000000 0 0 0.000000
11 -1330.582275 6594.129882 -559.875000 0.000000 -115.000000 0.000000 0.000000 0.000000 1.000000 0.000000 -115.000000 1.000000 0 0 0.000000
10 -1610.485107 6381.669921 -579.875000 0.000000 80.000000 0.000000 0.000000 0.000000 1.000000 0.000000 80.000000 1.000000 0 0 0.000000
14 -1396.910644 6158.091308 -592.875000 0.000000 -90.000000 0.000000 0.000000 0.000000 1.000000 0.000000 -90.000000 1.000000 0 0 0.000000
15 -1185.806030 6414.903808 -584.875000 0.000000 -92.000000 0.000000 0.000000 0.000000 1.000000 0.000000 -92.000000 1.000000 0 0 0.000000
11 -1250.546386 6394.023437 -559.875000 0.000000 -53.000000 0.000000 0.000000 0.000000 1.000000 0.000000 -53.000000 1.000000 0 0 0.000000
11 -1297.268920 6397.799804 -559.875000 0.000000 -91.000000 0.000000 0.000000 0.000000 1.000000 0.000000 -91.000000 1.000000 0 0 0.000000
11 -1317.406005 6346.226074 -559.875000 0.000000 35.000000 0.000000 0.000000 0.000000 1.000000 0.000000 35.000000 1.000000 0 0 0.000000
15 -1349.949951 6282.799804 -584.875000 0.000000 -1.000000 0.000000 0.000000 0.000000 1.000000 0.000000 -1.000000 1.000000 0 0 0.000000
15 -1530.979370 6186.482421 -480.875000 0.000000 147.000000 0.000000 0.000000 0.000000 1.000000 0.000000 147.000000 1.000000 0 0 0.000000
15 -1196.980224 6189.742675 -308.875000 0.000000 -97.000000 0.000000 0.000000 0.000000 1.000000 0.000000 -97.000000 1.000000 0 0 0.000000
15 -1271.839355 6277.508300 -308.875000 0.000000 -94.000000 0.000000 0.000000 0.000000 1.000000 0.000000 -94.000000 1.000000 0 0 0.000000
15 -1454.127685 5007.570800 -304.875000 0.000000 2.000000 0.000000 0.000000 0.000000 1.000000 0.000000 2.000000 1.000000 0 0 0.000000
15 -1537.710815 4975.685058 -304.875000 0.000000 -60.000000 0.000000 0.000000 0.000000 1.000000 0.000000 -60.000000 1.000000 0 0 0.000000
15 -1620.127685 4939.341308 -304.875000 0.000000 -91.000000 0.000000 0.000000 0.000000 1.000000 0.000000 -91.000000 1.000000 0 0 0.000000
15 -1621.625000 5031.568847 -304.875000 0.000000 -117.000000 0.000000 0.000000 0.000000 1.000000 0.000000 -117.000000 1.000000 0 0 0.000000
15 -1606.831420 5114.646972 -302.875000 0.000000 -124.000000 0.000000 0.000000 0.000000 1.000000 0.000000 -124.000000 1.000000 0 0 0.000000
15 -1609.168945 5198.660644 -302.875000 0.000000 -143.000000 0.000000 0.000000 0.000000 1.000000 0.000000 -143.000000 1.000000 0 0 0.000000
15 -1593.734252 5286.549804 -304.875000 0.000000 -160.000000 0.000000 0.000000 0.000000 1.000000 0.000000 -160.000000 1.000000 0 0 0.000000
15 -1607.760009 5377.389160 -304.875000 0.000000 -163.000000 0.000000 0.000000 0.000000 1.000000 0.000000 -163.000000 1.000000 0 0 0.000000
15 -1522.884765 5429.363769 -304.875000 0.000000 150.000000 0.000000 0.000000 0.000000 1.000000 0.000000 150.000000 1.000000 0 0 0.000000
10 -1593.236694 5453.860351 -299.875000 0.000000 26.000000 0.000000 0.000000 0.000000 1.000000 0.000000 26.000000 1.000000 0 0 0.000000
11 -1653.013916 5448.288574 -279.875000 0.000000 -168.000000 0.000000 0.000000 0.000000 1.000000 0.000000 -168.000000 1.000000 0 0 0.000000
10 -574.065429 6120.301269 -523.875000 0.000000 -177.000000 0.000000 0.000000 0.000000 1.000000 0.000000 -177.000000 1.000000 0 0 0.000000
10 -573.752929 6183.249511 -523.875000 0.000000 168.000000 0.000000 0.000000 0.000000 1.000000 0.000000 168.000000 1.000000 0 0 0.000000
10 16.009223 6128.843261 -427.875000 0.000000 -20.000000 0.000000 0.000000 0.000000 1.000000 -4.451621 -20.000000 1.000000 0 0 0.000000
10 14.423301 6189.801269 -427.875000 0.000000 -170.000000 0.000000 0.000000 0.000000 1.000000 -3.404000 -170.000000 1.000000 0 0 0.000000
15 129.460342 5935.546386 -432.875000 0.000000 -94.000000 0.000000 0.000000 0.000000 1.000000 0.000000 -94.000000 1.000000 0 0 0.000000
15 43.596435 5913.403808 -432.875000 0.000000 -99.000000 0.000000 0.000000 0.000000 1.000000 0.000000 -99.000000 1.000000 0 0 0.000000
15 -380.694702 6126.985839 -560.875000 0.000000 99.000000 0.000000 0.000000 0.000000 1.000000 0.000000 99.000000 1.000000 0 0 0.000000
10 -772.802856 5351.307128 -403.875000 0.000000 5.000000 0.000000 0.000000 0.000000 1.000000 0.000000 5.000000 1.000000 0 0 0.000000
10 -775.866455 5278.383300 -403.875000 0.000000 -3.000000 0.000000 0.000000 0.000000 1.000000 0.000000 -3.000000 1.000000 0 0 0.000000
10 -779.230712 5227.260253 -411.875000 0.000000 -3.000000 0.000000 0.000000 0.000000 1.000000 0.000000 -3.000000 1.000000 0 0 0.000000
15 2108.772949 6237.091308 -566.107543 0.000000 90.000000 0.000000 0.000000 0.036434 0.999336 0.000000 90.000000 1.000000 0 0 0.000000
10 1310.285888 4872.924804 -603.875000 0.000000 -84.000000 0.000000 0.000000 0.000000 1.000000 0.000000 -84.000000 1.000000 0 0 0.000000
15 2070.555419 6131.271484 -569.028991 0.000000 102.000000 0.000000 -0.117942 -0.025851 0.992683 0.000000 102.000000 1.000000 0 0 0.000000
15 2110.673583 6032.445800 -567.755981 0.000000 40.000000 0.000000 -0.116398 -0.163281 0.979689 0.000000 40.000000 1.000000 0 0 0.000000
15 2076.377197 5932.421386 -588.501525 0.000000 38.000000 0.000000 -0.116398 -0.163281 0.979689 0.000000 38.000000 1.000000 0 0 0.000000
15 1748.112915 6484.591308 -856.627197 0.000000 -19.000000 0.000000 -0.247491 -0.120176 0.961408 0.000000 -19.000000 1.000000 0 0 0.000000
15 1811.033935 5894.403808 -864.875000 0.000000 33.000000 0.000000 0.000000 0.000000 1.000000 0.000000 33.000000 1.000000 0 0 0.000000
15 1854.496826 5794.153808 -864.875000 0.000000 17.000000 0.000000 0.000000 0.000000 1.000000 0.000000 17.000000 1.000000 0 0 0.000000
15 1883.626220 5698.508300 -864.875000 0.000000 1.000000 0.000000 0.000000 0.000000 1.000000 0.000000 1.000000 1.000000 0 0 0.000000
11 1094.591796 6794.804199 -403.875000 0.000000 -8.000000 0.000000 0.000000 0.000000 1.000000 0.000000 -8.000000 1.000000 0 0 0.000000
