15 -384.622222 33.649185 -496.375000 0.000000 -93.000000 0.000000 0.000000 0.000000 1.000000 0.000000 -93.000000 1.000000 0 0 0.000000
15 -2692.711425 1054.881347 -880.875000 0.000000 -175.000000 0.000000 0.000000 0.000000 1.000000 0.000000 -175.000000 1.000000 0 0 0.000000
11 -2700.705078 1116.394409 -855.875000 0.000000 176.000000 0.000000 0.000000 0.000000 1.000000 0.000000 176.000000 1.000000 0 0 0.000000
11 -2700.705078 1116.394409 -745.750000 0.000000 176.000000 0.000000 0.000000 0.000000 1.000000 0.000000 176.000000 1.000000 0 0 0.000000
15 -2703.714843 1056.852050 -770.750000 0.000000 176.000000 0.000000 0.000000 0.000000 1.000000 0.000000 176.000000 1.000000 0 0 0.000000
10 -1035.943359 1505.887695 -939.875000 0.000000 -127.000000 0.000000 0.000000 0.000000 1.000000 0.000000 -127.000000 1.000000 0 0 0.000000
15 -1329.190795 1950.201416 -880.875000 0.000000 0.000000 0.000000 0.000000 0.000000 1.000000 0.000000 0.000000 1.000000 0 0 0.000000
1 -1428.299682 1997.269897 -880.875000 0.000000 41.000000 0.000000 0.000000 0.000000 1.000000 0.000000 41.000000 1.000000 0 0 0.000000
1 -1484.944946 1962.072265 -880.875000 0.000000 28.000000 0.000000 0.000000 0.000000 1.000000 0.000000 28.000000 1.000000 0 0 0.000000
1 -1549.365966 1912.828369 -880.875000 0.000000 -28.000000 0.000000 0.000000 0.000000 1.000000 0.000000 -28.000000 1.000000 0 0 0.000000
11 -1036.997314 1554.832031 -919.875000 0.000000 -159.000000 0.000000 0.000000 0.000000 1.000000 0.000000 -159.000000 1.000000 0 0 0.000000
14 -895.184265 2713.855957 -504.875000 0.000000 -16.000000 0.000000 0.000000 0.000000 1.000000 0.000000 -16.000000 1.000000 1 0 0.000000
11 -789.146362 2842.049560 -471.875000 0.000000 19.000000 0.000000 0.000000 0.000000 1.000000 0.000000 19.000000 1.000000 0 0 0.000000
1 -2676.651367 1529.041748 -720.874877 0.000000 173.000000 0.000000 0.000000 0.000000 1.000000 0.000000 173.000000 1.000000 0 0 0.000000
1 -2480.531005 1536.750488 -720.874877 0.000000 -157.000000 0.000000 0.000000 0.000000 1.000000 0.000000 -157.000000 1.000000 0 0 0.000000
2 667.007690 313.500885 -232.875000 0.000000 177.000000 0.000000 0.000000 0.000000 1.000000 0.000000 177.000000 1.000000 0 0 0.000000
6 807.572509 452.102172 -502.875000 0.000000 115.000000 0.000000 0.000000 0.000000 1.000000 0.000000 115.000000 1.000000 0 0 0.000000
11 -616.387817 -238.060577 -471.875000 0.000000 17.000000 0.000000 0.000000 0.000000 1.000000 0.000000 17.000000 1.000000 0 0 0.000000
11 -591.566467 -175.548614 -471.875000 0.000000 7.000000 0.000000 0.000000 0.000000 1.000000 0.000000 7.000000 1.000000 0 0 0.000000
11 -619.208435 -127.323005 -471.875000 0.000000 0.000000 0.000000 0.000000 0.000000 1.000000 0.000000 0.000000 1.000000 0 0 0.000000
11 -667.505310 -162.058959 -471.875000 0.000000 -26.000000 0.000000 0.000000 0.000000 1.000000 0.000000 -26.000000 1.000000 0 0 0.000000
11 -663.942077 -208.308441 -471.875000 0.000000 -1.000000 0.000000 0.000000 0.000000 1.000000 0.000000 -1.000000 1.000000 0 0 0.000000
11 -666.101013 -262.885681 -471.875000 0.000000 -11.000000 0.000000 0.000000 0.000000 1.000000 0.000000 -11.000000 1.000000 0 0 0.000000
9 -810.890136 -230.006134 -507.875000 0.000000 -95.000000 0.000000 0.000000 0.000000 1.000000 0.000000 -95.000000 1.000000 0 0 0.000000
9 -729.142944 -240.213439 -507.875000 0.000000 -91.000000 0.000000 0.000000 0.000000 1.000000 0.000000 -91.000000 1.000000 0 0 0.000000
9 -744.923889 -137.963592 -507.875000 0.000000 21.000000 0.000000 0.000000 0.000000 1.000000 0.000000 21.000000 1.000000 0 0 0.000000
9 -918.468383 -140.563064 -507.875000 0.000000 123.000000 0.000000 0.000000 0.000000 1.000000 0.000000 123.000000 1.000000 0 0 0.000000
9 -832.317687 -147.897354 -507.875000 0.000000 73.000000 0.000000 0.000000 0.000000 1.000000 0.000000 73.000000 1.000000 0 0 0.000000
4 -2875.638183 774.396179 -791.780517 0.000000 -18.000000 -179.000000 0.000000 0.707106 -0.707106 -0.999995 -18.000000 0.000000 0 0 0.000000
4 -2334.067138 773.269531 -1048.907348 0.000000 8.000000 -91.000000 0.000000 0.707106 -0.707106 0.000000 8.000000 0.000000 0 0 0.000000
9 -893.252990 -244.532196 -507.875000 0.000000 -137.000000 0.000000 0.000000 0.000000 1.000000 0.000000 -137.000000 1.000000 0 0 0.000000
6 -458.995391 -128.791870 -502.875000 0.000000 121.000000 0.000000 0.000000 0.000000 1.000000 0.000000 121.000000 1.000000 0 0 0.000000
4 568.884521 116.062294 -496.875000 0.000000 -74.000000 0.000000 0.000000 0.000000 1.000000 0.000000 -74.000000 1.000000 0 0 0.000000
4 -2090.679199 1695.107788 -460.875000 0.000000 115.000000 0.000000 0.000000 0.000000 1.000000 0.000000 115.000000 1.000000 0 0 0.000000
4 -2143.239501 1931.334350 -496.875000 0.000000 132.000000 0.000000 0.000000 0.000000 1.000000 0.000000 132.000000 1.000000 0 0 0.000000
6 -2999.453125 952.373107 -886.875000 0.000000 -95.000000 0.000000 0.000000 0.000000 1.000000 0.000000 -95.000000 1.000000 0 0 0.000000
5 -879.125000 1827.883544 -599.822509 0.000000 -112.000000 97.000000 -1.000000 0.000000 0.000000 -1.000000 -112.000000 0.000000 0 0 0.000000
4 -789.514221 1628.346923 -496.875000 0.000000 167.000000 0.000000 0.000000 0.000000 1.000000 0.000000 167.000000 1.000000 0 0 0.000000
4 -1079.738159 1930.826049 -496.875000 0.000000 46.000000 0.000000 0.000000 0.000000 1.000000 0.000000 46.000000 1.000000 0 0 0.000000
6 -947.716247 2376.311035 -502.875000 0.000000 -22.000000 0.000000 0.000000 0.000000 1.000000 0.000000 -22.000000 1.000000 0 0 0.000000
10 -308.936981 -191.128280 -491.875000 0.000000 -26.000000 0.000000 0.000000 0.000000 1.000000 0.000000 -26.000000 1.000000 0 0 0.000000
12 -379.956695 -202.346679 -498.875000 0.000000 -85.000000 0.000000 0.000000 0.000000 1.000000 0.000000 -85.000000 1.000000 1 0 0.000000
10 -448.570922 -194.980941 -491.875000 0.000000 -107.000000 0.000000 0.000000 0.000000 1.000000 0.000000 -107.000000 1.000000 0 0 0.000000
14 -385.816986 -100.760665 -504.875000 0.000000 98.000000 0.000000 0.000000 0.000000 1.000000 0.000000 98.000000 1.000000 1 0 0.000000
15 738.721130 337.246917 -496.875000 0.000000 -2.000000 0.000000 0.000000 0.000000 1.000000 0.000000 -2.000000 1.000000 0 0 0.000000
14 816.827087 323.150482 -504.875000 0.000000 -158.000000 0.000000 0.000000 0.000000 1.000000 0.000000 -158.000000 1.000000 1 0 0.000000
3 -1300.810302 -502.608062 -496.875000 0.000000 -61.000000 0.000000 0.000000 0.000000 1.000000 0.000000 -61.000000 1.000000 0 0 0.000000
1 -895.752807 1572.912231 -496.875000 0.000000 -79.000000 0.000000 0.000000 0.000000 1.000000 0.000000 -79.000000 1.000000 0 0 0.000000
1 -1154.314453 1823.299194 -496.875000 0.000000 161.000000 0.000000 0.000000 0.000000 1.000000 0.000000 161.000000 1.000000 0 0 0.000000
1 498.521301 1123.036987 -528.875000 0.000000 176.000000 0.000000 0.000000 0.000000 1.000000 0.000000 176.000000 1.000000 0 0 0.000000
1 -367.123687 333.718414 -496.875000 0.000000 -54.000000 0.000000 0.000000 0.000000 1.000000 0.000000 -54.000000 1.000000 0 0 0.000000
1 606.123352 1122.646850 -528.875000 0.000000 176.000000 0.000000 0.000000 0.000000 1.000000 0.000000 176.000000 1.000000 0 0 0.000000
4 678.401123 1112.328369 -528.875000 0.000000 -179.000000 0.000000 0.000000 0.000000 1.000000 0.000000 -179.000000 1.000000 0 0 0.000000
1 1236.802734 1168.877197 -496.875000 0.000000 -57.000000 0.000000 0.000000 0.000000 1.000000 0.000000 -57.000000 1.000000 0 0 0.000000
2 1418.759399 1010.678955 -328.875000 0.000000 178.000000 0.000000 0.000000 0.000000 1.000000 0.000000 178.000000 1.000000 0 0 0.000000
2 1434.651611 1010.930786 -496.875000 0.000000 179.000000 0.000000 0.000000 0.000000 1.000000 0.000000 179.000000 1.000000 0 0 0.000000
5 -65.535926 -98.515106 -468.338348 0.000000 2.000000 0.000000 0.000000 -0.707106 0.707106 0.000000 2.000000 1.000000 0 0 0.000000
1 1498.731079 1241.296875 -496.875000 0.000000 -154.000000 0.000000 0.000000 0.000000 1.000000 0.000000 -154.000000 1.000000 0 0 0.000000
4 -1379.102783 -560.875000 -187.099609 0.000000 22.000000 -69.000000 0.000000 1.000000 0.000000 0.000000 22.000000 0.000000 0 0 0.000000
5 544.803466 37.374938 -496.875000 0.000000 97.000000 0.000000 0.000000 0.000000 1.000000 0.000000 97.000000 1.000000 0 0 0.000000
5 -249.250671 -288.875000 -450.199981 0.000000 19.000000 -78.000000 0.000000 1.000000 0.000000 0.000000 19.000000 0.000000 0 0 0.000000
5 -245.810409 -287.331604 -413.508361 0.000000 13.000000 -87.000000 0.000000 0.707106 -0.707106 0.000000 13.000000 0.000000 0 0 0.000000
5 -243.824264 -267.771911 -486.051330 0.000000 13.000000 -87.000000 0.000000 0.707106 0.707106 0.000000 13.000000 0.000000 0 0 0.000000
5 -217.312500 -195.083847 -496.875000 0.000000 -16.000000 0.000000 0.000000 0.000000 1.000000 0.000000 -16.000000 1.000000 0 0 0.000000
5 -229.109786 -236.396942 -496.875000 0.000000 -46.000000 0.000000 0.000000 0.000000 1.000000 0.000000 -46.000000 1.000000 0 0 0.000000
5 -226.480331 -142.235946 -496.875000 0.000000 14.000000 0.000000 0.000000 0.000000 1.000000 0.000000 14.000000 1.000000 0 0 0.000000
5 -261.076416 -179.462570 -496.875000 0.000000 -42.000000 0.000000 0.000000 0.000000 1.000000 0.000000 -42.000000 1.000000 0 0 0.000000
5 -274.778442 -131.273925 -496.875000 0.000000 -23.000000 0.000000 0.000000 0.000000 1.000000 0.000000 -23.000000 1.000000 0 0 0.000000
5 -213.621337 -103.728263 -473.551483 0.000000 36.000000 0.000000 0.000000 -0.707106 0.707106 0.000000 36.000000 1.000000 0 0 0.000000
5 -229.311691 -95.125000 -430.415802 0.000000 62.000000 160.000000 0.000000 -1.000000 0.000000 0.000000 62.000000 -0.707106 0 0 0.000000
5 -1853.043945 144.248779 -496.875000 0.000000 155.000000 0.000000 0.000000 0.000000 1.000000 0.000000 155.000000 1.000000 0 0 0.000000
14 -1493.798828 2030.645751 -807.176025 0.000000 20.000000 0.000000 0.000000 -0.707106 0.707106 0.000000 20.000000 1.000000 1 0 0.000000
15 738.155456 425.130676 -496.875000 0.000000 87.000000 0.000000 0.000000 0.000000 1.000000 0.000000 87.000000 1.000000 0 0 0.000000
14 -1965.532836 813.131652 -1144.875000 0.000000 -60.000000 0.000000 0.000000 0.000000 1.000000 0.000000 -60.000000 1.000000 1 0 0.000000
11 -1486.824340 2021.031127 -855.875000 0.000000 59.000000 0.000000 0.000000 0.000000 1.000000 0.000000 59.000000 1.000000 0 0 0.000000
11 -373.041748 916.803161 -471.875000 0.000000 -90.000000 0.000000 0.000000 0.000000 1.000000 0.000000 -90.000000 1.000000 0 0 0.000000
15 -270.697082 548.524536 -463.873870 0.000000 0.000000 0.000000 0.000000 0.000000 1.000000 0.000000 0.000000 1.000000 0 0 0.000000
11 -280.769439 945.305358 -438.875671 0.000000 -88.000000 0.000000 0.000000 0.000000 1.000000 0.000000 -88.000000 1.000000 0 0 0.000000
10 164.212570 2467.771240 -491.875000 0.000000 105.000000 0.000000 0.000000 0.000000 1.000000 0.000000 105.000000 1.000000 0 0 0.000000
15 893.232727 1061.851928 -328.875000 0.000000 -46.000000 0.000000 0.000000 0.000000 1.000000 0.000000 -46.000000 1.000000 0 0 0.000000
4 -2496.068847 59.143367 -496.875000 0.000000 -24.000000 0.000000 0.000000 0.000000 1.000000 0.000000 -24.000000 1.000000 0 0 0.000000
11 -258.608886 287.177764 -471.875000 0.000000 1.000000 0.000000 0.000000 0.000000 1.000000 0.000000 1.000000 1.000000 0 0 0.000000
15 -305.398254 881.130554 -496.875000 0.000000 -90.000000 0.000000 0.000000 0.000000 1.000000 0.000000 -90.000000 1.000000 0 0 0.000000
13 106.748733 2214.266845 -498.875000 0.000000 -74.000000 0.000000 0.000000 0.000000 1.000000 0.000000 -74.000000 1.000000 0 0 0.000000
15 -303.082885 795.104675 -496.875000 0.000000 -177.000000 0.000000 0.000000 0.000000 1.000000 0.000000 -177.000000 1.000000 0 0 0.000000
15 568.731750 1061.730224 -392.875000 0.000000 -21.000000 0.000000 0.000000 0.000000 1.000000 0.000000 -21.000000 1.000000 0 0 0.000000
13 32.483615 2207.550781 -498.875000 0.000000 -100.000000 0.000000 0.000000 0.000000 1.000000 0.000000 -100.000000 1.000000 0 0 0.000000
10 30.516490 2143.941406 -491.875000 0.000000 -128.000000 0.000000 0.000000 0.000000 1.000000 0.000000 -128.000000 1.000000 0 0 0.000000
15 93.279396 2347.111328 -496.875000 0.000000 -13.000000 0.000000 0.000000 0.000000 1.000000 0.000000 -13.000000 1.000000 0 0 0.000000
14 64.994064 1156.818969 -328.875000 0.000000 157.000000 0.000000 0.000000 0.000000 1.000000 0.000000 157.000000 1.000000 1 0 0.000000
15 1141.295898 497.299865 -496.875000 0.000000 -100.000000 0.000000 0.000000 0.000000 1.000000 0.000000 -100.000000 1.000000 0 0 0.000000
15 1170.531982 1061.260986 -328.875000 0.000000 -4.000000 0.000000 0.000000 0.000000 1.000000 0.000000 -4.000000 1.000000 0 0 0.000000
10 471.949310 1258.624023 -363.875000 0.000000 2.000000 0.000000 0.000000 0.000000 1.000000 -30.033714 2.000000 1.000000 0 0 0.000000
10 116.841384 2057.180175 -491.875000 0.000000 69.000000 0.000000 0.000000 0.000000 1.000000 0.000000 69.000000 1.000000 0 0 0.000000
15 1081.330322 1055.464355 -344.875000 0.000000 -4.000000 0.000000 0.000000 0.000000 1.000000 0.000000 -4.000000 1.000000 0 0 0.000000
15 985.624877 1052.865356 -328.875000 0.000000 0.000000 0.000000 0.000000 0.000000 1.000000 0.000000 0.000000 1.000000 0 0 0.000000
15 1253.661743 1064.702270 -288.875000 0.000000 -4.000000 0.000000 0.000000 0.000000 1.000000 0.000000 -4.000000 1.000000 0 0 0.000000
11 72.615905 2008.229492 -471.875000 0.000000 81.000000 0.000000 0.000000 0.000000 1.000000 0.000000 81.000000 1.000000 0 0 0.000000
15 141.390045 1095.360351 -368.875000 0.000000 126.000000 0.000000 0.000000 0.000000 1.000000 0.000000 126.000000 1.000000 0 0 0.000000
10 465.628234 1206.160400 -363.875000 0.000000 1.000000 0.000000 0.000000 0.000000 1.000000 -27.200893 1.000000 1.000000 0 0 0.000000
15 1368.424926 804.725769 -496.875000 0.000000 -168.000000 0.000000 0.000000 0.000000 1.000000 0.000000 -168.000000 1.000000 0 0 0.000000
11 145.719329 1167.654907 -343.875000 0.000000 175.000000 0.000000 0.000000 0.000000 1.000000 0.000000 175.000000 1.000000 0 0 0.000000
15 83.410583 2448.552490 -496.875000 0.000000 -7.000000 0.000000 0.000000 0.000000 1.000000 0.000000 -7.000000 1.000000 0 0 0.000000
11 168.551605 2389.058593 -471.875000 0.000000 -90.000000 0.000000 0.000000 0.000000 1.000000 0.000000 -90.000000 1.000000 0 0 0.000000
11 1185.347167 420.484680 -471.875000 0.000000 78.000000 0.000000 0.000000 0.000000 1.000000 0.000000 78.000000 1.000000 0 0 0.000000
10 1253.790893 451.169586 -491.875000 0.000000 53.000000 0.000000 0.000000 0.000000 1.000000 -13.468585 53.000000 1.000000 0 0 0.000000
10 467.151489 1153.559326 -363.875000 0.000000 1.000000 0.000000 0.000000 0.000000 1.000000 -9.413928 1.000000 1.000000 0 0 0.000000
4 -1274.638305 -260.777526 -496.875000 0.000000 -59.000000 0.000000 0.000000 0.000000 1.000000 0.000000 -59.000000 1.000000 0 0 0.000000
11 610.526855 385.974822 -471.875000 0.000000 -7.000000 0.000000 0.000000 0.000000 1.000000 0.000000 -7.000000 1.000000 0 0 0.000000
15 1427.203735 1221.506835 -496.875000 0.000000 -162.000000 0.000000 0.000000 0.000000 1.000000 0.000000 -162.000000 1.000000 0 0 0.000000
10 668.838684 383.401245 -491.875000 0.000000 -7.000000 0.000000 0.000000 0.000000 1.000000 -7.482599 -7.000000 1.000000 0 0 0.000000
11 -55.014434 -225.874832 -471.875000 0.000000 176.000000 0.000000 0.000000 0.000000 1.000000 0.000000 176.000000 1.000000 0 0 0.000000
11 166.725601 -200.625427 -471.875000 0.000000 -90.000000 0.000000 0.000000 0.000000 1.000000 0.000000 -90.000000 1.000000 0 0 0.000000
11 -21.882736 -274.766418 -471.875000 0.000000 -175.000000 0.000000 0.000000 0.000000 1.000000 0.000000 -175.000000 1.000000 0 0 0.000000
11 279.392883 1321.214843 -343.875000 0.000000 92.000000 0.000000 0.000000 0.000000 1.000000 0.000000 92.000000 1.000000 0 0 0.000000
11 326.363250 1322.844360 -343.875000 0.000000 93.000000 0.000000 0.000000 0.000000 1.000000 0.000000 93.000000 1.000000 0 0 0.000000
11 553.510131 1311.346923 -343.875000 0.000000 39.000000 0.000000 0.000000 0.000000 1.000000 0.000000 39.000000 1.000000 0 0 0.000000
15 1152.482788 699.710571 -496.875000 0.000000 -100.000000 0.000000 0.000000 0.000000 1.000000 0.000000 -100.000000 1.000000 0 0 0.000000
15 12.194293 1679.429321 -496.875000 0.000000 134.000000 0.000000 0.000000 0.000000 1.000000 0.000000 134.000000 1.000000 0 0 0.000000
14 67.952903 1698.656860 -352.875000 0.000000 70.000000 0.000000 0.000000 0.000000 1.000000 0.000000 70.000000 1.000000 1 0 0.000000
13 -376.766815 2389.683837 -498.875000 0.000000 -170.000000 0.000000 0.000000 0.000000 1.000000 0.000000 -170.000000 1.000000 0 0 0.000000
11 449.321350 1310.344360 -343.875000 0.000000 81.000000 0.000000 0.000000 0.000000 1.000000 0.000000 81.000000 1.000000 0 0 0.000000
11 500.579986 1314.205200 -343.875000 0.000000 59.000000 0.000000 0.000000 0.000000 1.000000 0.000000 59.000000 1.000000 0 0 0.000000
10 308.258880 1411.616210 -491.875000 0.000000 -172.000000 0.000000 0.000000 0.000000 1.000000 -1.161632 -172.000000 1.000000 0 0 0.000000
11 700.620605 1327.965332 -343.875000 0.000000 160.000000 0.000000 0.000000 0.000000 1.000000 0.000000 160.000000 1.000000 0 0 0.000000
11 -430.268829 2770.420410 -471.875000 0.000000 1.000000 0.000000 0.000000 0.000000 1.000000 0.000000 1.000000 1.000000 0 0 0.000000
10 -436.017211 2827.884277 -491.875000 0.000000 20.000000 0.000000 0.000000 0.000000 1.000000 0.000000 20.000000 1.000000 0 0 0.000000
11 754.939208 1314.901123 -343.875000 0.000000 166.000000 0.000000 0.000000 0.000000 1.000000 0.000000 166.000000 1.000000 0 0 0.000000
13 -375.711517 2466.787841 -498.875000 0.000000 177.000000 0.000000 0.000000 0.000000 1.000000 0.000000 177.000000 1.000000 0 0 0.000000
11 -445.197784 2362.617187 -471.875000 0.000000 -53.000000 0.000000 0.000000 0.000000 1.000000 0.000000 -53.000000 1.000000 0 0 0.000000
15 814.119140 1417.601196 -496.875000 0.000000 -21.000000 0.000000 0.000000 0.000000 1.000000 0.000000 -21.000000 1.000000 0 0 0.000000
15 821.225585 1511.798217 -496.875000 0.000000 1.000000 0.000000 0.000000 0.000000 1.000000 0.000000 1.000000 1.000000 0 0 0.000000
13 -292.850280 2528.134033 -498.875000 0.000000 -3.000000 0.000000 0.000000 0.000000 1.000000 0.000000 -3.000000 1.000000 0 0 0.000000
11 -511.549499 2375.871093 -471.875000 0.000000 -87.000000 0.000000 0.000000 0.000000 1.000000 0.000000 -87.000000 1.000000 0 0 0.000000
11 -513.408630 2420.517822 -471.875000 0.000000 -87.000000 0.000000 0.000000 0.000000 1.000000 0.000000 -87.000000 1.000000 0 0 0.000000
11 -519.093139 2471.949707 -471.875000 0.000000 -89.000000 0.000000 0.000000 0.000000 1.000000 0.000000 -89.000000 1.000000 0 0 0.000000
14 -631.236022 2431.784423 -352.875000 0.000000 -127.000000 0.000000 0.000000 0.000000 1.000000 0.000000 -127.000000 1.000000 1 0 0.000000
11 79.396255 2530.502441 -471.875000 0.000000 10.000000 0.000000 0.000000 0.000000 1.000000 0.000000 10.000000 1.000000 0 0 0.000000
10 19.735412 2522.218750 -491.875000 0.000000 12.000000 0.000000 0.000000 0.000000 1.000000 0.000000 12.000000 1.000000 0 0 0.000000
15 102.128692 2130.447753 -496.875000 0.000000 -72.000000 0.000000 0.000000 0.000000 1.000000 0.000000 -72.000000 1.000000 0 0 0.000000
15 17.574541 2077.210449 -496.875000 0.000000 -96.000000 0.000000 0.000000 0.000000 1.000000 0.000000 -96.000000 1.000000 0 0 0.000000
15 756.357116 961.810913 -369.531829 0.000000 -8.000000 0.000000 -0.242535 0.000000 0.970142 0.000000 -8.000000 1.000000 0 0 0.000000
11 372.165649 1318.118652 -343.875000 0.000000 94.000000 0.000000 0.000000 0.000000 1.000000 0.000000 94.000000 1.000000 0 0 0.000000
15 757.818664 1046.886230 -369.166381 0.000000 0.000000 0.000000 -0.242535 0.000000 0.970142 0.000000 0.000000 1.000000 0 0 0.000000
15 1220.899902 936.805175 -328.875000 0.000000 -91.000000 0.000000 0.000000 0.000000 1.000000 0.000000 -91.000000 1.000000 0 0 0.000000
11 1153.259033 608.946472 -471.875000 0.000000 71.000000 0.000000 0.000000 0.000000 1.000000 0.000000 71.000000 1.000000 0 0 0.000000
10 1092.032836 611.104675 -491.875000 0.000000 104.000000 0.000000 0.000000 0.000000 1.000000 -5.834223 104.000000 1.000000 0 0 0.000000
14 1242.347045 1413.265380 -440.874389 0.000000 -10.000000 0.000000 0.000000 0.000000 1.000000 0.000000 -10.000000 1.000000 1 0 0.000000
15 655.634216 959.611450 -392.875000 0.000000 -16.000000 0.000000 0.000000 0.000000 1.000000 0.000000 -16.000000 1.000000 0 0 0.000000
15 652.292297 1048.450927 -392.875000 0.000000 0.000000 0.000000 0.000000 0.000000 1.000000 0.000000 0.000000 1.000000 0 0 0.000000
15 1133.705200 931.249450 -328.875000 0.000000 -66.000000 0.000000 0.000000 0.000000 1.000000 0.000000 -66.000000 1.000000 0 0 0.000000
15 959.737731 947.393188 -328.875000 0.000000 -22.000000 0.000000 0.000000 0.000000 1.000000 0.000000 -22.000000 1.000000 0 0 0.000000
15 -65.224922 -154.515991 -496.875000 0.000000 171.000000 0.000000 0.000000 0.000000 1.000000 0.000000 171.000000 1.000000 0 0 0.000000
2 -1640.693847 -221.889694 -432.874664 0.000000 -93.000000 0.000000 0.000000 0.000000 1.000000 0.000000 -93.000000 1.000000 0 0 0.000000
4 -1800.875000 -148.289932 -404.150787 0.000000 -78.000000 -96.000000 1.000000 0.000000 0.000000 1.000000 -78.000000 0.000000 0 0 0.000000
13 327.210968 -169.035324 -498.875000 0.000000 -176.000000 0.000000 0.000000 0.000000 1.000000 0.000000 -176.000000 1.000000 0 0 0.000000
15 503.572448 101.863563 -496.875000 0.000000 104.000000 0.000000 0.000000 0.000000 1.000000 0.000000 104.000000 1.000000 0 0 0.000000
15 -252.118240 674.940002 -463.875366 0.000000 0.000000 0.000000 0.000000 0.000000 1.000000 0.000000 0.000000 1.000000 0 0 0.000000
4 -1609.632812 -528.875000 -259.474121 0.000000 23.000000 -71.000000 0.000000 1.000000 0.000000 0.000000 23.000000 0.000000 0 0 0.000000
15 1049.454345 943.071166 -344.875000 0.000000 -67.000000 0.000000 0.000000 0.000000 1.000000 0.000000 -67.000000 1.000000 0 0 0.000000
11 -426.377685 929.828002 -471.875000 0.000000 -89.000000 0.000000 0.000000 0.000000 1.000000 0.000000 -89.000000 1.000000 0 0 0.000000
11 -470.600311 935.394592 -471.875000 0.000000 -112.000000 0.000000 0.000000 0.000000 1.000000 0.000000 -112.000000 1.000000 0 0 0.000000
4 -1762.294189 -306.729003 -496.875000 0.000000 84.000000 0.000000 0.000000 0.000000 1.000000 0.000000 84.000000 1.000000 0 0 0.000000
11 -518.712219 932.293884 -438.875152 0.000000 -173.000000 0.000000 0.000000 0.000000 1.000000 0.000000 -173.000000 1.000000 0 0 0.000000
14 -391.014404 229.741546 -504.875000 0.000000 -85.000000 0.000000 0.000000 0.000000 1.000000 0.000000 -85.000000 1.000000 1 0 0.000000
11 -251.731292 412.875000 -471.875000 0.000000 -170.000000 0.000000 0.000000 0.000000 1.000000 0.000000 -170.000000 1.000000 0 0 0.000000
11 324.343292 -271.630950 -471.875000 0.000000 -167.000000 0.000000 0.000000 0.000000 1.000000 0.000000 -167.000000 1.000000 0 0 0.000000
10 -313.222595 1373.621093 -491.875000 0.000000 -70.000000 0.000000 0.000000 0.000000 1.000000 -3.590744 -70.000000 1.000000 0 0 0.000000
15 -386.110412 1583.203125 -496.875000 0.000000 -4.000000 0.000000 0.000000 0.000000 1.000000 0.000000 -4.000000 1.000000 0 0 0.000000
10 -368.008728 1368.784790 -491.875000 0.000000 -99.000000 0.000000 0.000000 0.000000 1.000000 -5.169486 -99.000000 1.000000 0 0 0.000000
10 -431.030487 1358.629638 -491.875000 0.000000 -125.000000 0.000000 0.000000 0.000000 1.000000 -4.995642 -125.000000 1.000000 0 0 0.000000
10 -377.634399 1257.485229 -491.875000 0.000000 89.000000 0.000000 0.000000 0.000000 1.000000 -38.013832 89.000000 1.000000 0 0 0.000000
11 325.822082 -110.957901 -471.875000 0.000000 173.000000 0.000000 0.000000 0.000000 1.000000 0.000000 173.000000 1.000000 0 0 0.000000
11 316.649749 -226.864471 -471.875000 0.000000 175.000000 0.000000 0.000000 0.000000 1.000000 0.000000 175.000000 1.000000 0 0 0.000000
10 -1747.045532 468.226104 -875.875000 0.000000 -18.000000 0.000000 0.000000 0.000000 1.000000 0.000000 -18.000000 1.000000 0 0 0.000000
11 -1702.484985 354.046417 -839.875000 0.000000 0.000000 0.000000 0.000000 0.000000 1.000000 0.000000 0.000000 1.000000 0 0 0.000000
10 -1747.895019 549.928527 -875.875000 0.000000 22.000000 0.000000 0.000000 0.000000 1.000000 0.000000 22.000000 1.000000 0 0 0.000000
11 -3436.899658 11.440266 -407.875000 0.000000 179.000000 0.000000 0.000000 0.000000 1.000000 0.000000 179.000000 1.000000 0 0 0.000000
15 633.185546 1291.990844 -368.875000 0.000000 -3.000000 0.000000 0.000000 0.000000 1.000000 0.000000 -3.000000 1.000000 0 0 0.000000
10 -2069.264404 2150.717285 -491.875000 0.000000 -78.000000 0.000000 0.000000 0.000000 1.000000 0.000000 -78.000000 1.000000 0 0 0.000000
15 -2117.430419 815.490722 -1136.875000 0.000000 -146.000000 0.000000 0.000000 0.000000 1.000000 0.000000 -146.000000 1.000000 0 0 0.000000
11 -2234.267089 867.134826 -1111.875000 0.000000 1.000000 0.000000 0.000000 0.000000 1.000000 0.000000 1.000000 1.000000 0 0 0.000000
11 -2257.033935 797.783386 -1111.875000 0.000000 -139.000000 0.000000 0.000000 0.000000 1.000000 0.000000 -139.000000 1.000000 0 0 0.000000
11 -2014.581787 1112.535644 -1111.875000 0.000000 -94.000000 0.000000 0.000000 0.000000 1.000000 0.000000 -94.000000 1.000000 0 0 0.000000
11 -2064.045410 1118.073486 -1111.875000 0.000000 -96.000000 0.000000 0.000000 0.000000 1.000000 0.000000 -96.000000 1.000000 0 0 0.000000
11 -2118.588867 1101.125122 -1111.875000 0.000000 -99.000000 0.000000 0.000000 0.000000 1.000000 0.000000 -99.000000 1.000000 0 0 0.000000
13 -2005.909667 1263.626220 -1138.875000 0.000000 -93.000000 0.000000 0.000000 0.000000 1.000000 0.000000 -93.000000 1.000000 0 0 0.000000
13 -2092.043945 1268.163940 -1138.875000 0.000000 -93.000000 0.000000 0.000000 0.000000 1.000000 0.000000 -93.000000 1.000000 0 0 0.000000
10 -2051.804443 1197.526000 -1131.875000 0.000000 7.000000 0.000000 0.000000 0.000000 1.000000 0.000000 7.000000 1.000000 0 0 0.000000
10 -2088.660156 1032.736816 -1131.875000 0.000000 97.000000 0.000000 0.000000 0.000000 1.000000 0.000000 97.000000 1.000000 0 0 0.000000
10 -2306.906250 835.552307 -1131.875000 0.000000 0.000000 0.000000 0.000000 0.000000 1.000000 0.000000 0.000000 1.000000 0 0 0.000000
10 -2621.107666 830.021911 -1131.875000 0.000000 179.000000 0.000000 0.000000 0.000000 1.000000 0.000000 179.000000 1.000000 0 0 0.000000
15 -2737.967529 847.882690 -880.875000 0.000000 -6.000000 0.000000 0.000000 0.000000 1.000000 0.000000 -6.000000 1.000000 0 0 0.000000
13 -2642.044433 791.783020 -871.606262 0.000000 10.000000 0.000000 0.000000 0.707106 0.707106 0.000000 10.000000 1.000000 0 0 0.000000
10 -2805.148681 802.687866 -875.875000 0.000000 -15.000000 0.000000 0.000000 0.000000 1.000000 0.000000 -15.000000 1.000000 0 0 0.000000
10 -2899.683105 870.619140 -875.875000 0.000000 3.000000 0.000000 0.000000 0.000000 1.000000 0.000000 3.000000 1.000000 0 0 0.000000
14 -3083.556640 806.067138 -888.875000 0.000000 -176.000000 0.000000 0.000000 0.000000 1.000000 0.000000 -176.000000 1.000000 1 0 0.000000
11 -3412.017089 963.489196 -855.875000 0.000000 -90.000000 0.000000 0.000000 0.000000 1.000000 0.000000 -90.000000 1.000000 0 0 0.000000
11 -3359.240966 962.680603 -855.875000 0.000000 -90.000000 0.000000 0.000000 0.000000 1.000000 0.000000 -90.000000 1.000000 0 0 0.000000
10 -3392.879882 118.259338 -619.875000 0.000000 -40.000000 0.000000 0.000000 0.000000 1.000000 0.000000 -40.000000 1.000000 0 0 0.000000
14 -3244.118164 134.974243 -632.875000 0.000000 -89.000000 0.000000 0.000000 0.000000 1.000000 0.000000 -89.000000 1.000000 1 0 0.000000
14 -3257.296386 268.565887 -888.875000 0.000000 88.000000 0.000000 0.000000 0.000000 1.000000 0.000000 88.000000 1.000000 1 0 0.000000
14 -3252.437255 466.688781 -888.875000 0.000000 88.000000 0.000000 0.000000 0.000000 1.000000 0.000000 88.000000 1.000000 1 0 0.000000
14 -3274.263427 691.307617 -888.875000 0.000000 88.000000 0.000000 0.000000 0.000000 1.000000 0.000000 88.000000 1.000000 1 0 0.000000
13 -3274.727783 797.883666 -882.875000 0.000000 88.000000 0.000000 0.000000 0.000000 1.000000 0.000000 88.000000 1.000000 0 0 0.000000
11 -3291.743408 961.775695 -855.875000 0.000000 -90.000000 0.000000 0.000000 0.000000 1.000000 0.000000 -90.000000 1.000000 0 0 0.000000
11 -3242.860595 961.059143 -855.875000 0.000000 -90.000000 0.000000 0.000000 0.000000 1.000000 0.000000 -90.000000 1.000000 0 0 0.000000
15 -2974.593261 570.585998 -880.875000 0.000000 12.000000 0.000000 0.000000 0.000000 1.000000 0.000000 12.000000 1.000000 0 0 0.000000
15 -2974.006591 475.538299 -880.875000 0.000000 -18.000000 0.000000 0.000000 0.000000 1.000000 0.000000 -18.000000 1.000000 0 0 0.000000
11 -2909.338623 437.598083 -855.875000 0.000000 -167.000000 0.000000 0.000000 0.000000 1.000000 0.000000 -167.000000 1.000000 0 0 0.000000
11 -1585.401000 418.686737 -807.875000 0.000000 171.000000 0.000000 0.000000 0.000000 1.000000 0.000000 171.000000 1.000000 0 0 0.000000
11 -1698.074218 433.461883 -807.875183 0.000000 -4.000000 0.000000 0.000000 0.000000 1.000000 0.000000 -4.000000 1.000000 0 0 0.000000
11 -1693.556396 592.039245 -807.875488 0.000000 -5.000000 0.000000 0.000000 0.000000 1.000000 0.000000 -5.000000 1.000000 0 0 0.000000
14 -2167.496093 163.552734 -696.875000 0.000000 -114.000000 0.000000 0.000000 0.000000 1.000000 0.000000 -114.000000 1.000000 1 0 0.000000
14 -1873.454345 163.417572 -696.875000 0.000000 -63.000000 0.000000 0.000000 0.000000 1.000000 0.000000 -63.000000 1.000000 1 0 0.000000
15 -1767.379150 601.954711 -832.875488 0.000000 -11.000000 0.000000 0.000000 0.000000 1.000000 0.000000 -11.000000 1.000000 0 0 0.000000
15 -1763.314331 428.081054 -832.875183 0.000000 -13.000000 0.000000 0.000000 0.000000 1.000000 0.000000 -13.000000 1.000000 0 0 0.000000
15 -1679.891235 515.329650 -880.875000 0.000000 0.000000 0.000000 0.000000 0.000000 1.000000 0.000000 0.000000 1.000000 0 0 0.000000
10 -1529.730224 431.021087 -827.875000 0.000000 -137.000000 0.000000 0.000000 0.000000 1.000000 0.000000 -137.000000 1.000000 0 0 0.000000
11 -1130.291870 567.225524 -855.875000 0.000000 15.000000 0.000000 0.000000 0.000000 1.000000 0.000000 15.000000 1.000000 0 0 0.000000
15 -948.552978 537.558959 -880.875000 0.000000 -175.000000 0.000000 0.000000 0.000000 1.000000 0.000000 -175.000000 1.000000 0 0 0.000000
10 -1348.734008 585.774230 -827.875061 0.000000 125.000000 0.000000 0.000000 0.000000 1.000000 0.000000 125.000000 1.000000 0 0 0.000000
10 -1021.116149 491.634246 -827.875000 0.000000 -43.000000 0.000000 0.000000 0.000000 1.000000 0.000000 -43.000000 1.000000 0 0 0.000000
11 -792.174743 646.073120 -855.875000 0.000000 -178.000000 0.000000 0.000000 0.000000 1.000000 0.000000 -178.000000 1.000000 0 0 0.000000
11 -793.790039 693.567871 -855.875000 0.000000 -178.000000 0.000000 0.000000 0.000000 1.000000 0.000000 -178.000000 1.000000 0 0 0.000000
15 -835.620056 540.452697 -880.875000 0.000000 167.000000 0.000000 0.000000 0.000000 1.000000 0.000000 167.000000 1.000000 0 0 0.000000
15 -435.140411 1257.084716 -944.875000 0.000000 166.000000 0.000000 0.000000 0.000000 1.000000 0.000000 166.000000 1.000000 0 0 0.000000
1 -2539.164794 1040.169433 -168.875000 0.000000 -3.000000 0.000000 0.000000 0.000000 1.000000 0.000000 -3.000000 1.000000 0 0 0.000000
1 -2288.818359 1026.201782 -264.875000 0.000000 -1.000000 0.000000 0.000000 0.000000 1.000000 0.000000 -1.000000 1.000000 0 0 0.000000
1 -2147.043701 1021.523498 -168.875000 0.000000 -1.000000 0.000000 0.000000 0.000000 1.000000 0.000000 -1.000000 1.000000 0 0 0.000000
1 -2128.006347 1166.307128 -168.875000 0.000000 72.000000 0.000000 0.000000 0.000000 1.000000 0.000000 72.000000 1.000000 0 0 0.000000
1 -2106.017822 1264.943359 -104.875000 0.000000 82.000000 0.000000 0.000000 0.000000 1.000000 0.000000 82.000000 1.000000 0 0 0.000000
1 -2112.257568 1394.998535 -104.875000 0.000000 89.000000 0.000000 0.000000 0.000000 1.000000 0.000000 89.000000 1.000000 0 0 0.000000
2 -957.478027 -191.627227 -256.875000 0.000000 0.000000 0.000000 0.000000 0.000000 1.000000 0.000000 0.000000 1.000000 0 0 0.000000
2 -1185.813964 -205.961380 -256.875000 0.000000 -80.000000 0.000000 0.000000 0.000000 1.000000 0.000000 -80.000000 1.000000 0 0 0.000000
2 -1094.731079 -191.433120 -256.875000 0.000000 0.000000 0.000000 0.000000 0.000000 1.000000 0.000000 0.000000 1.000000 0 0 0.000000
7 -2712.875000 467.387207 -429.047393 0.000000 93.000000 90.000000 1.000000 0.000000 0.000000 1.000000 93.000000 0.000000 0 0 0.000000
13 -722.305175 2814.263916 -498.875000 0.000000 155.000000 0.000000 0.000000 0.000000 1.000000 0.000000 155.000000 1.000000 0 0 0.000000
14 -1177.430908 -186.381805 -504.875000 0.000000 -175.000000 0.000000 0.000000 0.000000 1.000000 0.000000 -175.000000 1.000000 1 0 0.000000
14 -1250.703857 -188.590591 -504.875000 0.000000 -175.000000 0.000000 0.000000 0.000000 1.000000 0.000000 -175.000000 1.000000 1 0 0.000000
15 -804.742309 2774.870605 -496.875000 0.000000 -177.000000 0.000000 0.000000 0.000000 1.000000 0.000000 -177.000000 1.000000 0 0 0.000000
2 -1917.130371 23.882019 -496.875000 0.000000 -165.000000 0.000000 0.000000 0.000000 1.000000 0.000000 -165.000000 1.000000 0 0 0.000000
5 -1902.819946 120.903015 -496.875000 0.000000 -176.000000 0.000000 0.000000 0.000000 1.000000 0.000000 -176.000000 1.000000 0 0 0.000000
5 -1874.829345 90.018882 -496.875000 0.000000 -162.000000 0.000000 0.000000 0.000000 1.000000 0.000000 -162.000000 1.000000 0 0 0.000000
5 -1937.456542 92.923637 -496.875000 0.000000 -156.000000 0.000000 0.000000 0.000000 1.000000 0.000000 -156.000000 1.000000 0 0 0.000000
15 -712.015869 2724.380126 -496.875000 0.000000 172.000000 0.000000 0.000000 0.000000 1.000000 0.000000 172.000000 1.000000 0 0 0.000000
5 -1615.125000 -67.973777 -415.568603 0.000000 -176.000000 3.000000 -1.000000 0.000000 0.000000 -1.000000 -176.000000 0.000000 0 0 0.000000
3 -2393.991943 4.808423 -496.875000 0.000000 -175.000000 0.000000 0.000000 0.000000 1.000000 0.000000 -175.000000 1.000000 0 0 0.000000
3 -2397.131591 103.680999 -496.875000 0.000000 160.000000 0.000000 0.000000 0.000000 1.000000 0.000000 160.000000 1.000000 0 0 0.000000
5 -2332.050781 57.905841 -496.875000 0.000000 177.000000 0.000000 0.000000 0.000000 1.000000 0.000000 177.000000 1.000000 0 0 0.000000
14 -1082.712890 -181.970184 -504.875000 0.000000 -171.000000 0.000000 0.000000 0.000000 1.000000 0.000000 -171.000000 1.000000 1 0 0.000000
14 -979.442016 -249.537902 -504.875000 0.000000 -167.000000 0.000000 0.000000 0.000000 1.000000 0.000000 -167.000000 1.000000 1 0 0.000000
14 -995.622558 -177.749679 -504.875000 0.000000 158.000000 0.000000 0.000000 0.000000 1.000000 0.000000 158.000000 1.000000 1 0 0.000000
14 -1631.457763 114.984542 -504.875000 0.000000 55.000000 0.000000 0.000000 0.000000 1.000000 0.000000 55.000000 1.000000 1 0 0.000000
1 -2654.753906 1061.094238 -168.875000 0.000000 -29.000000 0.000000 0.000000 0.000000 1.000000 0.000000 -29.000000 1.000000 0 0 0.000000
1 -2716.988281 1104.119995 -496.875000 0.000000 87.000000 0.000000 0.000000 0.000000 1.000000 0.000000 87.000000 1.000000 0 0 0.000000
1 -2286.341796 946.284729 -496.875000 0.000000 -8.000000 0.000000 0.000000 0.000000 1.000000 0.000000 -8.000000 1.000000 0 0 0.000000
6 -2069.900146 1274.444946 -504.875000 0.000000 -88.000000 0.000000 0.000000 0.000000 1.000000 0.000000 -88.000000 1.000000 0 0 0.000000
5 -2218.748779 1120.875000 -416.277740 0.000000 -170.000000 -91.000000 0.000000 -1.000000 0.000000 0.000000 -170.000000 0.000000 0 0 0.000000
14 -3355.719726 5.351848 -504.875000 0.000000 179.000000 0.000000 0.000000 0.000000 1.000000 0.000000 179.000000 1.000000 1 0 0.000000
15 -2104.872558 2068.148193 -496.875000 0.000000 88.000000 0.000000 0.000000 0.000000 1.000000 0.000000 88.000000 1.000000 0 0 0.000000
15 -3414.326171 87.705169 -496.875000 0.000000 142.000000 0.000000 0.000000 0.000000 1.000000 0.000000 142.000000 1.000000 0 0 0.000000
15 -3325.632324 86.287612 -496.875000 0.000000 69.000000 0.000000 0.000000 0.000000 1.000000 0.000000 69.000000 1.000000 0 0 0.000000
15 -3228.129150 128.079605 -496.875000 0.000000 76.000000 0.000000 0.000000 0.000000 1.000000 0.000000 76.000000 1.000000 0 0 0.000000
11 -3236.613769 63.252616 -471.875000 0.000000 142.000000 0.000000 0.000000 0.000000 1.000000 0.000000 142.000000 1.000000 0 0 0.000000
11 -2040.565307 2078.138183 -471.875000 0.000000 89.000000 0.000000 0.000000 0.000000 1.000000 0.000000 89.000000 1.000000 0 0 0.000000
11 -2003.757812 2127.760009 -471.875000 0.000000 79.000000 0.000000 0.000000 0.000000 1.000000 0.000000 79.000000 1.000000 0 0 0.000000
15 -386.448883 1091.263305 -880.875000 0.000000 -85.000000 0.000000 0.000000 0.000000 1.000000 0.000000 -85.000000 1.000000 0 0 0.000000
15 -682.692749 1268.914306 -944.875000 0.000000 174.000000 0.000000 0.000000 0.000000 1.000000 0.000000 174.000000 1.000000 0 0 0.000000
15 -778.831176 1267.404418 -944.875000 0.000000 175.000000 0.000000 0.000000 0.000000 1.000000 0.000000 175.000000 1.000000 0 0 0.000000
15 -1095.725708 1217.337402 -944.875000 0.000000 151.000000 0.000000 0.000000 0.000000 1.000000 0.000000 151.000000 1.000000 0 0 0.000000
15 -1057.520263 1367.263427 -944.875000 0.000000 102.000000 0.000000 0.000000 0.000000 1.000000 0.000000 102.000000 1.000000 0 0 0.000000
13 -1103.423339 1530.709716 -946.875000 0.000000 -54.000000 0.000000 0.000000 0.000000 1.000000 0.000000 -54.000000 1.000000 0 0 0.000000
15 -547.839050 1246.835327 -944.875000 0.000000 130.000000 0.000000 0.000000 0.000000 1.000000 0.000000 130.000000 1.000000 0 0 0.000000
15 -864.485229 1244.824951 -944.875000 0.000000 128.000000 0.000000 0.000000 0.000000 1.000000 0.000000 128.000000 1.000000 0 0 0.000000
15 -950.606140 1248.740112 -944.875000 0.000000 161.000000 0.000000 0.000000 0.000000 1.000000 0.000000 161.000000 1.000000 0 0 0.000000
10 -1151.614135 1970.346313 -875.875000 0.000000 134.000000 0.000000 0.000000 0.000000 1.000000 0.000000 134.000000 1.000000 0 0 0.000000
15 -1147.433959 2138.084716 -880.875000 0.000000 -41.000000 0.000000 0.000000 0.000000 1.000000 0.000000 -41.000000 1.000000 0 0 0.000000
11 -1126.691894 2205.718750 -855.875000 0.000000 15.000000 0.000000 0.000000 0.000000 1.000000 0.000000 15.000000 1.000000 0 0 0.000000
15 -935.713989 2158.875732 -796.875000 0.000000 -33.000000 0.000000 0.000000 0.000000 1.000000 0.000000 -33.000000 1.000000 0 0 0.000000
11 -1006.268615 2140.566650 -771.875000 0.000000 -51.000000 0.000000 0.000000 0.000000 1.000000 0.000000 -51.000000 1.000000 0 0 0.000000
11 -893.958129 1815.865356 -663.875000 0.000000 -85.000000 0.000000 0.000000 0.000000 1.000000 0.000000 -85.000000 1.000000 0 0 0.000000
11 -953.223510 1827.844360 -663.875000 0.000000 -117.000000 0.000000 0.000000 0.000000 1.000000 0.000000 -117.000000 1.000000 0 0 0.000000
13 -1017.239318 1837.337402 -658.875000 0.000000 -137.000000 0.000000 0.000000 0.000000 1.000000 0.000000 -137.000000 1.000000 0 0 0.000000
11 -1077.031494 1834.244506 -631.875000 0.000000 -88.000000 0.000000 0.000000 0.000000 1.000000 0.000000 -88.000000 1.000000 0 0 0.000000
14 -1130.392211 1551.181884 -696.875000 0.000000 -41.000000 0.000000 0.000000 0.000000 1.000000 0.000000 -41.000000 1.000000 1 0 0.000000
15 -1089.752807 1538.483764 -604.875000 0.000000 172.000000 0.000000 0.000000 0.000000 1.000000 0.000000 172.000000 1.000000 0 0 0.000000
15 251.022735 1504.719238 -496.875000 0.000000 13.000000 0.000000 0.000000 0.000000 1.000000 0.000000 13.000000 1.000000 0 0 0.000000
11 246.928009 1439.947265 -471.875000 0.000000 -20.000000 0.000000 0.000000 0.000000 1.000000 0.000000 -20.000000 1.000000 0 0 0.000000
11 199.773056 1420.130126 -471.875000 0.000000 -46.000000 0.000000 0.000000 0.000000 1.000000 0.000000 -46.000000 1.000000 0 0 0.000000
10 62.041652 1455.248535 -491.875000 0.000000 -111.000000 0.000000 0.000000 0.000000 1.000000 -27.639266 -111.000000 1.000000 0 0 0.000000
