15 646.925476 -3328.708984 -168.375000 0.000000 -92.000000 0.000000 0.000000 0.000000 1.000000 0.000000 -92.000000 1.000000 0 0 0.000000
10 -308.299194 -1738.956909 -211.875000 0.000000 -172.000000 0.000000 0.000000 0.000000 1.000000 0.000000 -172.000000 1.000000 2 0 0.000000
11 45.867088 -3682.023925 -143.875000 0.000000 -178.000000 0.000000 0.000000 0.000000 1.000000 0.000000 -178.000000 1.000000 0 0 0.000000
11 53.432693 -3739.017578 -143.875000 0.000000 -175.000000 0.000000 0.000000 0.000000 1.000000 0.000000 -175.000000 1.000000 0 0 0.000000
13 1179.486816 217.047790 -118.875000 0.000000 0.000000 0.000000 0.000000 0.000000 1.000000 0.000000 0.000000 1.000000 0 0 0.000000
13 -913.097534 -3041.527832 -242.875000 0.000000 71.000000 0.000000 0.000000 0.000000 1.000000 0.000000 71.000000 1.000000 0 0 0.000000
13 -985.028320 -3032.644531 -242.875000 0.000000 90.000000 0.000000 0.000000 0.000000 1.000000 0.000000 90.000000 1.000000 0 0 0.000000
11 1113.989013 116.053153 -87.875000 0.000000 80.000000 0.000000 0.000000 0.000000 1.000000 0.000000 80.000000 1.000000 0 0 0.000000
16 1716.849365 -3643.411376 129.125000 0.000000 -153.000000 0.000000 0.000000 0.000000 1.000000 0.000000 -153.000000 1.000000 0 0 0.000000
14 989.020751 -1157.160034 -120.875000 0.000000 94.000000 0.000000 0.000000 0.000000 1.000000 0.000000 94.000000 1.000000 2 0 0.000000
1 352.686981 -1064.805908 -140.333129 0.000000 1.000000 0.000000 0.192011 0.000000 0.981392 0.000000 1.000000 1.000000 0 0 0.000000
14 972.056945 -1495.871582 -96.875000 0.000000 -76.000000 0.000000 0.000000 0.000000 1.000000 0.000000 -76.000000 1.000000 0 0 0.000000
16 1716.525024 -3586.464111 159.125000 0.000000 176.000000 0.000000 0.000000 0.000000 1.000000 0.000000 176.000000 1.000000 0 0 0.000000
15 1660.102294 -3256.767333 159.125228 0.000000 172.000000 0.000000 0.000000 0.000000 1.000000 0.000000 172.000000 1.000000 0 0 0.000000
9 415.586791 -790.255493 -471.875000 0.000000 -49.000000 0.000000 0.000000 0.000000 1.000000 0.000000 -49.000000 1.000000 5 0 0.000000
15 895.585205 140.624664 -112.875000 0.000000 88.000000 0.000000 0.000000 0.000000 1.000000 0.000000 88.000000 1.000000 0 0 0.000000
11 348.266876 -746.470275 -435.875000 0.000000 23.000000 0.000000 0.000000 0.000000 1.000000 0.000000 23.000000 1.000000 2 0 0.000000
1 1768.175292 -3662.360839 79.125000 0.000000 149.000000 0.000000 0.000000 0.000000 1.000000 0.000000 149.000000 1.000000 0 0 0.000000
11 858.840942 278.702819 -87.875000 0.000000 178.000000 0.000000 0.000000 0.000000 1.000000 0.000000 178.000000 1.000000 0 0 0.000000
10 326.395080 -941.262695 -397.561065 0.000000 -147.000000 0.000000 0.000000 0.707113 0.707100 -335.940826 -147.000000 1.000000 2 0 0.000000
5 543.448974 44.372116 -112.875000 0.000000 -24.000000 0.000000 0.000000 0.000000 1.000000 0.000000 -24.000000 1.000000 0 0 0.000000
1 320.061096 -719.662109 -499.125000 0.000000 24.000000 179.000000 0.000000 0.000000 -1.000000 0.707106 24.000000 0.000000 0 0 0.000000
11 38.959152 17.420207 -87.875000 0.000000 -171.000000 0.000000 0.000000 0.000000 1.000000 0.000000 -171.000000 1.000000 0 0 0.000000
9 767.375244 224.257965 -123.875000 0.000000 88.000000 0.000000 0.000000 0.000000 1.000000 0.000000 88.000000 1.000000 5 0 0.000000
5 616.665954 14.611145 -112.875000 0.000000 -134.000000 0.000000 0.000000 0.000000 1.000000 0.000000 -134.000000 1.000000 0 0 0.000000
11 1060.754150 79.975051 -87.875000 0.000000 127.000000 0.000000 0.000000 0.000000 1.000000 0.000000 127.000000 1.000000 0 0 0.000000
16 363.677673 -936.069152 -460.875000 0.000000 -128.000000 0.000000 0.000000 0.000000 1.000000 0.000000 -128.000000 1.000000 0 0 0.000000
16 1196.321044 287.377807 -112.875000 0.000000 0.000000 0.000000 0.000000 0.000000 1.000000 0.000000 0.000000 1.000000 0 0 0.000000
11 1182.722290 120.027267 -87.875000 0.000000 -89.000000 0.000000 0.000000 0.000000 1.000000 0.000000 -89.000000 1.000000 0 0 0.000000
9 218.566162 -810.326171 -471.875000 0.000000 -107.000000 0.000000 0.000000 0.000000 1.000000 0.000000 -107.000000 1.000000 4 0 0.000000
11 862.395568 210.919799 -91.875000 0.000000 -172.000000 0.000000 0.000000 0.000000 1.000000 0.000000 -172.000000 1.000000 0 0 0.000000
11 265.673980 -885.646606 -435.875000 0.000000 -47.000000 0.000000 0.000000 0.000000 1.000000 0.000000 -47.000000 1.000000 0 0 0.000000
16 293.099365 -767.537719 -460.875000 0.000000 22.000000 0.000000 0.000000 0.000000 1.000000 0.000000 22.000000 1.000000 0 0 0.000000
9 388.330383 -764.572204 -99.875000 0.000000 -6.000000 0.000000 0.000000 0.000000 1.000000 0.000000 -6.000000 1.000000 8 0 0.000000
15 1725.661254 -3728.695068 -96.875000 0.000000 172.000000 0.000000 0.000000 0.000000 1.000000 0.000000 172.000000 1.000000 0 0 0.000000
9 236.422668 -777.101623 -763.875000 0.000000 -146.000000 0.000000 0.000000 0.000000 1.000000 0.000000 -146.000000 1.000000 4 0 0.000000
9 222.993789 -802.024536 -363.875000 0.000000 -137.000000 0.000000 0.000000 0.000000 1.000000 0.000000 -137.000000 1.000000 8 0 0.000000
11 378.661163 -893.750122 -63.875000 0.000000 28.000000 0.000000 0.000000 0.000000 1.000000 0.000000 28.000000 1.000000 0 0 0.000000
14 330.064483 -940.094238 -136.875000 0.000000 -15.000000 0.000000 0.000000 0.000000 1.000000 0.000000 -15.000000 1.000000 0 0 0.000000
11 274.991271 -837.333740 -63.875000 0.000000 -52.000000 0.000000 0.000000 0.000000 1.000000 0.000000 -52.000000 1.000000 0 0 0.000000
16 360.822387 -3367.277343 -168.875000 0.000000 -5.000000 0.000000 0.000000 0.000000 1.000000 0.000000 -5.000000 1.000000 0 0 0.000000
16 348.397796 -3404.920410 -168.875000 0.000000 -22.000000 0.000000 0.000000 0.000000 1.000000 0.000000 -22.000000 1.000000 0 0 0.000000
5 754.821655 -3273.091552 -57.125000 0.000000 98.000000 180.000000 0.000000 0.000000 -1.000000 -0.999995 98.000000 0.000000 2 0 0.000000
5 793.122680 -3267.357666 -57.125000 0.000000 77.000000 180.000000 0.000000 0.000000 -1.000000 -0.999995 77.000000 0.000000 2 0 0.000000
14 536.420532 -946.973510 -120.875000 0.000000 62.000000 0.000000 0.000000 0.000000 1.000000 0.000000 62.000000 1.000000 0 0 0.000000
5 831.662109 -3270.069091 -57.125000 0.000000 74.000000 180.000000 0.000000 0.000000 -1.000000 -0.999995 74.000000 0.000000 2 0 0.000000
11 640.563659 -3566.214599 -143.875000 0.000000 -91.000000 0.000000 0.000000 0.000000 1.000000 0.000000 -91.000000 1.000000 2 0 0.000000
5 -219.773925 -3820.476562 -186.951232 0.000000 -93.000000 0.000000 0.000000 -0.600000 0.800000 0.000000 -93.000000 1.000000 2 0 0.000000
1 -139.870223 -3677.183837 -168.875000 0.000000 82.000000 0.000000 0.000000 0.000000 1.000000 0.000000 82.000000 1.000000 0 0 0.000000
1 -607.113647 -4054.593261 -226.875000 0.000000 140.000000 0.000000 0.000000 0.000000 1.000000 0.000000 140.000000 1.000000 0 0 0.000000
9 -523.112487 -4297.963867 -123.875000 0.000000 -89.000000 0.000000 0.000000 0.000000 1.000000 0.000000 -89.000000 1.000000 1 0 0.000000
13 -595.850158 -3691.739990 -158.875000 0.000000 90.000000 0.000000 0.000000 0.000000 1.000000 0.000000 90.000000 1.000000 0 0 0.000000
16 -251.235580 -2385.321289 -368.875000 0.000000 92.000000 0.000000 0.000000 0.000000 1.000000 0.000000 92.000000 1.000000 0 0 0.000000
16 -247.994018 -2239.832031 -368.875000 0.000000 93.000000 0.000000 0.000000 0.000000 1.000000 0.000000 93.000000 1.000000 0 0 0.000000
16 -247.843353 -2288.372558 -368.875000 0.000000 95.000000 0.000000 0.000000 0.000000 1.000000 0.000000 95.000000 1.000000 0 0 0.000000
16 -335.810211 -2289.003906 -368.875000 0.000000 29.000000 0.000000 0.000000 0.000000 1.000000 0.000000 29.000000 1.000000 0 0 0.000000
16 -287.477783 -2261.168457 -368.875000 0.000000 29.000000 0.000000 0.000000 0.000000 1.000000 0.000000 29.000000 1.000000 0 0 0.000000
16 -208.666763 -2256.296875 -368.875000 0.000000 76.000000 0.000000 0.000000 0.000000 1.000000 0.000000 76.000000 1.000000 0 0 0.000000
16 -167.577224 -2279.970947 -368.875000 0.000000 145.000000 0.000000 0.000000 0.000000 1.000000 0.000000 145.000000 1.000000 0 0 0.000000
16 -248.674560 -2339.361816 -368.875000 0.000000 95.000000 0.000000 0.000000 0.000000 1.000000 0.000000 95.000000 1.000000 0 0 0.000000
16 1718.755981 -3699.167968 159.125000 0.000000 178.000000 0.000000 0.000000 0.000000 1.000000 0.000000 178.000000 1.000000 0 0 0.000000
14 1660.385986 -3641.589599 151.125045 0.000000 -176.000000 0.000000 0.000000 0.000000 1.000000 0.000000 -176.000000 1.000000 0 0 0.000000
11 -883.613159 -3302.352294 -215.875000 0.000000 10.000000 0.000000 0.000000 0.000000 1.000000 0.000000 10.000000 1.000000 0 0 0.000000
15 -897.120544 -3223.039794 -240.875000 0.000000 -8.000000 0.000000 0.000000 0.000000 1.000000 0.000000 -8.000000 1.000000 0 0 0.000000
13 -867.698303 -3382.182373 -242.875000 0.000000 0.000000 0.000000 0.000000 0.000000 1.000000 0.000000 0.000000 1.000000 0 0 0.000000
13 -867.762207 -3472.394531 -242.875000 0.000000 0.000000 0.000000 0.000000 0.000000 1.000000 0.000000 0.000000 1.000000 0 0 0.000000
13 -869.536499 -3549.519775 -242.875000 0.000000 -1.000000 0.000000 0.000000 0.000000 1.000000 0.000000 -1.000000 1.000000 0 0 0.000000
3 -741.947998 -3814.897705 -240.875000 0.000000 -161.000000 0.000000 0.000000 0.000000 1.000000 0.000000 -161.000000 1.000000 0 0 0.000000
13 -820.886840 -3777.333251 -242.875000 0.000000 179.000000 0.000000 0.000000 0.000000 1.000000 0.000000 179.000000 1.000000 0 0 0.000000
13 -872.802856 -3698.350097 -242.875000 0.000000 -179.000000 0.000000 0.000000 0.000000 1.000000 0.000000 -179.000000 1.000000 0 0 0.000000
13 -892.565429 -3624.624267 -242.875000 0.000000 174.000000 0.000000 0.000000 0.000000 1.000000 0.000000 174.000000 1.000000 0 0 0.000000
13 2108.434570 -3477.585205 -240.782791 0.000000 89.000000 0.000000 0.000000 -0.600000 0.800000 0.000000 89.000000 1.000000 0 0 0.000000
14 2129.546142 -3276.452636 -248.875000 0.000000 -13.000000 0.000000 0.000000 0.000000 1.000000 0.000000 -13.000000 1.000000 0 0 0.000000
1 2106.393554 -3579.187255 -329.984222 0.000000 86.000000 0.000000 0.000000 -0.600000 0.800000 0.000000 86.000000 1.000000 0 0 0.000000
6 -819.906677 -3294.502929 -374.875000 0.000000 88.000000 0.000000 0.000000 0.000000 1.000000 0.000000 88.000000 1.000000 0 0 0.000000
1 2097.830078 -3742.145507 -368.875000 0.000000 -26.000000 0.000000 0.000000 0.000000 1.000000 0.000000 -26.000000 1.000000 0 0 0.000000
14 2106.857666 -3413.314453 -328.875000 0.000000 3.000000 0.000000 0.000000 0.000000 1.000000 0.000000 3.000000 1.000000 0 0 0.000000
14 1703.281372 -3735.962402 -252.875000 0.000000 -83.000000 0.000000 0.000000 0.000000 1.000000 0.000000 -83.000000 1.000000 0 0 0.000000
1 -502.346191 -4041.917480 -226.875000 0.000000 140.000000 0.000000 0.000000 0.000000 1.000000 0.000000 140.000000 1.000000 0 0 0.000000
13 2217.787841 -3176.720214 77.125000 0.000000 0.000000 0.000000 0.000000 0.000000 1.000000 0.000000 0.000000 1.000000 0 0 0.000000
3 1787.122802 -3611.614990 -368.875000 0.000000 -10.000000 0.000000 0.000000 0.000000 1.000000 0.000000 -10.000000 1.000000 0 0 0.000000
13 1990.468627 -3468.695556 77.125000 0.000000 -176.000000 0.000000 0.000000 0.000000 1.000000 0.000000 -176.000000 1.000000 0 0 0.000000
15 1974.101196 -3365.197265 79.125000 0.000000 -89.000000 0.000000 0.000000 0.000000 1.000000 0.000000 -89.000000 1.000000 0 0 0.000000
13 2068.619628 -3267.293945 77.125000 0.000000 -88.000000 0.000000 0.000000 0.000000 1.000000 0.000000 -88.000000 1.000000 0 0 0.000000
15 1984.230590 -3265.474609 83.125000 0.000000 -86.000000 0.000000 0.000000 0.000000 1.000000 0.000000 -86.000000 1.000000 0 0 0.000000
14 1375.773193 -3727.717285 -376.875000 0.000000 -175.000000 0.000000 0.000000 0.000000 1.000000 0.000000 -175.000000 1.000000 0 0 0.000000
13 2143.488769 -3260.736328 77.125000 0.000000 -85.000000 0.000000 0.000000 0.000000 1.000000 0.000000 -85.000000 1.000000 0 0 0.000000
11 1331.938354 -3620.390869 -343.875000 0.000000 -73.000000 0.000000 0.000000 0.000000 1.000000 0.000000 -73.000000 1.000000 0 0 0.000000
6 1965.390014 -3439.404052 -150.875000 0.000000 -89.000000 0.000000 0.000000 0.000000 1.000000 0.000000 -89.000000 1.000000 0 0 0.000000
13 2094.268554 -3608.772216 77.125000 0.000000 92.000000 0.000000 0.000000 0.000000 1.000000 0.000000 92.000000 1.000000 0 0 0.000000
15 1991.129638 -3572.242919 79.125000 0.000000 -178.000000 0.000000 0.000000 0.000000 1.000000 0.000000 -178.000000 1.000000 0 0 0.000000
13 2180.154785 -3601.858398 77.125000 0.000000 89.000000 0.000000 0.000000 0.000000 1.000000 0.000000 89.000000 1.000000 0 0 0.000000
13 2203.675048 -3675.460449 77.125000 0.000000 14.000000 0.000000 0.000000 0.000000 1.000000 0.000000 14.000000 1.000000 0 0 0.000000
13 2203.239990 -3743.369384 93.125000 0.000000 1.000000 0.000000 0.000000 0.000000 1.000000 0.000000 1.000000 1.000000 0 0 0.000000
15 1210.957153 -3621.399658 -368.875000 0.000000 -124.000000 0.000000 0.000000 0.000000 1.000000 0.000000 -124.000000 1.000000 0 0 0.000000
9 1894.177001 -3300.199951 68.125000 0.000000 -75.000000 0.000000 0.000000 0.000000 1.000000 0.000000 -75.000000 1.000000 0 0 0.000000
11 1532.191284 -3668.280761 -343.875000 0.000000 -100.000000 0.000000 0.000000 0.000000 1.000000 0.000000 -100.000000 1.000000 0 0 0.000000
16 6.828372 -39.468341 -112.875000 0.000000 -97.000000 0.000000 0.000000 0.000000 1.000000 0.000000 -97.000000 1.000000 0 0 0.000000
4 190.904998 -1292.455322 -189.367874 0.000000 -47.000000 0.000000 0.000000 0.707106 0.707106 0.000000 -47.000000 1.000000 2 0 0.000000
15 790.147155 -1349.804565 -368.875000 0.000000 -92.000000 0.000000 0.000000 0.000000 1.000000 0.000000 -92.000000 1.000000 0 0 0.000000
11 905.676147 -1418.380737 -343.875000 0.000000 37.000000 0.000000 0.000000 0.000000 1.000000 0.000000 37.000000 1.000000 0 0 0.000000
10 668.917724 200.709320 -107.875000 0.000000 -127.000000 0.000000 0.000000 0.000000 1.000000 0.000000 -127.000000 1.000000 0 0 0.000000
6 262.066772 -911.333068 -758.875000 0.000000 -51.000000 0.000000 0.000000 0.000000 1.000000 0.000000 -51.000000 1.000000 0 0 0.000000
10 775.078613 -1439.954345 -363.875000 0.000000 174.000000 0.000000 0.000000 0.000000 1.000000 0.000000 174.000000 1.000000 0 0 0.000000
11 701.238220 262.423339 -91.875000 0.000000 141.000000 0.000000 0.000000 0.000000 1.000000 0.000000 141.000000 1.000000 0 0 0.000000
14 976.998718 -1489.897583 -312.875000 0.000000 -2.000000 0.000000 0.000000 0.000000 1.000000 0.000000 -2.000000 1.000000 0 0 0.000000
13 188.093841 -1340.474243 -122.875000 0.000000 -90.000000 0.000000 0.000000 0.000000 1.000000 0.000000 -90.000000 1.000000 0 0 0.000000
11 1695.646240 -2922.253906 -295.875000 0.000000 -97.000000 0.000000 0.000000 0.000000 1.000000 0.000000 -97.000000 1.000000 0 0 0.000000
11 845.727539 -1418.673217 -343.875000 0.000000 36.000000 0.000000 0.000000 0.000000 1.000000 0.000000 36.000000 1.000000 0 0 0.000000
11 -923.893127 -2802.834472 -201.875000 0.000000 92.000000 0.000000 0.000000 0.000000 1.000000 0.000000 92.000000 1.000000 2 0 0.000000
15 1773.991577 -2909.698242 -368.875000 0.000000 -91.000000 0.000000 0.000000 0.000000 1.000000 0.000000 -91.000000 1.000000 0 0 0.000000
13 1865.121215 -2925.531250 -370.875000 0.000000 -72.000000 0.000000 0.000000 0.000000 1.000000 0.000000 -72.000000 1.000000 0 0 0.000000
14 2170.388671 -283.216888 -141.238586 0.000000 -9.000000 0.000000 0.241921 0.000000 0.970295 0.000000 -9.000000 1.000000 0 0 0.000000
14 1795.071289 -3004.700927 -376.875000 0.000000 176.000000 0.000000 0.000000 0.000000 1.000000 0.000000 176.000000 1.000000 0 0 0.000000
11 1490.330444 -2841.026855 -343.875000 0.000000 -165.000000 0.000000 0.000000 0.000000 1.000000 0.000000 -165.000000 1.000000 0 0 0.000000
14 -1109.380249 -2776.292236 -124.875000 0.000000 -179.000000 0.000000 0.000000 0.000000 1.000000 0.000000 -179.000000 1.000000 0 0 0.000000
10 1473.415039 -2848.337890 -203.875000 0.000000 -1.000000 0.000000 0.000000 0.000000 1.000000 0.000000 -1.000000 1.000000 0 0 0.000000
11 1500.340942 -2785.000244 -343.875000 0.000000 -178.000000 0.000000 0.000000 0.000000 1.000000 0.000000 -178.000000 1.000000 0 0 0.000000
10 1474.154418 -2784.729492 -203.875000 0.000000 5.000000 0.000000 0.000000 0.000000 1.000000 0.000000 5.000000 1.000000 0 0 0.000000
14 -249.825607 -1667.067138 -224.875000 0.000000 -97.000000 0.000000 0.000000 0.000000 1.000000 0.000000 -97.000000 1.000000 1 0 0.000000
15 1284.675781 -2777.951904 -320.875000 0.000000 112.000000 0.000000 0.000000 0.000000 1.000000 0.000000 112.000000 1.000000 0 0 0.000000
11 1259.599853 -2900.648681 -151.875000 0.000000 -38.000000 0.000000 0.000000 0.000000 1.000000 0.000000 -38.000000 1.000000 0 0 0.000000
11 1249.648315 -2852.155029 -151.875000 0.000000 -18.000000 0.000000 0.000000 0.000000 1.000000 0.000000 -18.000000 1.000000 0 0 0.000000
15 1303.248046 -2872.986328 -368.875000 0.000000 175.000000 0.000000 0.000000 0.000000 1.000000 0.000000 175.000000 1.000000 0 0 0.000000
11 1595.589233 -2812.503906 -343.875000 0.000000 177.000000 0.000000 0.000000 0.000000 1.000000 0.000000 177.000000 1.000000 0 0 0.000000
15 1303.385742 -2966.024902 -176.875000 0.000000 -12.000000 0.000000 0.000000 0.000000 1.000000 0.000000 -12.000000 1.000000 0 0 0.000000
6 427.598083 -3464.514404 -174.875000 0.000000 -31.000000 0.000000 0.000000 0.000000 1.000000 0.000000 -31.000000 1.000000 0 0 0.000000
15 1299.750854 -2962.052246 -368.875000 0.000000 -179.000000 0.000000 0.000000 0.000000 1.000000 0.000000 -179.000000 1.000000 0 0 0.000000
11 1223.644409 -2798.504150 -151.875000 0.000000 4.000000 0.000000 0.000000 0.000000 1.000000 0.000000 4.000000 1.000000 0 0 0.000000
14 578.063659 -904.185241 -283.759582 0.000000 64.000000 0.000000 -0.707106 0.000000 0.707106 0.000000 64.000000 1.000000 0 0 0.000000
11 1199.234008 -2748.603271 -151.875000 0.000000 30.000000 0.000000 0.000000 0.000000 1.000000 0.000000 30.000000 1.000000 0 0 0.000000
10 1312.690673 -2764.452392 -363.875000 0.000000 155.000000 0.000000 0.000000 0.000000 1.000000 0.000000 155.000000 1.000000 0 0 0.000000
14 1200.855346 -2832.920898 -376.875000 0.000000 89.000000 0.000000 0.000000 0.000000 1.000000 0.000000 89.000000 1.000000 0 0 0.000000
2 496.927307 -995.396484 -368.875000 0.000000 79.000000 0.000000 0.000000 0.000000 1.000000 0.000000 79.000000 1.000000 2 0 0.000000
2 857.348144 -1472.334350 -104.874931 0.000000 1.000000 0.000000 0.000000 0.000000 1.000000 0.000000 1.000000 1.000000 2 0 0.000000
11 921.233337 -3414.206542 -143.875000 0.000000 0.000000 0.000000 0.000000 0.000000 1.000000 0.000000 0.000000 1.000000 2 0 0.000000
3 868.604553 -929.819152 -112.875000 0.000000 132.000000 0.000000 0.000000 0.000000 1.000000 0.000000 132.000000 1.000000 0 0 0.000000
11 651.642456 -860.284729 -87.875000 0.000000 179.000000 0.000000 0.000000 0.000000 1.000000 0.000000 179.000000 1.000000 0 0 0.000000
14 703.867248 -3510.860351 -62.875000 0.000000 97.000000 0.000000 0.000000 0.000000 1.000000 0.000000 97.000000 1.000000 0 0 0.000000
11 670.458129 -757.463012 -87.875000 0.000000 -89.000000 0.000000 0.000000 0.000000 1.000000 0.000000 -89.000000 1.000000 0 0 0.000000
11 397.041961 -3542.551025 -103.875000 0.000000 49.000000 0.000000 0.000000 0.000000 1.000000 0.000000 49.000000 1.000000 2 0 0.000000
15 332.658630 -3497.418945 -168.875000 0.000000 -105.000000 0.000000 0.000000 0.000000 1.000000 0.000000 -105.000000 1.000000 0 0 0.000000
10 772.164611 -657.457214 -107.875000 0.000000 63.000000 0.000000 0.000000 0.000000 1.000000 0.000000 63.000000 1.000000 0 0 0.000000
14 695.107055 -655.695373 -120.875000 0.000000 121.000000 0.000000 0.000000 0.000000 1.000000 0.000000 121.000000 1.000000 0 0 0.000000
11 -315.030883 -1820.383544 -191.875000 0.000000 93.000000 0.000000 0.000000 0.000000 1.000000 0.000000 93.000000 1.000000 2 0 0.000000
11 733.038330 -770.013366 -87.875000 0.000000 85.000000 0.000000 0.000000 0.000000 1.000000 0.000000 85.000000 1.000000 0 0 0.000000
15 236.085937 -3495.437011 -168.875000 0.000000 -71.000000 0.000000 0.000000 0.000000 1.000000 0.000000 -71.000000 1.000000 0 0 0.000000
11 -250.661224 -1819.488647 -191.875000 0.000000 94.000000 0.000000 0.000000 0.000000 1.000000 0.000000 94.000000 1.000000 2 0 0.000000
11 -194.257186 -1840.850341 -191.875000 0.000000 89.000000 0.000000 0.000000 0.000000 1.000000 0.000000 89.000000 1.000000 2 0 0.000000
2 880.905212 -671.960693 -112.875000 0.000000 -179.000000 0.000000 0.000000 0.000000 1.000000 0.000000 -179.000000 1.000000 2 0 0.000000
14 287.200897 -3590.108154 -176.875000 0.000000 53.000000 0.000000 0.000000 0.000000 1.000000 0.000000 53.000000 1.000000 0 0 0.000000
11 427.295959 -3623.616699 -143.875000 0.000000 36.000000 0.000000 0.000000 0.000000 1.000000 0.000000 36.000000 1.000000 0 0 0.000000
11 371.453002 -3650.287597 -143.875000 0.000000 20.000000 0.000000 0.000000 0.000000 1.000000 0.000000 20.000000 1.000000 0 0 0.000000
11 311.120727 -3669.407714 -143.875000 0.000000 22.000000 0.000000 0.000000 0.000000 1.000000 0.000000 22.000000 1.000000 0 0 0.000000
10 219.508071 -3571.900634 -163.875000 0.000000 168.000000 0.000000 0.000000 0.000000 1.000000 0.000000 168.000000 1.000000 0 0 0.000000
11 254.903076 -3665.966796 -143.875000 0.000000 43.000000 0.000000 0.000000 0.000000 1.000000 0.000000 43.000000 1.000000 0 0 0.000000
11 204.549591 -3635.546142 -143.875000 0.000000 74.000000 0.000000 0.000000 0.000000 1.000000 0.000000 74.000000 1.000000 0 0 0.000000
11 570.391662 -3572.568115 -143.875000 0.000000 -174.000000 0.000000 0.000000 0.000000 1.000000 0.000000 -174.000000 1.000000 2 0 0.000000
14 -410.788604 -3185.756103 -160.875000 0.000000 -16.000000 0.000000 0.000000 0.000000 1.000000 0.000000 -16.000000 1.000000 0 0 0.000000
15 -326.005340 -2839.702636 -216.875000 0.000000 -78.000000 0.000000 0.000000 0.000000 1.000000 0.000000 -78.000000 1.000000 0 0 0.000000
11 -389.486389 -2848.918945 -176.336822 0.000000 -73.000000 0.000000 0.707106 0.000000 0.707106 0.000000 -73.000000 1.000000 2 0 0.000000
11 -438.617156 -2848.880371 -127.206054 0.000000 -115.000000 0.000000 0.707106 0.000000 0.707106 0.000000 -115.000000 1.000000 2 0 0.000000
16 -38.364215 -3140.614501 -136.875000 0.000000 20.000000 0.000000 0.000000 0.000000 1.000000 0.000000 20.000000 1.000000 0 0 0.000000
16 -36.333496 -3184.398193 -136.875000 0.000000 12.000000 0.000000 0.000000 0.000000 1.000000 0.000000 12.000000 1.000000 0 0 0.000000
14 -470.113403 -2930.352294 -184.875000 0.000000 143.000000 0.000000 0.000000 0.000000 1.000000 0.000000 143.000000 1.000000 0 0 0.000000
11 -565.481201 -3040.692871 -103.875030 0.000000 -175.000000 0.000000 0.000000 0.000000 1.000000 0.000000 -175.000000 1.000000 0 0 0.000000
11 -506.133819 -3037.162597 -159.689437 0.000000 -175.000000 0.000000 0.707106 0.000000 0.707106 0.000000 -175.000000 1.000000 0 0 0.000000
15 -426.565185 -3052.441406 -216.875000 0.000000 -93.000000 0.000000 0.000000 0.000000 1.000000 0.000000 -93.000000 1.000000 0 0 0.000000
11 -351.635559 -3025.548095 -191.875000 0.000000 -88.000000 0.000000 0.000000 0.000000 1.000000 0.000000 -88.000000 1.000000 0 0 0.000000
11 -306.633300 -3023.079101 -191.875000 0.000000 -85.000000 0.000000 0.000000 0.000000 1.000000 0.000000 -85.000000 1.000000 0 0 0.000000
11 -353.126525 -3026.848144 -111.750000 0.000000 -94.000000 0.000000 0.000000 0.000000 1.000000 0.000000 -94.000000 1.000000 0 0 0.000000
11 -308.057373 -3019.532958 -111.750000 0.000000 -86.000000 0.000000 0.000000 0.000000 1.000000 0.000000 -86.000000 1.000000 0 0 0.000000
14 1175.403930 -997.175170 -376.875000 0.000000 179.000000 0.000000 0.000000 0.000000 1.000000 0.000000 179.000000 1.000000 1 0 0.000000
11 1010.521301 -1024.780273 -343.875000 0.000000 -175.000000 0.000000 0.000000 0.000000 1.000000 0.000000 -175.000000 1.000000 2 0 0.000000
11 1012.742309 -1084.389526 -343.875000 0.000000 -171.000000 0.000000 0.000000 0.000000 1.000000 0.000000 -171.000000 1.000000 2 0 0.000000
16 1124.706787 -1097.343750 -368.875000 0.000000 -177.000000 0.000000 0.000000 0.000000 1.000000 0.000000 -177.000000 1.000000 0 0 0.000000
11 1635.444946 -3757.921142 -119.875000 0.000000 179.000000 0.000000 0.000000 0.000000 1.000000 0.000000 179.000000 1.000000 0 0 0.000000
3 140.194305 -995.802185 -368.875000 0.000000 88.000000 0.000000 0.000000 0.000000 1.000000 0.000000 88.000000 1.000000 0 0 0.000000
3 142.945510 -1139.900024 -368.875000 0.000000 69.000000 0.000000 0.000000 0.000000 1.000000 0.000000 69.000000 1.000000 0 0 0.000000
10 -12.747803 -3709.817382 -163.875000 0.000000 -3.000000 0.000000 0.000000 0.000000 1.000000 -17.228815 -3.000000 1.000000 0 0 0.000000
3 115.136627 -1297.166748 -368.875000 0.000000 -133.000000 0.000000 0.000000 0.000000 1.000000 0.000000 -133.000000 1.000000 0 0 0.000000
6 1017.840148 -3668.199951 -374.875000 0.000000 -2.000000 0.000000 0.000000 0.000000 1.000000 0.000000 -2.000000 1.000000 0 0 0.000000
3 565.525878 -1311.859863 -193.875000 0.000000 -81.000000 0.000000 0.000000 0.000000 1.000000 0.000000 -81.000000 1.000000 0 0 0.000000
2 584.160644 -1408.067993 -216.875000 0.000000 5.000000 0.000000 0.000000 0.000000 1.000000 0.000000 5.000000 1.000000 2 0 0.000000
5 1385.790893 -1001.695007 -368.875000 0.000000 83.000000 0.000000 0.000000 0.000000 1.000000 0.000000 83.000000 1.000000 1 0 0.000000
2 326.719970 -1289.825439 -128.875000 0.000000 89.000000 0.000000 0.000000 0.000000 1.000000 0.000000 89.000000 1.000000 2 0 0.000000
3 448.793792 -1277.834838 -183.988311 0.000000 -111.000000 0.000000 0.000000 0.707106 0.707106 0.000000 -111.000000 1.000000 0 0 0.000000
11 1423.615722 -3160.048583 -139.875000 0.000000 177.000000 0.000000 0.000000 0.000000 1.000000 0.000000 177.000000 1.000000 2 0 0.000000
3 1521.345458 -1132.850341 -368.875000 0.000000 3.000000 0.000000 0.000000 0.000000 1.000000 0.000000 3.000000 1.000000 0 0 0.000000
3 1613.547973 -1134.815429 -368.875000 0.000000 36.000000 0.000000 0.000000 0.000000 1.000000 0.000000 36.000000 1.000000 0 0 0.000000
16 1590.365966 -1010.255615 -368.875000 0.000000 -115.000000 0.000000 0.000000 0.000000 1.000000 0.000000 -115.000000 1.000000 0 0 0.000000
2 402.486968 -1177.834960 -120.875000 0.000000 -174.000000 0.000000 0.000000 0.000000 1.000000 0.000000 -174.000000 1.000000 2 0 0.000000
16 221.759933 -850.877258 -752.875000 0.000000 -87.000000 0.000000 0.000000 0.000000 1.000000 0.000000 -87.000000 1.000000 0 0 0.000000
11 2001.870239 -1076.691894 -343.875000 0.000000 28.000000 0.000000 0.000000 0.000000 1.000000 0.000000 28.000000 1.000000 2 0 0.000000
11 1992.537109 -1128.101806 -343.875000 0.000000 0.000000 0.000000 0.000000 0.000000 1.000000 0.000000 0.000000 1.000000 2 0 0.000000
14 1742.451904 -939.615966 -376.875000 0.000000 158.000000 0.000000 0.000000 0.000000 1.000000 0.000000 158.000000 1.000000 0 0 0.000000
6 1604.537231 -939.463073 -374.875000 0.000000 -177.000000 0.000000 0.000000 0.000000 1.000000 0.000000 -177.000000 1.000000 0 0 0.000000
10 2076.158447 -1091.106811 -363.875000 0.000000 -163.000000 0.000000 0.000000 0.000000 1.000000 -4.900565 -163.000000 1.000000 2 0 0.000000
5 2447.125000 -844.070861 -214.655227 0.000000 97.000000 84.000000 1.000000 0.000000 0.000000 1.000000 97.000000 0.000000 0 0 0.000000
5 2447.125000 -831.223693 -296.584655 0.000000 94.000000 89.000000 1.000000 0.000000 0.000000 1.000000 94.000000 0.000000 0 0 0.000000
5 2447.125000 -837.344421 -259.261901 0.000000 94.000000 88.000000 1.000000 0.000000 0.000000 1.000000 94.000000 0.000000 0 0 0.000000
5 2635.496582 -758.103881 -162.541030 0.000000 -95.000000 133.000000 0.000000 0.241921 -0.970295 -0.707106 -95.000000 -0.686102 0 0 0.000000
5 2589.738525 -755.512084 -143.756866 0.000000 -117.000000 132.000000 0.000000 0.242535 -0.970142 -0.707106 -117.000000 -0.686102 0 0 0.000000
5 2447.125000 -582.416809 -189.980392 0.000000 -84.000000 -88.000000 1.000000 0.000000 0.000000 1.000000 -84.000000 0.000000 0 0 0.000000
11 2573.401611 -162.990570 -215.875000 0.000000 48.000000 0.000000 0.000000 0.000000 1.000000 0.000000 48.000000 1.000000 2 0 0.000000
5 2453.872558 -838.242248 -350.681701 0.000000 107.000000 0.000000 0.000000 -0.242535 0.970142 0.000000 107.000000 1.000000 0 0 0.000000
13 2476.982910 -535.976501 -272.115264 0.000000 -91.000000 0.000000 0.000000 -0.242535 0.970142 0.000000 -91.000000 1.000000 0 0 0.000000
5 2447.125000 -588.880859 -151.002761 0.000000 -89.000000 -89.000000 1.000000 0.000000 0.000000 1.000000 -89.000000 0.000000 0 0 0.000000
5 2672.875000 -659.238220 -125.334251 0.000000 -94.000000 90.000000 -1.000000 0.000000 0.000000 -1.000000 -94.000000 0.000000 0 0 0.000000
5 2672.875000 -638.618652 -158.037933 0.000000 -94.000000 89.000000 -1.000000 0.000000 0.000000 -1.000000 -94.000000 0.000000 0 0 0.000000
5 2638.753906 -449.737365 -257.555480 0.000000 75.000000 0.000000 0.000000 -0.242535 0.970142 0.000000 75.000000 1.000000 0 0 0.000000
11 2577.817382 -213.194183 -215.875000 0.000000 35.000000 0.000000 0.000000 0.000000 1.000000 0.000000 35.000000 1.000000 2 0 0.000000
16 2658.312011 -238.388015 -192.875000 0.000000 -15.000000 0.000000 0.000000 0.000000 1.000000 0.000000 -15.000000 1.000000 0 0 0.000000
14 2662.249267 -162.133026 -152.875000 0.000000 2.000000 0.000000 0.000000 0.000000 1.000000 0.000000 2.000000 1.000000 0 0 0.000000
7 2640.267822 -645.805053 -287.572418 0.000000 -107.000000 0.000000 0.000000 -0.242535 0.970142 0.000000 -107.000000 1.000000 0 0 0.000000
11 2654.513916 -288.402648 -215.875000 0.000000 35.000000 0.000000 0.000000 0.000000 1.000000 0.000000 35.000000 1.000000 2 0 0.000000
11 2605.797607 -260.649108 -215.875000 0.000000 12.000000 0.000000 0.000000 0.000000 1.000000 0.000000 12.000000 1.000000 2 0 0.000000
1 727.677978 174.275787 151.125000 0.000000 -27.000000 0.000000 0.000000 0.000000 1.000000 0.000000 -27.000000 1.000000 0 0 0.000000
14 2641.190673 -192.073425 -141.750000 0.000000 -1.000000 0.000000 0.000000 0.000000 1.000000 0.000000 -1.000000 1.000000 0 0 0.000000
13 1103.937744 -251.399383 -114.875000 0.000000 -176.000000 0.000000 0.000000 0.000000 1.000000 0.000000 -176.000000 1.000000 0 0 0.000000
11 1103.658935 -184.561080 -87.875000 0.000000 175.000000 0.000000 0.000000 0.000000 1.000000 0.000000 175.000000 1.000000 2 0 0.000000
10 1391.274780 -222.802993 -111.875000 0.000000 2.000000 0.000000 0.000000 0.000000 1.000000 0.000000 2.000000 1.000000 0 0 0.000000
10 1023.909423 -245.604263 -111.875000 0.000000 -6.000000 0.000000 0.000000 0.000000 1.000000 0.000000 -6.000000 1.000000 2 0 0.000000
11 411.129455 -85.472236 -87.875000 0.000000 91.000000 0.000000 0.000000 0.000000 1.000000 0.000000 91.000000 1.000000 2 0 0.000000
11 480.648956 -83.428009 -87.875000 0.000000 98.000000 0.000000 0.000000 0.000000 1.000000 0.000000 98.000000 1.000000 2 0 0.000000
14 217.624633 -133.257064 -8.875000 0.000000 107.000000 0.000000 0.000000 0.000000 1.000000 0.000000 107.000000 1.000000 0 0 0.000000
10 4.983891 -277.516479 -59.875000 0.000000 -166.000000 0.000000 0.000000 0.000000 1.000000 0.000000 -166.000000 1.000000 2 0 0.000000
16 -14.742958 -163.782333 -64.875000 0.000000 82.000000 0.000000 0.000000 0.000000 1.000000 0.000000 82.000000 1.000000 0 0 0.000000
5 320.897979 -273.066101 -112.221504 0.000000 -16.000000 0.000000 0.000000 0.970140 0.242543 0.000000 -16.000000 1.000000 1 0 0.000000
11 506.657684 -254.577423 -91.875000 0.000000 11.000000 0.000000 0.000000 0.000000 1.000000 0.000000 11.000000 1.000000 2 0 0.000000
13 671.308471 -22.584213 -66.875000 0.000000 -84.000000 0.000000 0.000000 0.000000 1.000000 0.000000 -84.000000 1.000000 0 0 0.000000
10 12.385788 119.586715 -75.875000 0.000000 147.000000 0.000000 0.000000 0.000000 1.000000 0.000000 147.000000 1.000000 0 0 0.000000
11 -24.479911 -0.341237 -87.875000 0.000000 -113.000000 0.000000 0.000000 0.000000 1.000000 0.000000 -113.000000 1.000000 0 0 0.000000
13 750.209655 -17.609466 -66.875000 0.000000 -92.000000 0.000000 0.000000 0.000000 1.000000 0.000000 -92.000000 1.000000 0 0 0.000000
11 346.753601 117.986701 -87.875000 0.000000 94.000000 0.000000 0.000000 0.000000 1.000000 0.000000 94.000000 1.000000 0 0 0.000000
13 415.209411 105.349273 -82.875000 0.000000 95.000000 0.000000 0.000000 0.000000 1.000000 0.000000 95.000000 1.000000 0 0 0.000000
15 1872.241210 -3099.917968 -368.875000 0.000000 92.000000 0.000000 0.000000 0.000000 1.000000 0.000000 92.000000 1.000000 0 0 0.000000
15 613.223754 -3407.079589 -368.875000 0.000000 0.000000 0.000000 0.000000 0.000000 1.000000 0.000000 0.000000 1.000000 0 0 0.000000
15 1266.270019 -3546.834228 -176.875000 0.000000 -100.000000 0.000000 0.000000 0.000000 1.000000 0.000000 -100.000000 1.000000 2 0 0.000000
9 1248.833984 -3676.237548 -19.875000 0.000000 0.000000 0.000000 0.000000 0.000000 1.000000 0.000000 0.000000 1.000000 1 0 0.000000
15 1167.394653 -3543.200195 -176.875000 0.000000 -107.000000 0.000000 0.000000 0.000000 1.000000 0.000000 -107.000000 1.000000 2 0 0.000000
15 1398.203247 -3544.816650 -176.875000 0.000000 -89.000000 0.000000 0.000000 0.000000 1.000000 0.000000 -89.000000 1.000000 2 0 0.000000
11 1440.869750 -3639.633544 -151.875000 0.000000 15.000000 0.000000 0.000000 0.000000 1.000000 0.000000 15.000000 1.000000 2 0 0.000000
11 1285.470092 -3649.105957 -151.875000 0.000000 -1.000000 0.000000 0.000000 0.000000 1.000000 0.000000 -1.000000 1.000000 2 0 0.000000
15 1503.373901 -3547.466308 -176.875000 0.000000 -87.000000 0.000000 0.000000 0.000000 1.000000 0.000000 -87.000000 1.000000 2 0 0.000000
15 615.898010 -3507.100341 -368.875000 0.000000 -1.000000 0.000000 0.000000 0.000000 1.000000 0.000000 -1.000000 1.000000 0 0 0.000000
14 1474.953369 -3392.884765 -14.875000 0.000000 -17.000000 0.000000 0.000000 0.000000 1.000000 0.000000 -17.000000 1.000000 0 0 0.000000
11 1436.681274 -3700.410400 -151.875000 0.000000 6.000000 0.000000 0.000000 0.000000 1.000000 0.000000 6.000000 1.000000 2 0 0.000000
9 1022.833984 -3454.187988 -379.875000 0.000000 -5.000000 0.000000 0.000000 0.000000 1.000000 0.000000 -5.000000 1.000000 1 0 0.000000
11 1435.778808 -3744.878173 -151.875000 0.000000 -10.000000 0.000000 0.000000 0.000000 1.000000 0.000000 -10.000000 1.000000 2 0 0.000000
2 758.193481 -2909.314453 -168.875000 0.000000 97.000000 0.000000 0.000000 0.000000 1.000000 0.000000 97.000000 1.000000 2 0 0.000000
11 1656.897827 -3758.269531 -119.875000 0.000000 -2.000000 0.000000 0.000000 0.000000 1.000000 0.000000 -2.000000 1.000000 2 0 0.000000
5 1384.479614 -3760.875000 -69.512802 0.000000 -164.000000 90.000000 0.000000 1.000000 0.000000 0.000000 -164.000000 0.000000 2 0 0.000000
11 1656.491210 -3760.016113 -119.875000 0.000000 0.000000 0.000000 0.000000 0.000000 1.000000 0.000000 0.000000 1.000000 2 0 0.000000
15 1773.803344 -3096.491455 -368.875000 0.000000 91.000000 0.000000 0.000000 0.000000 1.000000 0.000000 91.000000 1.000000 0 0 0.000000
14 1339.646972 -3163.526855 -364.875000 0.000000 -176.000000 0.000000 0.000000 0.000000 1.000000 0.000000 -176.000000 1.000000 0 0 0.000000
13 -206.791900 -1864.174194 -370.875000 0.000000 90.000000 0.000000 0.000000 0.000000 1.000000 0.000000 90.000000 1.000000 0 0 0.000000
9 1043.773803 -2987.392333 -131.875000 0.000000 83.000000 0.000000 0.000000 0.000000 1.000000 0.000000 83.000000 1.000000 2 0 0.000000
14 501.242736 -3469.898193 -376.875000 0.000000 11.000000 0.000000 0.000000 0.000000 1.000000 0.000000 11.000000 1.000000 0 0 0.000000
11 639.417724 -3805.720458 -343.875000 0.000000 -162.000000 0.000000 0.000000 0.000000 1.000000 0.000000 -162.000000 1.000000 0 0 0.000000
4 166.920669 -3216.538330 -272.875000 0.000000 135.000000 0.000000 0.000000 0.000000 1.000000 0.000000 135.000000 1.000000 1 0 0.000000
10 -547.649291 -1951.865966 -363.875000 0.000000 99.000000 0.000000 0.000000 0.000000 1.000000 0.000000 99.000000 1.000000 2 0 0.000000
2 1174.588867 -3462.200439 -368.875000 0.000000 -179.000000 0.000000 0.000000 0.000000 1.000000 0.000000 -179.000000 1.000000 2 0 0.000000
13 1401.626831 -3234.441406 -166.875000 0.000000 178.000000 0.000000 0.000000 0.000000 1.000000 0.000000 178.000000 1.000000 0 0 0.000000
15 652.497863 -3649.813964 -368.875000 0.000000 163.000000 0.000000 0.000000 0.000000 1.000000 0.000000 163.000000 1.000000 0 0 0.000000
14 998.872619 -3252.154052 -376.875000 0.000000 -3.000000 0.000000 0.000000 0.000000 1.000000 0.000000 -3.000000 1.000000 0 0 0.000000
3 1648.095825 -3498.701904 -144.875000 0.000000 176.000000 0.000000 0.000000 0.000000 1.000000 0.000000 176.000000 1.000000 0 0 0.000000
3 1649.227783 -3408.528564 -144.875000 0.000000 176.000000 0.000000 0.000000 0.000000 1.000000 0.000000 176.000000 1.000000 0 0 0.000000
11 1644.226196 -3151.247314 -119.875000 0.000000 -179.000000 0.000000 0.000000 0.000000 1.000000 0.000000 -179.000000 1.000000 2 0 0.000000
11 640.456176 -3244.401123 -343.875000 0.000000 177.000000 0.000000 0.000000 0.000000 1.000000 0.000000 177.000000 1.000000 2 0 0.000000
2 796.858642 -3621.575439 -168.875000 0.000000 -88.000000 0.000000 0.000000 0.000000 1.000000 0.000000 -88.000000 1.000000 2 0 0.000000
11 515.768554 -3502.310546 -143.875000 0.000000 -6.000000 0.000000 0.000000 0.000000 1.000000 0.000000 -6.000000 1.000000 2 0 0.000000
9 698.951904 -3163.694335 -147.875000 0.000000 -91.000000 0.000000 0.000000 0.000000 1.000000 0.000000 -91.000000 1.000000 3 0 0.000000
13 923.424865 -3170.049804 -114.875000 0.000000 -1.000000 0.000000 0.000000 0.000000 1.000000 0.000000 -1.000000 1.000000 0 0 0.000000
11 921.256347 -3467.787353 -143.875000 0.000000 0.000000 0.000000 0.000000 0.000000 1.000000 0.000000 0.000000 1.000000 2 0 0.000000
9 1853.200683 -3201.002441 68.125000 0.000000 0.000000 0.000000 0.000000 0.000000 1.000000 0.000000 0.000000 1.000000 0 0 0.000000
11 704.286315 -3573.518798 -143.875000 0.000000 -102.000000 0.000000 0.000000 0.000000 1.000000 0.000000 -102.000000 1.000000 2 0 0.000000
11 921.282836 -3523.211914 -143.875000 0.000000 0.000000 0.000000 0.000000 0.000000 1.000000 0.000000 0.000000 1.000000 2 0 0.000000
15 494.589691 -3570.800292 -168.875000 0.000000 -78.000000 0.000000 0.000000 0.000000 1.000000 0.000000 -78.000000 1.000000 0 0 0.000000
11 510.474700 -3452.625732 -143.875000 0.000000 -5.000000 0.000000 0.000000 0.000000 1.000000 0.000000 -5.000000 1.000000 2 0 0.000000
1 994.207031 -3178.747802 -168.875000 0.000000 -92.000000 0.000000 0.000000 0.000000 1.000000 0.000000 -92.000000 1.000000 0 0 0.000000
11 890.521972 -3578.437744 -143.875000 0.000000 -57.000000 0.000000 0.000000 0.000000 1.000000 0.000000 -57.000000 1.000000 2 0 0.000000
15 547.788330 -3324.793945 -168.875000 0.000000 -88.000000 0.000000 0.000000 0.000000 1.000000 0.000000 -88.000000 1.000000 0 0 0.000000
11 510.951080 -3397.603027 -143.875000 0.000000 -1.000000 0.000000 0.000000 0.000000 1.000000 0.000000 -1.000000 1.000000 2 0 0.000000
14 444.643035 -3885.652099 -88.875000 0.000000 168.000000 0.000000 0.000000 0.000000 1.000000 0.000000 168.000000 1.000000 1 0 0.000000
13 995.843444 -3492.639648 -170.875000 0.000000 90.000000 0.000000 0.000000 0.000000 1.000000 0.000000 90.000000 1.000000 0 0 0.000000
11 838.422546 -3698.635253 -143.875000 0.000000 67.000000 0.000000 0.000000 0.000000 1.000000 0.000000 67.000000 1.000000 2 0 0.000000
10 551.623168 -3832.040283 -163.875000 0.000000 175.000000 0.000000 0.000000 0.000000 1.000000 0.000000 175.000000 1.000000 0 0 0.000000
1 757.044433 -3441.317871 -168.875000 0.000000 -24.000000 0.000000 0.000000 0.000000 1.000000 0.000000 -24.000000 1.000000 0 0 0.000000
5 -334.559783 -3828.585937 -193.033264 0.000000 104.000000 0.000000 0.000000 -0.600000 0.800000 0.000000 104.000000 1.000000 2 0 0.000000
11 -280.707733 -3808.585937 -155.875000 0.000000 -132.000000 0.000000 0.000000 0.000000 1.000000 0.000000 -132.000000 1.000000 0 0 0.000000
13 -135.893646 -3978.456298 -122.875000 0.000000 -41.000000 0.000000 0.000000 0.000000 1.000000 0.000000 -41.000000 1.000000 0 0 0.000000
15 -261.585083 -4005.264404 -224.875000 0.000000 -135.000000 0.000000 0.000000 0.000000 1.000000 0.000000 -135.000000 1.000000 0 0 0.000000
13 -136.305206 -4053.910400 -122.875000 0.000000 2.000000 0.000000 0.000000 0.000000 1.000000 0.000000 2.000000 1.000000 0 0 0.000000
11 -353.936218 -3850.628417 -86.223892 0.000000 171.000000 0.000000 0.000000 0.707105 0.707107 0.000000 171.000000 1.000000 0 0 0.000000
13 -347.710418 -3945.608642 -50.875015 0.000000 147.000000 0.000000 0.000000 0.000000 1.000000 0.000000 147.000000 1.000000 0 0 0.000000
5 -323.081054 -4279.920410 -112.875000 0.000000 -118.000000 0.000000 0.000000 0.000000 1.000000 0.000000 -118.000000 1.000000 0 0 0.000000
13 -289.208740 -3702.077880 -170.875000 0.000000 -174.000000 0.000000 0.000000 0.000000 1.000000 0.000000 -174.000000 1.000000 0 0 0.000000
10 -705.284606 -3436.895019 -363.875000 0.000000 85.000000 0.000000 0.000000 0.000000 1.000000 -1.534679 85.000000 1.000000 2 0 0.000000
13 -631.124328 -3499.012207 -370.875000 0.000000 13.000000 0.000000 0.000000 0.000000 1.000000 0.000000 13.000000 1.000000 1 0 0.000000
13 -656.426757 -3585.701904 -370.875000 0.000000 -2.000000 0.000000 0.000000 0.000000 1.000000 0.000000 -2.000000 1.000000 0 0 0.000000
7 -611.786315 -3370.398193 -358.875000 0.000000 40.000000 0.000000 0.000000 0.000000 1.000000 0.000000 40.000000 1.000000 2 0 0.000000
11 -792.728759 -3614.536621 -343.875000 0.000000 -86.000000 0.000000 0.000000 0.000000 1.000000 0.000000 -86.000000 1.000000 2 0 0.000000
10 -558.030212 -3572.540527 -363.875000 0.000000 172.000000 0.000000 0.000000 0.000000 1.000000 0.000000 172.000000 1.000000 0 0 0.000000
10 -792.667175 -3539.364501 -363.875000 0.000000 -92.000000 0.000000 0.000000 0.000000 1.000000 -1.504312 -92.000000 1.000000 2 0 0.000000
16 -387.894287 -3559.145263 -168.875000 0.000000 90.000000 0.000000 0.000000 0.000000 1.000000 0.000000 90.000000 1.000000 0 0 0.000000
9 -997.488098 -3525.469238 -251.875000 0.000000 90.000000 0.000000 0.000000 0.000000 1.000000 0.000000 90.000000 1.000000 1 0 0.000000
14 -42.652706 -2620.997070 -144.875000 0.000000 38.000000 0.000000 0.000000 0.000000 1.000000 0.000000 38.000000 1.000000 0 0 0.000000
13 -604.408996 -3939.643066 -178.875000 0.000000 178.000000 0.000000 0.000000 0.000000 1.000000 0.000000 178.000000 1.000000 0 0 0.000000
14 -507.460052 -3853.503906 -65.283256 0.000000 71.000000 0.000000 -0.707106 0.000000 0.707106 0.000000 71.000000 1.000000 0 0 0.000000
15 -762.879943 -2651.627197 -224.875000 0.000000 5.000000 0.000000 0.000000 0.000000 1.000000 0.000000 5.000000 1.000000 0 0 0.000000
13 -300.645935 -1844.904052 -370.875000 0.000000 93.000000 0.000000 0.000000 0.000000 1.000000 0.000000 93.000000 1.000000 0 0 0.000000
15 -752.384887 -2726.587646 -226.875000 0.000000 14.000000 0.000000 0.000000 0.000000 1.000000 0.000000 14.000000 1.000000 0 0 0.000000
4 -714.986328 -2801.591308 -128.874206 0.000000 -163.000000 0.000000 0.000000 0.000000 1.000000 0.000000 -163.000000 1.000000 2 0 0.000000
4 -736.991210 -2589.619873 -128.874954 0.000000 -15.000000 0.000000 0.000000 0.000000 1.000000 0.000000 -15.000000 1.000000 2 0 0.000000
10 -302.628784 -1764.291870 -363.875000 0.000000 -145.000000 0.000000 0.000000 0.000000 1.000000 0.000000 -145.000000 1.000000 0 0 0.000000
11 649.966003 -3739.400146 -343.875000 0.000000 -156.000000 0.000000 0.000000 0.000000 1.000000 0.000000 -156.000000 1.000000 0 0 0.000000
1 -26.059310 -2018.095825 -224.408172 0.000000 -48.000000 0.000000 0.000000 -0.447213 0.894427 0.000000 -48.000000 1.000000 0 0 0.000000
7 326.864257 -3379.440917 -358.875000 0.000000 1.000000 0.000000 0.000000 0.000000 1.000000 0.000000 1.000000 1.000000 2 0 0.000000
10 -76.221298 -3455.502929 -363.875000 0.000000 0.000000 0.000000 0.000000 0.000000 1.000000 -0.650857 0.000000 1.000000 0 0 0.000000
6 -524.412780 -3053.319580 -374.875000 0.000000 -165.000000 0.000000 0.000000 0.000000 1.000000 0.000000 -165.000000 1.000000 0 0 0.000000
7 314.839782 -3533.570800 -358.875000 0.000000 -7.000000 0.000000 0.000000 0.000000 1.000000 0.000000 -7.000000 1.000000 2 0 0.000000
7 319.983276 -3459.093994 -358.875000 0.000000 5.000000 0.000000 0.000000 0.000000 1.000000 0.000000 5.000000 1.000000 2 0 0.000000
13 319.083282 -1073.196899 -368.875000 0.000000 6.000000 0.000000 0.000000 0.000000 1.000000 0.000000 6.000000 1.000000 0 0 0.000000
5 -67.125000 -2850.903076 -174.980499 0.000000 -49.000000 51.000000 -1.000000 0.000000 0.000000 -1.000000 -49.000000 0.000000 2 0 0.000000
14 -77.588760 -3007.879882 -332.624267 0.000000 -1.000000 0.000000 0.000000 0.000000 1.000000 0.000000 -1.000000 1.000000 0 0 0.000000
14 355.039459 -745.566467 -760.875000 0.000000 -5.000000 0.000000 0.000000 0.000000 1.000000 0.000000 -5.000000 1.000000 0 0 0.000000
14 -498.707305 -2647.885253 -284.875000 0.000000 -174.000000 0.000000 0.000000 0.000000 1.000000 0.000000 -174.000000 1.000000 0 0 0.000000
13 311.404388 -1153.111083 -370.875000 0.000000 1.000000 0.000000 0.000000 0.000000 1.000000 0.000000 1.000000 1.000000 0 0 0.000000
12 418.300781 -821.348144 -754.875000 0.000000 -78.000000 0.000000 0.000000 0.000000 1.000000 0.000000 -78.000000 1.000000 0 0 0.000000
2 -212.294769 -1442.995239 -216.875000 0.000000 -87.000000 0.000000 0.000000 0.000000 1.000000 0.000000 -87.000000 1.000000 2 0 0.000000
3 321.328796 -1273.073242 -368.875000 0.000000 -16.000000 0.000000 0.000000 0.000000 1.000000 0.000000 -16.000000 1.000000 0 0 0.000000
2 -303.747894 -1434.411743 -216.875000 0.000000 -94.000000 0.000000 0.000000 0.000000 1.000000 0.000000 -94.000000 1.000000 2 0 0.000000
14 271.135498 -1472.148315 -312.875000 0.000000 -165.000000 0.000000 0.000000 0.000000 1.000000 0.000000 -165.000000 1.000000 1 0 0.000000
3 354.618988 -1432.946044 -368.875000 0.000000 -93.000000 0.000000 0.000000 0.000000 1.000000 0.000000 -93.000000 1.000000 0 0 0.000000
10 521.183044 -1325.990234 -363.875000 0.000000 179.000000 0.000000 0.000000 0.000000 1.000000 0.000000 179.000000 1.000000 0 0 0.000000
10 432.086090 -1080.854492 -363.875000 0.000000 -176.000000 0.000000 0.000000 0.000000 1.000000 -10.000000 -176.000000 1.000000 0 0 0.000000
10 576.210937 -1330.352905 -363.875000 0.000000 -93.000000 0.000000 0.000000 0.000000 1.000000 0.000000 -93.000000 1.000000 0 0 0.000000
10 635.594726 -1332.691284 -363.875000 0.000000 -87.000000 0.000000 0.000000 0.000000 1.000000 0.000000 -87.000000 1.000000 0 0 0.000000
14 566.942810 -1496.035400 -376.875000 0.000000 -83.000000 0.000000 0.000000 0.000000 1.000000 0.000000 -83.000000 1.000000 2 0 0.000000
