14 987.477966 -590.856689 -67.177398 0.000000 -90.000000 0.000000 0.000000 0.000000 1.000000 0.000000 -90.000000 1.000000 1 0 0.000000
4 37.801437 -971.347656 -104.250000 0.000000 -111.000000 0.000000 0.000000 0.000000 1.000000 0.000000 -111.000000 1.000000 2 0 0.000000
11 1936.441528 -2385.230957 -359.875000 0.000000 90.000000 0.000000 0.000000 0.000000 1.000000 0.000000 90.000000 1.000000 2 0 0.000000
16 -82.512023 -1679.500488 -266.616271 0.000000 1.000000 0.000000 -0.447213 0.000000 0.894427 0.000000 1.000000 1.000000 2 0 0.000000
9 1939.425048 -2482.302490 -395.875000 0.000000 92.000000 0.000000 0.000000 0.000000 1.000000 0.000000 92.000000 1.000000 5 0 0.000000
9 2122.960449 -1753.141235 -219.875000 0.000000 53.000000 0.000000 0.000000 0.000000 1.000000 0.000000 53.000000 1.000000 5 0 0.000000
10 1573.136108 -1732.787475 -33.487876 0.000000 110.000000 0.000000 -0.133481 -0.700779 0.700779 0.000000 110.000000 1.000000 2 0 0.000000
16 1538.606201 -2038.976318 -62.663349 0.000000 76.000000 0.000000 0.447213 0.000000 0.894427 0.000000 76.000000 1.000000 2 0 0.000000
13 375.449829 -1625.425537 -194.875000 0.000000 91.000000 0.000000 0.000000 0.000000 1.000000 0.000000 91.000000 1.000000 2 0 0.000000
16 1572.449951 -2430.040283 -120.502883 0.000000 -125.000000 0.000000 0.000000 0.000000 1.000000 0.000000 -125.000000 1.000000 2 0 0.000000
11 1548.480468 -2316.464843 -70.303680 0.000000 110.000000 0.000000 0.707106 0.000000 0.707106 0.000000 110.000000 1.000000 2 0 0.000000
11 1606.979492 -2413.579833 -55.377883 0.000000 -109.000000 0.000000 0.000000 0.000000 1.000000 0.000000 -109.000000 1.000000 0 0 0.000000
10 1509.613403 -2462.079345 -81.292640 0.000000 -152.000000 0.000000 0.426401 -0.639602 0.639602 0.000000 -152.000000 1.000000 2 0 0.000000
14 -725.109313 -1311.778808 124.321311 0.000000 -25.000000 0.000000 0.000000 0.000000 1.000000 0.000000 -25.000000 1.000000 1 0 0.000000
13 671.218017 -2293.239501 -577.000000 0.000000 -179.000000 0.000000 0.000000 0.000000 1.000000 0.000000 -179.000000 1.000000 2 0 0.000000
13 671.194824 -2219.331054 -577.000000 0.000000 -179.000000 0.000000 0.000000 0.000000 1.000000 0.000000 -179.000000 1.000000 2 0 0.000000
13 676.836059 -2147.938720 -577.000000 0.000000 176.000000 0.000000 0.000000 0.000000 1.000000 0.000000 176.000000 1.000000 2 0 0.000000
9 691.818664 -2215.523437 -586.000000 0.000000 -179.000000 0.000000 0.000000 0.000000 1.000000 0.000000 -179.000000 1.000000 4 0 0.000000
9 589.392211 -1087.917236 -874.875000 0.000000 34.000000 0.000000 0.000000 0.000000 1.000000 0.000000 34.000000 1.000000 4 0 0.000000
16 -546.119567 -2337.151855 -255.782363 0.000000 -138.000000 0.000000 0.000000 -0.716725 0.697355 0.000000 -138.000000 1.000000 0 0 0.000000
14 -886.471130 -2029.158325 -174.474822 0.000000 -176.000000 0.000000 0.000000 0.000000 1.000000 0.000000 -176.000000 1.000000 1 0 0.000000
14 541.722229 -2170.593994 -583.000000 0.000000 90.000000 0.000000 0.000000 0.000000 1.000000 0.000000 90.000000 1.000000 1 0 0.000000
13 97.375366 -873.117248 5.124999 0.000000 -90.000000 0.000000 0.000000 0.000000 1.000000 0.000000 -90.000000 1.000000 2 0 0.000000
16 -352.628082 -943.965698 79.125015 0.000000 10.000000 0.000000 0.000000 0.000000 1.000000 0.000000 10.000000 1.000000 2 0 0.000000
13 20.599288 -873.072509 5.124999 0.000000 -90.000000 0.000000 0.000000 0.000000 1.000000 0.000000 -90.000000 1.000000 2 0 0.000000
13 -56.358154 -873.004333 5.124999 0.000000 -90.000000 0.000000 0.000000 0.000000 1.000000 0.000000 -90.000000 1.000000 2 0 0.000000
13 -152.139083 -872.903869 5.124999 0.000000 -90.000000 0.000000 0.000000 0.000000 1.000000 0.000000 -90.000000 1.000000 2 0 0.000000
14 -69.182266 -956.353149 112.125000 0.000000 -90.000000 0.000000 0.000000 0.000000 1.000000 0.000000 -90.000000 1.000000 1 0 0.000000
14 34.575500 -903.905822 -224.875000 0.000000 -158.000000 0.000000 0.000000 0.000000 1.000000 0.000000 -158.000000 1.000000 1 0 0.000000
16 140.108489 -728.366516 -105.165702 0.000000 171.000000 0.000000 0.000000 -0.281067 0.959687 0.000000 171.000000 1.000000 2 0 0.000000
16 142.864212 -792.438537 -123.930725 0.000000 -177.000000 0.000000 0.000000 -0.281067 0.959687 0.000000 -177.000000 1.000000 2 0 0.000000
16 20.749704 -760.473083 -216.875000 0.000000 135.000000 0.000000 0.000000 0.000000 1.000000 0.000000 135.000000 1.000000 0 0 0.000000
16 142.864212 -792.438537 -83.805725 0.000000 -177.000000 0.000000 0.000000 0.000000 1.000000 0.000000 -177.000000 1.000000 2 0 0.000000
13 109.470848 -981.315124 -210.506698 0.000000 91.000000 0.000000 0.000000 0.036993 0.999315 0.000000 91.000000 1.000000 2 0 0.000000
13 46.999656 -1042.815307 -106.750000 0.000000 92.000000 0.000000 0.000000 0.000000 1.000000 0.000000 92.000000 1.000000 0 0 0.000000
13 115.423706 -1024.850341 -150.381698 0.000000 91.000000 0.000000 0.000000 0.000000 1.000000 0.000000 91.000000 1.000000 0 0 0.000000
13 112.799400 -1030.909912 -90.256698 0.000000 90.000000 0.000000 0.000000 0.000000 1.000000 0.000000 90.000000 1.000000 0 0 0.000000
6 419.363861 -2155.448974 -246.875000 0.000000 -91.000000 0.000000 0.000000 0.000000 1.000000 0.000000 -91.000000 1.000000 2 0 0.000000
16 138.859832 -833.863647 -136.063064 0.000000 179.000000 0.000000 0.000000 -0.281067 0.959687 0.000000 179.000000 1.000000 2 0 0.000000
16 146.601867 -761.420227 -114.846275 0.000000 176.000000 0.000000 0.000000 -0.281067 0.959687 0.000000 176.000000 1.000000 2 0 0.000000
16 137.723876 -875.120300 -148.146057 0.000000 177.000000 0.000000 0.000000 -0.281067 0.959687 0.000000 177.000000 1.000000 2 0 0.000000
16 139.488388 -924.985290 -162.750213 0.000000 -177.000000 0.000000 0.000000 -0.281067 0.959687 0.000000 -177.000000 1.000000 2 0 0.000000
13 387.669830 -1861.370971 -242.875000 0.000000 74.000000 0.000000 0.000000 0.000000 1.000000 0.000000 74.000000 1.000000 2 0 0.000000
13 471.876159 -1891.903320 -242.875000 0.000000 79.000000 0.000000 0.000000 0.000000 1.000000 0.000000 79.000000 1.000000 2 0 0.000000
13 564.117309 -1971.041381 -242.875000 0.000000 29.000000 0.000000 0.000000 0.000000 1.000000 0.000000 29.000000 1.000000 2 0 0.000000
13 637.609558 -2048.318603 -242.875000 0.000000 33.000000 0.000000 0.000000 0.000000 1.000000 0.000000 33.000000 1.000000 0 0 0.000000
13 685.243652 -2130.852539 -242.875000 0.000000 9.000000 0.000000 0.000000 0.000000 1.000000 0.000000 9.000000 1.000000 0 0 0.000000
4 594.556640 -2231.471923 -240.875000 0.000000 -101.000000 0.000000 0.000000 0.000000 1.000000 0.000000 -101.000000 1.000000 2 0 0.000000
13 283.722473 -1347.370239 -226.875000 0.000000 90.000000 0.000000 0.000000 0.000000 1.000000 0.000000 90.000000 1.000000 2 0 0.000000
13 206.141281 -1349.526245 -226.875000 0.000000 90.000000 0.000000 0.000000 0.000000 1.000000 0.000000 90.000000 1.000000 2 0 0.000000
13 125.526954 -1349.878906 -226.875000 0.000000 90.000000 0.000000 0.000000 0.000000 1.000000 0.000000 90.000000 1.000000 2 0 0.000000
13 38.046070 -1350.235595 -226.875000 0.000000 90.000000 0.000000 0.000000 0.000000 1.000000 0.000000 90.000000 1.000000 2 0 0.000000
13 40.792514 -1619.470214 -257.960388 0.000000 -96.000000 0.000000 -0.064328 -0.000820 0.997928 0.000000 -96.000000 1.000000 2 0 0.000000
9 -596.617858 -2311.588134 -249.208282 0.000000 -78.000000 0.000000 0.000000 0.000000 1.000000 0.000000 -78.000000 1.000000 0 0 0.000000
15 -885.164550 -1894.831420 -202.960754 0.000000 -162.000000 0.000000 0.000000 -0.330840 0.943686 0.000000 -162.000000 1.000000 2 0 0.000000
15 -880.118469 -2200.119140 -239.750000 0.000000 126.000000 0.000000 0.000000 0.000000 1.000000 0.000000 126.000000 1.000000 2 0 0.000000
10 -595.311645 -2113.242919 -281.875000 0.000000 83.000000 0.000000 0.000000 0.000000 1.000000 0.000000 83.000000 1.000000 2 0 0.000000
15 -790.960083 -2238.466308 -239.750000 0.000000 76.000000 0.000000 0.000000 0.000000 1.000000 0.000000 76.000000 1.000000 2 0 0.000000
14 -660.784545 -1663.577270 -278.876159 0.000000 155.000000 0.000000 0.000000 0.000000 1.000000 0.000000 155.000000 1.000000 1 0 0.000000
15 -478.295318 -1721.654907 -403.845581 0.000000 95.000000 0.000000 0.000000 0.330841 0.943686 0.000000 95.000000 1.000000 2 0 0.000000
15 -537.500061 -1736.635253 -398.593688 0.000000 85.000000 0.000000 0.000000 0.330841 0.943686 0.000000 85.000000 1.000000 2 0 0.000000
14 -421.223083 -1441.106201 -332.135070 0.000000 31.000000 0.000000 -0.160308 0.006957 0.987042 0.000000 31.000000 1.000000 1 0 0.000000
13 538.195007 -1675.635253 -712.082763 0.000000 91.000000 0.000000 0.000000 0.330841 0.943686 0.000000 91.000000 1.000000 2 0 0.000000
13 463.107391 -1675.728393 -712.050109 0.000000 91.000000 0.000000 0.000000 0.330841 0.943686 0.000000 91.000000 1.000000 2 0 0.000000
13 613.391662 -1675.534423 -712.118103 0.000000 91.000000 0.000000 0.000000 0.330841 0.943686 0.000000 91.000000 1.000000 2 0 0.000000
15 -842.427734 -1662.190185 -121.400573 0.000000 -161.000000 0.000000 0.000000 -0.330840 0.943686 0.000000 -161.000000 1.000000 0 0 0.000000
15 -749.461914 -2323.441406 -239.875000 0.000000 -174.000000 0.000000 0.000000 0.000000 1.000000 0.000000 -174.000000 1.000000 2 0 0.000000
16 -780.307373 -2340.085205 -287.875000 0.000000 -142.000000 0.000000 0.000000 0.000000 1.000000 0.000000 -142.000000 1.000000 0 0 0.000000
11 -813.368469 -2316.220947 -214.750000 0.000000 -33.000000 0.000000 0.000000 0.000000 1.000000 0.000000 -33.000000 1.000000 2 0 0.000000
16 -928.245483 -2233.518066 -287.875000 0.000000 134.000000 0.000000 0.000000 0.000000 1.000000 0.000000 134.000000 1.000000 0 0 0.000000
16 -881.954711 -2273.702392 -239.750000 0.000000 133.000000 0.000000 0.000000 0.000000 1.000000 0.000000 133.000000 1.000000 0 0 0.000000
9 -831.568664 -2312.551269 -210.625000 0.000000 -44.000000 0.000000 0.000000 0.000000 1.000000 0.000000 -44.000000 1.000000 1 0 0.000000
15 -879.706115 -1377.995605 -21.766647 0.000000 -92.000000 0.000000 0.000000 -0.330840 0.943686 0.000000 -92.000000 1.000000 2 0 0.000000
15 -728.746459 -1496.505004 -63.314086 0.000000 -93.000000 0.000000 0.000000 -0.330840 0.943686 0.000000 -93.000000 1.000000 0 0 0.000000
15 -818.782226 -1462.860351 -51.518825 0.000000 -94.000000 0.000000 0.000000 -0.330840 0.943686 0.000000 -94.000000 1.000000 2 0 0.000000
9 -824.507873 -1135.645019 -3.875000 0.000000 -92.000000 0.000000 0.000000 0.000000 1.000000 0.000000 -92.000000 1.000000 1 0 0.000000
15 -734.439514 -996.501647 7.124998 0.000000 -90.000000 0.000000 0.000000 0.000000 1.000000 0.000000 -90.000000 1.000000 2 0 0.000000
14 -917.386047 -1194.575195 137.124252 0.000000 178.000000 0.000000 0.000000 0.000000 1.000000 0.000000 178.000000 1.000000 1 0 0.000000
15 -817.670654 -930.550659 7.125000 0.000000 -90.000000 0.000000 0.000000 0.000000 1.000000 0.000000 -90.000000 1.000000 2 0 0.000000
13 -897.810974 -866.420288 13.125000 0.000000 -91.000000 0.000000 0.000000 0.000000 1.000000 0.000000 -91.000000 1.000000 2 0 0.000000
11 1146.938354 -1752.679199 -207.875000 0.000000 92.000000 0.000000 0.000000 0.000000 1.000000 0.000000 92.000000 1.000000 2 0 0.000000
11 944.212097 -2591.367187 -187.875000 0.000000 -176.000000 0.000000 0.000000 0.000000 1.000000 0.000000 -176.000000 1.000000 2 0 0.000000
11 943.895324 -2527.895019 -187.875000 0.000000 -176.000000 0.000000 0.000000 0.000000 1.000000 0.000000 -176.000000 1.000000 2 0 0.000000
11 942.332702 -2470.643066 -187.875000 0.000000 -176.000000 0.000000 0.000000 0.000000 1.000000 0.000000 -176.000000 1.000000 2 0 0.000000
11 939.029663 -2406.336669 -187.875000 0.000000 -176.000000 0.000000 0.000000 0.000000 1.000000 0.000000 -176.000000 1.000000 2 0 0.000000
11 935.597229 -2338.949707 -187.875000 0.000000 -176.000000 0.000000 0.000000 0.000000 1.000000 0.000000 -176.000000 1.000000 2 0 0.000000
14 839.486633 -2461.892578 -224.875000 0.000000 84.000000 0.000000 0.000000 0.000000 1.000000 0.000000 84.000000 1.000000 1 0 0.000000
12 1124.000000 -2347.540039 -162.750000 0.000000 1.000000 0.000000 0.000000 0.000000 1.000000 0.000000 1.000000 1.000000 2 0 0.000000
16 981.882507 -2196.734375 -239.190673 0.000000 -91.000000 0.000000 0.000000 0.316227 0.948683 0.000000 -91.000000 1.000000 2 0 0.000000
15 -877.432312 -720.344665 111.249992 0.000000 158.000000 0.000000 0.000000 0.000000 1.000000 0.000000 158.000000 1.000000 2 0 0.000000
14 -888.634033 -781.754882 7.125000 0.000000 179.000000 0.000000 0.000000 0.000000 1.000000 0.000000 179.000000 1.000000 1 0 0.000000
13 -538.895507 -666.599853 13.125000 0.000000 -1.000000 0.000000 0.000000 0.000000 1.000000 0.000000 -1.000000 1.000000 0 0 0.000000
13 -538.895507 -666.599853 13.124999 0.000000 -1.000000 0.000000 0.000000 0.000000 1.000000 0.000000 -1.000000 1.000000 2 0 0.000000
13 -539.005676 -746.126342 13.125000 0.000000 -1.000000 0.000000 0.000000 0.000000 1.000000 0.000000 -1.000000 1.000000 2 0 0.000000
13 -553.765991 -809.593017 13.125000 0.000000 -1.000000 0.000000 0.000000 0.000000 1.000000 0.000000 -1.000000 1.000000 2 0 0.000000
15 -735.887573 -617.929016 15.124998 0.000000 -10.000000 0.000000 0.000000 0.000000 1.000000 0.000000 -10.000000 1.000000 2 0 0.000000
13 -238.520202 -601.375610 5.125000 0.000000 86.000000 0.000000 0.000000 0.000000 1.000000 0.000000 86.000000 1.000000 2 0 0.000000
13 120.423233 -1615.716796 -252.824111 0.000000 -93.000000 0.000000 -0.064328 -0.000820 0.997928 0.000000 -93.000000 1.000000 2 0 0.000000
13 206.489761 -1620.315917 -247.279846 0.000000 -93.000000 0.000000 -0.064328 -0.000820 0.997928 0.000000 -93.000000 1.000000 2 0 0.000000
13 282.856384 -1615.587280 -242.353195 0.000000 -91.000000 0.000000 -0.064328 -0.000820 0.997928 0.000000 -91.000000 1.000000 2 0 0.000000
14 48.097751 -1505.936401 -263.396087 0.000000 157.000000 0.000000 -0.064328 -0.000820 0.997928 0.000000 157.000000 1.000000 1 0 0.000000
16 308.005157 -1413.811401 -239.871810 0.000000 12.000000 0.000000 -0.064328 -0.000820 0.997928 0.000000 12.000000 1.000000 2 0 0.000000
16 -603.819152 -1181.588745 95.125000 0.000000 -88.000000 0.000000 0.000000 0.000000 1.000000 0.000000 -88.000000 1.000000 0 0 0.000000
13 -411.410156 -1470.746582 -82.875000 0.000000 179.000000 0.000000 0.000000 0.000000 1.000000 0.000000 179.000000 1.000000 2 0 0.000000
15 1003.551452 -1587.358886 -288.875000 0.000000 85.000000 0.000000 0.000000 0.000000 1.000000 0.000000 85.000000 1.000000 2 0 0.000000
15 1111.333740 -1608.269409 -288.875000 0.000000 88.000000 0.000000 0.000000 0.000000 1.000000 0.000000 88.000000 1.000000 2 0 0.000000
16 1096.085815 -2192.311279 -240.665054 0.000000 -91.000000 0.000000 0.000000 0.316227 0.948683 0.000000 -91.000000 1.000000 2 0 0.000000
13 388.067687 -1532.264648 -242.875000 0.000000 94.000000 0.000000 0.000000 0.000000 1.000000 0.000000 94.000000 1.000000 2 0 0.000000
13 520.681152 -1674.433959 -242.875000 0.000000 89.000000 0.000000 0.000000 0.000000 1.000000 0.000000 89.000000 1.000000 2 0 0.000000
13 610.486206 -1673.748046 -205.552963 0.000000 89.000000 0.000000 0.000000 0.000000 1.000000 0.000000 89.000000 1.000000 2 0 0.000000
13 678.205322 -1685.685180 -186.875000 0.000000 90.000000 0.000000 0.000000 0.000000 1.000000 0.000000 90.000000 1.000000 2 0 0.000000
13 475.326629 -1580.713745 -242.875000 0.000000 42.000000 0.000000 0.000000 0.000000 1.000000 0.000000 42.000000 1.000000 2 0 0.000000
16 1020.803161 -2238.560791 -225.248550 0.000000 -118.000000 0.000000 0.000000 0.316227 0.948683 0.000000 -118.000000 1.000000 2 0 0.000000
13 1058.128417 -2452.622558 -134.687500 0.000000 142.000000 0.000000 0.000000 0.000000 1.000000 0.000000 142.000000 1.000000 2 0 0.000000
14 1145.676147 -2575.982910 -224.875000 0.000000 -11.000000 0.000000 0.000000 0.000000 1.000000 0.000000 -11.000000 1.000000 1 0 0.000000
16 123.024253 -1687.134765 95.125000 0.000000 -118.000000 0.000000 0.000000 0.000000 1.000000 0.000000 -118.000000 1.000000 2 0 0.000000
13 49.007137 -1601.608032 21.125000 0.000000 -176.000000 0.000000 0.000000 0.000000 1.000000 0.000000 -176.000000 1.000000 2 0 0.000000
16 -409.995483 -1363.435913 95.125000 0.000000 0.000000 0.000000 0.000000 0.000000 1.000000 0.000000 0.000000 1.000000 2 0 0.000000
13 -19.144208 -1430.221801 21.125001 0.000000 91.000000 0.000000 0.000000 0.000000 1.000000 0.000000 91.000000 1.000000 2 0 0.000000
13 -23.244178 -1505.130126 21.125000 0.000000 -176.000000 0.000000 0.000000 0.000000 1.000000 0.000000 -176.000000 1.000000 0 0 0.000000
13 1249.450561 -2081.837158 -560.625427 0.000000 -90.000000 0.000000 0.000000 -0.330840 0.943686 0.000000 -90.000000 1.000000 2 0 0.000000
13 1330.180786 -2081.853027 -560.630981 0.000000 -90.000000 0.000000 0.000000 -0.330840 0.943686 0.000000 -90.000000 1.000000 2 0 0.000000
13 1401.740478 -2081.869384 -560.636718 0.000000 -90.000000 0.000000 0.000000 -0.330840 0.943686 0.000000 -90.000000 1.000000 2 0 0.000000
13 458.894317 -1475.526000 21.125000 0.000000 -3.000000 0.000000 0.000000 0.000000 1.000000 0.000000 -3.000000 1.000000 2 0 0.000000
13 441.180084 -1381.921997 21.125000 0.000000 0.000000 0.000000 0.000000 0.000000 1.000000 0.000000 0.000000 1.000000 2 0 0.000000
13 391.023406 -1563.752075 21.125000 0.000000 -25.000000 0.000000 0.000000 0.000000 1.000000 0.000000 -25.000000 1.000000 2 0 0.000000
13 354.307464 -1663.723266 21.125000 0.000000 -18.000000 0.000000 0.000000 0.000000 1.000000 0.000000 -18.000000 1.000000 2 0 0.000000
13 305.026947 -1767.062133 21.125000 0.000000 -62.000000 0.000000 0.000000 0.000000 1.000000 0.000000 -62.000000 1.000000 2 0 0.000000
14 491.569824 -2611.466308 15.125000 0.000000 168.000000 0.000000 0.000000 0.000000 1.000000 0.000000 168.000000 1.000000 1 0 0.000000
13 -152.159957 -2143.546142 -214.665069 0.000000 -14.000000 0.000000 0.000000 0.000000 1.000000 0.000000 -14.000000 1.000000 2 0 0.000000
14 159.164413 -2263.921875 -117.149368 0.000000 21.000000 0.000000 0.000000 0.000000 1.000000 0.000000 21.000000 1.000000 1 0 0.000000
16 -130.122085 -1342.635009 -56.875000 0.000000 87.000000 0.000000 0.000000 0.000000 1.000000 0.000000 87.000000 1.000000 2 0 0.000000
14 989.500854 -1396.189208 31.125000 0.000000 -177.000000 0.000000 0.000000 0.000000 1.000000 0.000000 -177.000000 1.000000 2 0 0.000000
15 2097.482910 -1170.834960 -48.875000 0.000000 173.000000 0.000000 0.000000 0.000000 1.000000 0.000000 173.000000 1.000000 2 0 0.000000
15 1996.439331 -1276.543334 -37.378002 0.000000 -175.000000 0.000000 0.311344 0.116092 0.943179 0.000000 -175.000000 1.000000 2 0 0.000000
15 2261.108154 -1089.571289 -91.043922 0.000000 98.000000 0.000000 0.281067 0.000000 0.959687 0.000000 98.000000 1.000000 0 0 0.000000
15 2118.062255 -1086.244018 -51.750000 0.000000 -23.000000 0.000000 0.000000 0.000000 1.000000 0.000000 -23.000000 1.000000 2 0 0.000000
15 2191.204345 -998.664367 -48.875000 0.000000 -86.000000 0.000000 0.000000 0.000000 1.000000 0.000000 -86.000000 1.000000 2 0 0.000000
16 2133.401855 -1286.276977 -139.360412 0.000000 2.000000 0.000000 -0.281067 0.000000 0.959687 0.000000 2.000000 1.000000 0 0 0.000000
13 2063.151855 -568.828308 -50.875000 0.000000 -91.000000 0.000000 0.000000 0.000000 1.000000 0.000000 -91.000000 1.000000 2 0 0.000000
16 1952.955932 -874.090393 -52.875000 0.000000 173.000000 0.000000 0.000000 0.000000 1.000000 0.000000 173.000000 1.000000 2 0 0.000000
13 1992.900146 -568.716979 -50.875000 0.000000 -91.000000 0.000000 0.000000 0.000000 1.000000 0.000000 -91.000000 1.000000 2 0 0.000000
15 1914.959350 -1208.014160 -56.875000 0.000000 -98.000000 0.000000 0.000000 0.000000 1.000000 0.000000 -98.000000 1.000000 2 0 0.000000
15 1889.490234 -1090.780883 -56.875000 0.000000 -128.000000 0.000000 0.000000 0.000000 1.000000 0.000000 -128.000000 1.000000 2 0 0.000000
15 1899.444946 -970.211364 -56.875000 0.000000 161.000000 0.000000 0.000000 0.000000 1.000000 0.000000 161.000000 1.000000 2 0 0.000000
15 2299.617187 -901.081420 -56.875000 0.000000 -3.000000 0.000000 0.000000 0.000000 1.000000 0.000000 -3.000000 1.000000 2 0 0.000000
13 2281.507568 -717.492736 -58.875000 0.000000 -17.000000 0.000000 0.000000 0.000000 1.000000 0.000000 -17.000000 1.000000 2 0 0.000000
13 1870.992797 -705.320495 -58.875000 0.000000 -178.000000 0.000000 0.000000 0.000000 1.000000 0.000000 -178.000000 1.000000 2 0 0.000000
12 2274.395507 -602.239257 -26.486268 0.000000 -179.000000 0.000000 -0.359028 0.000000 0.933326 0.000000 -179.000000 1.000000 1 0 0.000000
10 1245.222290 -435.947235 -187.604370 0.000000 -6.000000 0.000000 -0.209377 0.000000 0.977834 0.000000 -6.000000 1.000000 2 0 0.000000
9 993.977233 -523.203125 -110.900543 0.000000 -117.000000 0.000000 0.516964 0.000000 0.856006 0.000000 -117.000000 1.000000 2 0 0.000000
9 1140.196289 -460.667297 -126.274902 0.000000 -166.000000 0.000000 0.000000 0.000000 1.000000 0.000000 -166.000000 1.000000 2 0 0.000000
16 1873.133300 -489.824401 -60.295135 0.000000 -42.000000 0.000000 -0.209377 0.000000 0.977834 0.000000 -42.000000 1.000000 2 0 0.000000
10 1592.963500 -401.496002 -113.144821 0.000000 -1.000000 0.000000 -0.209377 0.000000 0.977834 0.000000 -1.000000 1.000000 2 0 0.000000
10 2032.832153 -397.996459 34.366081 0.000000 10.000000 0.000000 -0.539522 -0.188832 0.820523 0.000000 10.000000 1.000000 0 0 0.000000
14 1810.841430 -1140.173217 7.124986 0.000000 136.000000 0.000000 0.000000 0.000000 1.000000 0.000000 136.000000 1.000000 1 0 0.000000
13 2402.229492 -2161.223144 -185.875000 0.000000 177.000000 0.000000 0.000000 0.000000 1.000000 0.000000 177.000000 1.000000 2 0 0.000000
13 1835.033325 -2480.645263 -274.875000 0.000000 -87.000000 0.000000 0.000000 0.000000 1.000000 0.000000 -87.000000 1.000000 2 0 0.000000
9 2036.645385 -2068.201904 56.125000 0.000000 67.000000 0.000000 0.000000 0.000000 1.000000 0.000000 67.000000 1.000000 3 0 0.000000
14 1937.312377 -2223.085449 -408.875000 0.000000 92.000000 0.000000 0.000000 0.000000 1.000000 0.000000 92.000000 1.000000 1 0 0.000000
15 1937.609497 -1853.614379 -584.875000 0.000000 90.000000 0.000000 0.000000 0.000000 1.000000 0.000000 90.000000 1.000000 2 0 0.000000
9 1934.959350 -1768.653320 -635.875000 0.000000 90.000000 0.000000 0.000000 0.000000 1.000000 0.000000 90.000000 1.000000 3 0 0.000000
6 2167.606689 -2073.010253 -213.875000 0.000000 0.000000 0.000000 0.000000 0.000000 1.000000 0.000000 0.000000 1.000000 2 0 0.000000
16 1933.561035 -2272.392089 -384.875000 0.000000 -89.000000 0.000000 0.000000 0.000000 1.000000 0.000000 -89.000000 1.000000 2 0 0.000000
15 1072.566650 -1613.949951 -696.875000 0.000000 161.000000 0.000000 0.000000 0.000000 1.000000 0.000000 161.000000 1.000000 2 0 0.000000
11 1050.963989 -1554.938354 -671.875000 0.000000 55.000000 0.000000 0.000000 0.000000 1.000000 0.000000 55.000000 1.000000 2 0 0.000000
10 1022.921386 -1498.519165 -771.875000 0.000000 -134.000000 0.000000 0.000000 0.000000 1.000000 0.000000 -134.000000 1.000000 2 0 0.000000
14 1477.661499 -1291.083251 -784.875000 0.000000 126.000000 0.000000 0.000000 0.000000 1.000000 0.000000 126.000000 1.000000 1 0 0.000000
6 747.248840 -1908.071899 -534.875000 0.000000 -98.000000 0.000000 0.000000 0.000000 1.000000 0.000000 -98.000000 1.000000 2 0 0.000000
12 1018.027038 -1885.155151 -578.875000 0.000000 0.000000 0.000000 0.000000 0.000000 1.000000 0.000000 0.000000 1.000000 1 0 0.000000
13 931.969665 -2035.317016 -578.875000 0.000000 90.000000 0.000000 0.000000 0.000000 1.000000 0.000000 90.000000 1.000000 2 0 0.000000
13 854.639160 -2035.380859 -578.875000 0.000000 90.000000 0.000000 0.000000 0.000000 1.000000 0.000000 90.000000 1.000000 2 0 0.000000
13 1932.985229 -1683.093505 -674.875000 0.000000 91.000000 0.000000 0.000000 0.000000 1.000000 0.000000 91.000000 1.000000 2 0 0.000000
10 1022.699645 -1802.115844 -515.875000 0.000000 84.000000 0.000000 0.000000 0.000000 1.000000 0.000000 84.000000 1.000000 2 0 0.000000
14 904.110961 -1879.192871 -584.875000 0.000000 -11.000000 0.000000 0.000000 0.000000 1.000000 0.000000 -11.000000 1.000000 0 0 0.000000
14 1973.793823 -1113.281616 -288.875000 0.000000 7.000000 0.000000 0.000000 0.000000 1.000000 0.000000 7.000000 1.000000 1 0 0.000000
13 1772.996826 -1150.536499 -282.875000 0.000000 178.000000 0.000000 0.000000 0.000000 1.000000 0.000000 178.000000 1.000000 2 0 0.000000
13 1787.280273 -1082.970092 -282.875000 0.000000 178.000000 0.000000 0.000000 0.000000 1.000000 0.000000 178.000000 1.000000 2 0 0.000000
16 -81.930931 -1679.500488 -226.491271 0.000000 1.000000 0.000000 0.000000 0.000000 1.000000 0.000000 1.000000 1.000000 2 1 0.000000
13 1493.551025 -2470.246826 -74.875000 0.000000 -131.000000 0.000000 0.000000 0.000000 1.000000 0.000000 -131.000000 1.000000 2 1 0.000000
13 671.218017 -2293.239501 -474.875000 0.000000 -179.000000 0.000000 0.000000 0.000000 1.000000 0.000000 -179.000000 1.000000 2 1 0.000000
13 671.194824 -2219.331054 -516.875000 0.000000 -179.000000 0.000000 0.000000 0.000000 1.000000 0.000000 -179.000000 1.000000 2 1 0.000000
13 676.836059 -2147.938720 -516.875000 0.000000 176.000000 0.000000 0.000000 0.000000 1.000000 0.000000 176.000000 1.000000 2 1 0.000000
16 -352.628082 -943.965698 119.250015 0.000000 10.000000 0.000000 0.000000 0.000000 1.000000 0.000000 10.000000 1.000000 2 1 0.000000
16 140.108489 -728.366455 -65.040702 0.000000 171.000000 0.000000 0.000000 0.000000 1.000000 0.000000 171.000000 1.000000 2 1 0.000000
16 142.864212 -792.438537 -83.805725 0.000000 -177.000000 0.000000 0.000000 0.000000 1.000000 0.000000 -177.000000 1.000000 2 1 0.000000
16 47.000637 -1051.971191 -44.625000 0.000000 88.000000 0.000000 0.000000 0.000000 1.000000 0.000000 88.000000 1.000000 2 1 0.000000
16 138.859832 -833.863647 -95.938064 0.000000 179.000000 0.000000 0.000000 0.000000 1.000000 0.000000 179.000000 1.000000 2 1 0.000000
16 146.601867 -761.420227 -74.721275 0.000000 176.000000 0.000000 0.000000 0.000000 1.000000 0.000000 176.000000 1.000000 2 1 0.000000
16 137.723876 -875.120300 -108.021057 0.000000 177.000000 0.000000 0.000000 0.000000 1.000000 0.000000 177.000000 1.000000 2 1 0.000000
16 139.488388 -924.985290 -122.625213 0.000000 -177.000000 0.000000 0.000000 0.000000 1.000000 0.000000 -177.000000 1.000000 2 1 0.000000
16 127.047668 -963.118957 -148.381698 0.000000 176.000000 0.000000 0.000000 0.000000 1.000000 0.000000 176.000000 1.000000 0 1 0.000000
13 40.792514 -1619.470214 -197.835388 0.000000 -96.000000 0.000000 0.000000 0.000000 1.000000 0.000000 -96.000000 1.000000 2 1 0.000000
13 120.423294 -1615.716796 -192.699111 0.000000 -93.000000 0.000000 0.000000 0.000000 1.000000 0.000000 -93.000000 1.000000 2 1 0.000000
13 -820.910278 -983.157348 115.250000 0.000000 168.000000 0.000000 0.000000 0.000000 1.000000 0.000000 168.000000 1.000000 2 1 0.000000
13 -539.005676 -746.126342 73.250000 0.000000 -1.000000 0.000000 0.000000 0.000000 1.000000 0.000000 -1.000000 1.000000 2 1 0.000000
13 -553.765991 -809.593017 73.250000 0.000000 -1.000000 0.000000 0.000000 0.000000 1.000000 0.000000 -1.000000 1.000000 2 1 0.000000
15 -735.887573 -617.929016 125.250000 0.000000 -10.000000 0.000000 0.000000 0.000000 1.000000 0.000000 -10.000000 1.000000 2 1 0.000000
13 206.489761 -1620.315917 -187.154846 0.000000 -93.000000 0.000000 0.000000 0.000000 1.000000 0.000000 -93.000000 1.000000 2 1 0.000000
13 282.856384 -1615.587280 -182.228195 0.000000 -91.000000 0.000000 0.000000 0.000000 1.000000 0.000000 -91.000000 1.000000 2 1 0.000000
13 121.485237 -1581.861328 -132.574111 0.000000 164.000000 0.000000 0.000000 0.000000 1.000000 0.000000 164.000000 1.000000 2 1 0.000000
13 394.103698 -1850.056396 -182.750000 0.000000 161.000000 0.000000 0.000000 0.000000 1.000000 0.000000 161.000000 1.000000 2 1 0.000000
13 475.947082 -1867.703491 -182.750000 0.000000 147.000000 0.000000 0.000000 0.000000 1.000000 0.000000 147.000000 1.000000 2 1 0.000000
13 558.531616 -1922.171020 -182.750000 0.000000 -137.000000 0.000000 0.000000 0.000000 1.000000 0.000000 -137.000000 1.000000 2 1 0.000000
15 278.763732 -1692.639526 83.250000 0.000000 -153.000000 0.000000 0.000000 0.000000 1.000000 0.000000 -153.000000 1.000000 2 1 0.000000
15 302.724029 -1594.926513 83.250000 0.000000 -175.000000 0.000000 0.000000 0.000000 1.000000 0.000000 -175.000000 1.000000 2 1 0.000000
15 334.511718 -1499.664428 83.250000 0.000000 -174.000000 0.000000 0.000000 0.000000 1.000000 0.000000 -174.000000 1.000000 2 1 0.000000
15 274.801361 -1785.541137 83.250000 0.000000 156.000000 0.000000 0.000000 0.000000 1.000000 0.000000 156.000000 1.000000 2 1 0.000000
14 989.500854 -1396.189208 42.250000 0.000000 -177.000000 0.000000 0.000000 0.000000 1.000000 0.000000 -177.000000 1.000000 2 1 0.000000
13 2063.151855 -568.828308 9.250000 0.000000 -91.000000 0.000000 0.000000 0.000000 1.000000 0.000000 -91.000000 1.000000 2 1 0.000000
13 1992.900146 -568.716979 9.250000 0.000000 -91.000000 0.000000 0.000000 0.000000 1.000000 0.000000 -91.000000 1.000000 1 1 0.000000
13 2281.507568 -717.492736 1.250000 0.000000 -17.000000 0.000000 0.000000 0.000000 1.000000 0.000000 -17.000000 1.000000 2 1 0.000000
13 1870.992797 -705.320495 1.249998 0.000000 -178.000000 0.000000 0.000000 0.000000 1.000000 0.000000 -178.000000 1.000000 2 1 0.000000
15 1897.528930 -1116.909423 53.250000 0.000000 -105.000000 0.000000 0.000000 0.000000 1.000000 0.000000 -105.000000 1.000000 2 1 0.000000
10 986.784423 -1491.109130 -731.750000 0.000000 -117.000000 0.000000 0.000000 0.000000 1.000000 0.000000 -117.000000 1.000000 2 1 0.000000
13 931.969665 -2035.317016 -518.750000 0.000000 90.000000 0.000000 0.000000 0.000000 1.000000 0.000000 90.000000 1.000000 2 1 0.000000
13 854.639160 -2035.380859 -518.750000 0.000000 90.000000 0.000000 0.000000 0.000000 1.000000 0.000000 90.000000 1.000000 2 1 0.000000
16 -81.930931 -1679.500488 -186.366271 0.000000 1.000000 0.000000 0.000000 0.000000 1.000000 0.000000 1.000000 1.000000 2 2 0.000000
16 138.859832 -833.863647 -55.813064 0.000000 179.000000 0.000000 0.000000 0.000000 1.000000 0.000000 179.000000 1.000000 2 2 0.000000
16 146.601867 -761.420227 -34.596275 0.000000 176.000000 0.000000 0.000000 0.000000 1.000000 0.000000 176.000000 1.000000 2 2 0.000000
16 137.723876 -875.120300 -67.896057 0.000000 177.000000 0.000000 0.000000 0.000000 1.000000 0.000000 177.000000 1.000000 2 2 0.000000
16 139.488388 -924.985290 -82.500213 0.000000 -177.000000 0.000000 0.000000 0.000000 1.000000 0.000000 -177.000000 1.000000 2 2 0.000000
16 127.047668 -963.118957 -108.256698 0.000000 176.000000 0.000000 0.000000 0.000000 1.000000 0.000000 176.000000 1.000000 2 2 0.000000
13 39.232116 -1603.485229 -137.710388 0.000000 -88.000000 0.000000 0.000000 0.000000 1.000000 0.000000 -88.000000 1.000000 2 2 0.000000
13 203.095092 -1592.848632 -127.029846 0.000000 -89.000000 0.000000 0.000000 0.000000 1.000000 0.000000 -89.000000 1.000000 2 2 0.000000
16 1964.349365 -591.088684 71.375000 0.000000 175.000000 0.000000 0.000000 0.000000 1.000000 0.000000 175.000000 1.000000 2 2 0.000000
15 1914.959350 -1208.014160 53.250000 0.000000 -98.000000 0.000000 0.000000 0.000000 1.000000 0.000000 -98.000000 1.000000 2 2 0.000000
15 1871.247680 -886.119140 -11.070955 0.000000 173.000000 0.000000 0.707106 0.000000 0.707106 0.000000 173.000000 1.000000 2 2 0.000000
13 2281.507568 -717.492736 61.375000 0.000000 -17.000000 0.000000 0.000000 0.000000 1.000000 0.000000 -17.000000 1.000000 2 2 0.000000
13 1870.992797 -705.320495 61.375000 0.000000 -178.000000 0.000000 0.000000 0.000000 1.000000 0.000000 -178.000000 1.000000 2 2 0.000000
16 -81.930931 -1679.500488 -146.241271 0.000000 1.000000 0.000000 0.000000 0.000000 1.000000 0.000000 1.000000 1.000000 2 3 0.000000
16 127.047668 -963.118957 -68.131698 0.000000 176.000000 0.000000 0.000000 0.000000 1.000000 0.000000 176.000000 1.000000 2 3 0.000000
13 -83.378013 -1664.384765 -108.116271 0.000000 9.000000 0.000000 0.000000 0.000000 1.000000 0.000000 9.000000 1.000000 2 4 0.000000
15 1807.117187 -1062.286987 29.125001 0.000000 -96.000000 0.000000 0.000000 0.000000 1.000000 0.000000 -96.000000 1.000000 2 6 0.000000
