3 791.359924 -2775.229980 -592.375000 0.000000 -169.000000 0.000000 0.000000 0.000000 1.000000 0.000000 -169.000000 1.000000 0 0 0.000000
16 -182.574554 -1798.878784 703.625000 0.000000 -12.000000 0.000000 0.000000 0.000000 1.000000 0.000000 -12.000000 1.000000 0 0 0.000000
15 858.856750 -3029.374267 -592.375000 0.000000 -92.000000 0.000000 0.000000 0.000000 1.000000 0.000000 -92.000000 1.000000 0 0 0.000000
16 -261.885681 -1726.606811 703.625000 0.000000 -10.000000 0.000000 0.000000 0.000000 1.000000 0.000000 -10.000000 1.000000 0 0 0.000000
13 -160.042251 -1867.571899 642.619140 0.000000 86.000000 0.000000 0.000000 0.000000 0.000000 0.000000 86.000000 1.000000 0 0 0.000000
16 -212.788543 -1713.625488 703.224975 0.000000 -12.000000 0.000000 0.000000 0.000000 0.000000 0.000000 -12.000000 1.000000 0 0 0.000000
13 -197.079956 -1855.414672 624.349975 0.000000 -106.000000 0.000000 0.000000 0.000000 0.000000 0.000000 -106.000000 1.000000 0 0 0.000000
16 -229.583068 -1720.649169 703.224975 0.000000 -20.000000 0.000000 0.000000 0.000000 0.000000 0.000000 -20.000000 1.000000 0 0 0.000000
11 3.323810 -1536.041503 886.349975 0.000000 -87.000000 0.000000 0.000000 0.000000 0.000000 0.000000 -87.000000 1.000000 0 0 0.000000
16 -204.712280 -1691.543701 703.224975 0.000000 -27.000000 0.000000 0.000000 0.000000 0.000000 0.000000 -27.000000 1.000000 0 0 0.000000
16 -188.230056 -1675.496337 703.224975 0.000000 61.000000 0.000000 0.000000 0.000000 0.000000 0.000000 61.000000 1.000000 0 0 0.000000
11 252.361099 -3968.132812 756.625000 0.000000 -43.000000 0.000000 0.000000 0.000000 1.000000 0.000000 -43.000000 1.000000 0 0 0.000000
5 291.882476 -3818.452636 710.162536 0.000000 -40.000000 0.000000 -0.894427 0.000000 0.447213 0.000000 -40.000000 1.000000 2 0 0.000000
6 -154.476715 -1743.281494 697.625000 0.000000 19.000000 0.000000 0.000000 0.000000 1.000000 0.000000 19.000000 1.000000 0 0 0.000000
16 -0.236033 -642.447509 -64.875000 0.000000 90.000000 0.000000 0.000000 0.000000 1.000000 0.000000 90.000000 1.000000 0 0 0.000000
16 -0.533329 -575.607666 -64.875000 0.000000 90.000000 0.000000 0.000000 0.000000 1.000000 0.000000 90.000000 1.000000 0 0 0.000000
16 1.061637 -705.926818 -64.875000 0.000000 90.000000 0.000000 0.000000 0.000000 1.000000 0.000000 90.000000 1.000000 0 0 0.000000
16 -1.504700 -760.699462 -64.875000 0.000000 87.000000 0.000000 0.000000 0.000000 1.000000 0.000000 87.000000 1.000000 0 0 0.000000
16 -70.955993 -657.773071 -64.875000 0.000000 46.000000 0.000000 0.000000 0.000000 1.000000 0.000000 46.000000 1.000000 0 0 0.000000
16 -33.134414 -621.193176 -64.875000 0.000000 46.000000 0.000000 0.000000 0.000000 1.000000 0.000000 46.000000 1.000000 0 0 0.000000
16 37.793556 -612.583618 -64.875000 0.000000 118.000000 0.000000 0.000000 0.000000 1.000000 0.000000 118.000000 1.000000 0 0 0.000000
16 71.265632 -662.381774 -64.875000 0.000000 122.000000 0.000000 0.000000 0.000000 1.000000 0.000000 122.000000 1.000000 0 0 0.000000
16 -3.744875 -808.587402 -64.875000 0.000000 87.000000 0.000000 0.000000 0.000000 1.000000 0.000000 87.000000 1.000000 0 0 0.000000
6 -242.663833 1.288490 273.125000 0.000000 -59.000000 0.000000 0.000000 0.000000 1.000000 0.000000 -59.000000 1.000000 0 0 0.000000
11 223.015151 416.960662 -31.875000 0.000000 2.000000 0.000000 0.000000 0.000000 1.000000 0.000000 2.000000 1.000000 0 0 0.000000
11 200.395050 471.537353 -31.875000 0.000000 0.000000 0.000000 0.000000 0.000000 1.000000 0.000000 0.000000 1.000000 0 0 0.000000
16 244.855026 471.379302 -56.875000 0.000000 179.000000 0.000000 0.000000 0.000000 1.000000 0.000000 179.000000 1.000000 0 0 0.000000
1 309.121551 -2008.579223 -944.875000 0.000000 -40.000000 0.000000 0.000000 0.000000 1.000000 0.000000 -40.000000 1.000000 0 0 0.000000
14 -66.439048 -1576.490112 -952.875000 0.000000 88.000000 0.000000 0.000000 0.000000 1.000000 0.000000 88.000000 1.000000 0 0 0.000000
14 431.632751 -425.949523 -320.875000 0.000000 -170.000000 0.000000 0.000000 0.000000 1.000000 0.000000 -170.000000 1.000000 0 0 0.000000
13 187.290115 -649.478576 749.125000 0.000000 -176.000000 0.000000 0.000000 0.000000 1.000000 0.000000 -176.000000 1.000000 0 0 0.000000
13 -197.389404 -667.796508 749.125000 0.000000 0.000000 0.000000 0.000000 0.000000 1.000000 0.000000 0.000000 1.000000 0 0 0.000000
13 -133.097167 -1779.272094 -66.875000 0.000000 -3.000000 0.000000 0.000000 0.000000 1.000000 0.000000 -3.000000 1.000000 0 0 0.000000
13 -137.844039 -1858.720825 -66.875000 0.000000 2.000000 0.000000 0.000000 0.000000 1.000000 0.000000 2.000000 1.000000 0 0 0.000000
16 350.843475 -4000.336669 -576.875000 0.000000 148.000000 0.000000 0.000000 0.000000 1.000000 0.000000 148.000000 1.000000 0 0 0.000000
5 4.926743 -1878.944946 452.005828 0.000000 59.000000 -110.000000 -0.994893 -0.100931 0.000000 -0.994892 59.000000 0.000000 0 0 0.000000
11 -363.084472 -3727.504638 -31.875000 0.000000 -3.000000 0.000000 0.000000 0.000000 1.000000 0.000000 -3.000000 1.000000 0 0 0.000000
16 -363.328796 -3776.398681 -56.875000 0.000000 5.000000 0.000000 0.000000 0.000000 1.000000 0.000000 5.000000 1.000000 0 0 0.000000
16 -410.598480 -3701.026367 -75.248748 0.000000 -160.000000 0.000000 -0.554700 0.000000 0.832050 0.000000 -160.000000 1.000000 0 0 0.000000
11 -372.802856 -3793.951904 -31.875000 0.000000 -99.000000 0.000000 0.000000 0.000000 1.000000 0.000000 -99.000000 1.000000 0 0 0.000000
16 -416.288085 -3655.257324 -79.041831 0.000000 174.000000 0.000000 -0.554700 0.000000 0.832050 0.000000 174.000000 1.000000 0 0 0.000000
16 -387.175964 -3811.040039 23.250000 0.000000 136.000000 0.000000 0.000000 0.000000 1.000000 0.000000 136.000000 1.000000 0 0 0.000000
13 -180.616973 -1859.391723 701.125000 0.000000 1.000000 0.000000 0.000000 0.000000 1.000000 0.000000 1.000000 1.000000 0 0 0.000000
16 -371.838409 -3727.616699 23.250000 0.000000 52.000000 0.000000 0.000000 0.000000 1.000000 0.000000 52.000000 1.000000 0 0 0.000000
14 -501.179412 -3816.638183 15.125000 0.000000 144.000000 0.000000 0.000000 0.000000 1.000000 0.000000 144.000000 1.000000 0 0 0.000000
9 -369.676696 -62.794540 -67.875000 0.000000 168.000000 0.000000 0.000000 0.000000 1.000000 0.000000 168.000000 1.000000 1 0 0.000000
1 711.047302 -3475.793457 279.125000 0.000000 -55.000000 0.000000 0.000000 0.000000 1.000000 0.000000 -55.000000 1.000000 0 0 0.000000
16 -24.594249 -4178.189453 463.124450 0.000000 137.000000 0.000000 0.000000 0.000000 1.000000 0.000000 137.000000 1.000000 0 0 0.000000
15 0.443708 -4314.066406 367.125000 0.000000 145.000000 0.000000 0.000000 0.000000 1.000000 0.000000 145.000000 1.000000 0 0 0.000000
16 -24.115186 -4172.484863 559.124877 0.000000 90.000000 0.000000 0.000000 0.000000 1.000000 0.000000 90.000000 1.000000 0 0 0.000000
16 20.529359 -4174.217773 559.124877 0.000000 90.000000 0.000000 0.000000 0.000000 1.000000 0.000000 90.000000 1.000000 0 0 0.000000
9 -357.962341 -150.576644 -67.875000 0.000000 177.000000 0.000000 0.000000 0.000000 1.000000 0.000000 177.000000 1.000000 0 0 0.000000
13 132.508361 -4134.426269 605.125000 0.000000 89.000000 0.000000 0.000000 0.000000 1.000000 0.000000 89.000000 1.000000 0 0 0.000000
13 204.167694 -4136.568847 605.125000 0.000000 87.000000 0.000000 0.000000 0.000000 1.000000 0.000000 87.000000 1.000000 0 0 0.000000
13 -111.984367 -4129.117675 605.125000 0.000000 94.000000 0.000000 0.000000 0.000000 1.000000 0.000000 94.000000 1.000000 0 0 0.000000
13 -193.026214 -4130.702148 605.125000 0.000000 89.000000 0.000000 0.000000 0.000000 1.000000 0.000000 89.000000 1.000000 0 0 0.000000
1 -9.211830 -4123.460449 703.125000 0.000000 -8.000000 0.000000 0.000000 0.000000 1.000000 0.000000 -8.000000 1.000000 0 0 0.000000
14 -156.521423 -1824.549316 607.125000 0.000000 -3.000000 0.000000 0.000000 0.000000 1.000000 0.000000 -3.000000 1.000000 0 0 0.000000
13 -139.867507 -1676.734130 701.125000 0.000000 -2.000000 0.000000 0.000000 0.000000 1.000000 0.000000 -2.000000 1.000000 0 0 0.000000
1 -371.402008 -4127.862304 703.125000 0.000000 -85.000000 0.000000 0.000000 0.000000 1.000000 0.000000 -85.000000 1.000000 0 0 0.000000
9 -362.074462 -239.520828 -67.875000 0.000000 174.000000 0.000000 0.000000 0.000000 1.000000 0.000000 174.000000 1.000000 1 0 0.000000
13 494.913238 -3828.638183 749.125000 0.000000 -89.000000 0.000000 0.000000 0.000000 1.000000 0.000000 -89.000000 1.000000 0 0 0.000000
13 420.738586 -3847.335449 733.382202 0.000000 -88.000000 0.000000 0.000000 0.000000 1.000000 0.000000 -88.000000 1.000000 0 0 0.000000
13 347.556396 -3846.700195 733.382202 0.000000 -89.000000 0.000000 0.000000 0.000000 1.000000 0.000000 -89.000000 1.000000 0 0 0.000000
6 -428.636383 -1821.229248 -70.875000 0.000000 176.000000 0.000000 0.000000 0.000000 1.000000 0.000000 176.000000 1.000000 0 0 0.000000
14 -610.802978 550.715209 -304.875000 0.000000 81.000000 0.000000 0.000000 0.000000 1.000000 0.000000 81.000000 1.000000 0 0 0.000000
15 -572.926025 495.165100 -472.875000 0.000000 107.000000 0.000000 0.000000 0.000000 1.000000 0.000000 107.000000 1.000000 0 0 0.000000
16 -475.112915 -3739.947509 -128.875000 0.000000 -113.000000 0.000000 0.000000 0.000000 1.000000 0.000000 -113.000000 1.000000 0 0 0.000000
16 -427.023834 -3739.478027 -128.875000 0.000000 -65.000000 0.000000 0.000000 0.000000 1.000000 0.000000 -65.000000 1.000000 0 0 0.000000
10 503.408782 570.831481 -427.875000 0.000000 4.000000 0.000000 0.000000 0.000000 1.000000 0.000000 4.000000 1.000000 2 0 0.000000
9 385.805480 -3260.763427 -43.875000 0.000000 129.000000 0.000000 0.000000 0.000000 1.000000 0.000000 129.000000 1.000000 4 0 0.000000
16 -384.458282 -2381.793212 -944.782958 0.000000 94.000000 0.000000 0.000000 -0.041630 0.999133 0.000000 94.000000 1.000000 0 0 0.000000
13 356.973083 -4102.991699 -578.875000 0.000000 0.000000 0.000000 0.000000 0.000000 1.000000 0.000000 0.000000 1.000000 0 0 0.000000
1 -95.902175 -4135.528808 -544.875000 0.000000 165.000000 0.000000 0.000000 0.000000 1.000000 0.000000 165.000000 1.000000 0 0 0.000000
15 -812.990234 -2169.572265 -136.875000 0.000000 93.000000 0.000000 0.000000 0.000000 1.000000 0.000000 93.000000 1.000000 0 0 0.000000
15 -728.456604 -2166.283935 -136.875000 0.000000 92.000000 0.000000 0.000000 0.000000 1.000000 0.000000 92.000000 1.000000 0 0 0.000000
6 -960.174499 -1606.691284 -62.875000 0.000000 170.000000 0.000000 0.000000 0.000000 1.000000 0.000000 170.000000 1.000000 0 0 0.000000
14 -752.003356 -1699.228149 -256.875000 0.000000 -174.000000 0.000000 0.000000 0.000000 1.000000 0.000000 -174.000000 1.000000 0 0 0.000000
9 692.368164 19.293853 -507.875000 0.000000 56.000000 0.000000 0.000000 0.000000 1.000000 0.000000 56.000000 1.000000 1 0 0.000000
1 -387.112396 -3580.802978 55.125000 0.000000 63.000000 0.000000 0.000000 0.000000 1.000000 0.000000 63.000000 1.000000 0 0 0.000000
13 -440.580780 -3585.194335 325.125122 0.000000 90.000000 0.000000 0.000000 0.000000 1.000000 0.000000 90.000000 1.000000 0 0 0.000000
13 -362.459686 -3583.019775 325.125122 0.000000 89.000000 0.000000 0.000000 0.000000 1.000000 0.000000 89.000000 1.000000 0 0 0.000000
13 -280.531036 -3594.172119 325.125122 0.000000 89.000000 0.000000 0.000000 0.000000 1.000000 0.000000 89.000000 1.000000 0 0 0.000000
13 -263.251586 -3669.993408 325.125000 0.000000 -7.000000 0.000000 0.000000 0.000000 1.000000 0.000000 -7.000000 1.000000 0 0 0.000000
13 -268.835784 -3751.649169 325.125000 0.000000 1.000000 0.000000 0.000000 0.000000 1.000000 0.000000 1.000000 1.000000 0 0 0.000000
13 -271.429321 -3829.310058 325.125000 0.000000 2.000000 0.000000 0.000000 0.000000 1.000000 0.000000 2.000000 1.000000 0 0 0.000000
13 -266.130645 -3917.061523 325.125000 0.000000 0.000000 0.000000 0.000000 0.000000 1.000000 0.000000 0.000000 1.000000 0 0 0.000000
13 -337.433288 -3958.132080 277.125000 0.000000 -87.000000 0.000000 0.000000 0.000000 1.000000 0.000000 -87.000000 1.000000 0 0 0.000000
13 -430.886688 -3963.791503 277.125000 0.000000 -91.000000 0.000000 0.000000 0.000000 1.000000 0.000000 -91.000000 1.000000 0 0 0.000000
10 -272.191009 -3963.461425 284.125000 0.000000 -64.000000 0.000000 0.000000 0.000000 1.000000 0.000000 -64.000000 1.000000 2 0 0.000000
9 -375.344604 -4099.952148 268.125000 0.000000 -98.000000 0.000000 0.000000 0.000000 1.000000 0.000000 -98.000000 1.000000 4 0 0.000000
15 432.688781 -3491.468505 279.125000 0.000000 8.000000 0.000000 0.000000 0.000000 1.000000 0.000000 8.000000 1.000000 0 0 0.000000
14 1193.134033 -4444.062011 159.125000 0.000000 -29.000000 0.000000 0.000000 0.000000 1.000000 0.000000 -29.000000 1.000000 1 0 0.000000
13 868.240661 -3614.679199 665.031311 0.000000 -3.000000 0.000000 0.111656 0.000000 0.993746 0.000000 -3.000000 1.000000 0 0 0.000000
13 868.158508 -3709.130615 665.040527 0.000000 0.000000 0.000000 0.111656 0.000000 0.993746 0.000000 0.000000 1.000000 0 0 0.000000
13 863.026977 -3544.446777 729.617126 0.000000 -1.000000 0.000000 0.111656 0.000000 0.993746 0.000000 -1.000000 1.000000 0 0 0.000000
13 863.889648 -3805.458251 665.520202 0.000000 1.000000 0.000000 0.111656 0.000000 0.993746 0.000000 1.000000 1.000000 0 0 0.000000
13 864.345947 -3874.669189 729.468933 0.000000 0.000000 0.000000 0.111656 0.000000 0.993746 0.000000 0.000000 1.000000 0 0 0.000000
13 511.579010 -3902.523437 765.125000 0.000000 -179.000000 0.000000 0.000000 0.000000 1.000000 0.000000 -179.000000 1.000000 0 0 0.000000
13 507.247314 -3980.053222 749.125000 0.000000 179.000000 0.000000 0.000000 0.000000 1.000000 0.000000 179.000000 1.000000 0 0 0.000000
13 508.904266 -4053.183837 749.125000 0.000000 -179.000000 0.000000 0.000000 0.000000 1.000000 0.000000 -179.000000 1.000000 0 0 0.000000
13 509.531005 -4131.569824 749.126892 0.000000 -179.000000 0.000000 0.000000 0.000000 1.000000 0.000000 -179.000000 1.000000 0 0 0.000000
13 436.280029 -4156.343750 749.125061 0.000000 90.000000 0.000000 0.000000 0.000000 1.000000 0.000000 90.000000 1.000000 0 0 0.000000
13 357.626983 -4158.782226 749.125061 0.000000 89.000000 0.000000 0.000000 0.000000 1.000000 0.000000 89.000000 1.000000 0 0 0.000000
13 274.492980 -4169.070800 749.126403 0.000000 90.000000 0.000000 0.000000 0.000000 1.000000 0.000000 90.000000 1.000000 0 0 0.000000
1 407.562988 -3715.802734 692.259033 0.000000 6.000000 0.000000 -0.199309 0.000000 0.979936 0.000000 6.000000 1.000000 0 0 0.000000
15 764.062377 -3522.127197 743.410888 0.000000 86.000000 0.000000 0.111656 0.000000 0.993746 0.000000 86.000000 1.000000 0 0 0.000000
1 612.582031 -3525.095214 709.509826 0.000000 -81.000000 0.000000 0.111656 0.000000 0.993746 0.000000 -81.000000 1.000000 0 0 0.000000
1 397.809631 -3265.350830 819.125000 0.000000 12.000000 0.000000 0.000000 0.000000 1.000000 0.000000 12.000000 1.000000 0 0 0.000000
13 -25.192584 -1040.097778 749.125000 0.000000 -89.000000 0.000000 0.000000 0.000000 1.000000 0.000000 -89.000000 1.000000 0 0 0.000000
13 947.465209 -3874.829833 720.129699 0.000000 179.000000 0.000000 0.111656 0.000000 0.993746 0.000000 179.000000 1.000000 0 0 0.000000
13 44.183216 -1029.573486 749.125000 0.000000 -86.000000 0.000000 0.000000 0.000000 1.000000 0.000000 -86.000000 1.000000 0 0 0.000000
15 -189.124633 -1532.622680 703.125000 0.000000 -35.000000 0.000000 0.000000 0.000000 1.000000 0.000000 -35.000000 1.000000 0 0 0.000000
15 -233.958511 -1525.970092 813.250000 0.000000 -86.000000 0.000000 0.000000 0.000000 1.000000 0.000000 -86.000000 1.000000 0 0 0.000000
15 -148.368240 -1526.904418 813.250000 0.000000 -85.000000 0.000000 0.000000 0.000000 1.000000 0.000000 -85.000000 1.000000 0 0 0.000000
15 1.670305 -1529.022583 751.125000 0.000000 -88.000000 0.000000 0.000000 0.000000 1.000000 0.000000 -88.000000 1.000000 0 0 0.000000
15 179.859603 -1520.600708 703.125000 0.000000 -84.000000 0.000000 0.000000 0.000000 1.000000 0.000000 -84.000000 1.000000 0 0 0.000000
15 149.459106 -1518.568969 813.250000 0.000000 -85.000000 0.000000 0.000000 0.000000 1.000000 0.000000 -85.000000 1.000000 0 0 0.000000
15 235.052581 -1529.112182 813.250000 0.000000 -87.000000 0.000000 0.000000 0.000000 1.000000 0.000000 -87.000000 1.000000 0 0 0.000000
15 60.088180 -1520.049926 861.250000 0.000000 -86.000000 0.000000 0.000000 0.000000 1.000000 0.000000 -86.000000 1.000000 0 0 0.000000
15 -52.658317 -1527.429321 861.250000 0.000000 -82.000000 0.000000 0.000000 0.000000 1.000000 0.000000 -82.000000 1.000000 0 0 0.000000
13 -59.943420 -1210.396850 749.125000 0.000000 91.000000 0.000000 0.000000 0.000000 1.000000 0.000000 91.000000 1.000000 0 0 0.000000
13 3.609009 -1215.942016 749.125000 0.000000 91.000000 0.000000 0.000000 0.000000 1.000000 0.000000 91.000000 1.000000 0 0 0.000000
13 68.858856 -1212.102783 749.125000 0.000000 87.000000 0.000000 0.000000 0.000000 1.000000 0.000000 87.000000 1.000000 0 0 0.000000
15 2.815994 -3220.210205 -56.875000 0.000000 88.000000 0.000000 0.000000 0.000000 1.000000 0.000000 88.000000 1.000000 0 0 0.000000
1 396.772918 -3480.634765 819.125000 0.000000 4.000000 0.000000 0.000000 0.000000 1.000000 0.000000 4.000000 1.000000 0 0 0.000000
12 1433.604980 -3727.577636 791.125000 0.000000 87.000000 0.000000 0.000000 0.000000 1.000000 0.000000 87.000000 1.000000 0 0 0.000000
14 1343.447998 -3701.041503 785.125000 0.000000 -99.000000 0.000000 0.000000 0.000000 1.000000 0.000000 -99.000000 1.000000 0 0 0.000000
6 1507.684570 -3731.576660 787.125000 0.000000 -175.000000 0.000000 0.000000 0.000000 1.000000 0.000000 -175.000000 1.000000 0 0 0.000000
13 1484.831054 -3659.794921 789.125000 0.000000 173.000000 0.000000 0.000000 0.000000 1.000000 0.000000 173.000000 1.000000 0 0 0.000000
13 1429.626831 -3793.685791 791.125000 0.000000 -2.000000 0.000000 0.000000 0.000000 1.000000 0.000000 -2.000000 1.000000 0 0 0.000000
13 -26.157089 312.312164 -410.875000 0.000000 178.000000 0.000000 0.000000 0.000000 1.000000 0.000000 178.000000 1.000000 0 0 0.000000
13 -26.534927 226.654495 -410.875000 0.000000 177.000000 0.000000 0.000000 0.000000 1.000000 0.000000 177.000000 1.000000 0 0 0.000000
4 -289.818481 526.212524 -432.875000 0.000000 80.000000 0.000000 0.000000 0.000000 1.000000 0.000000 80.000000 1.000000 2 0 0.000000
9 -315.904266 -1636.690795 -827.875000 0.000000 173.000000 0.000000 0.000000 0.000000 1.000000 0.000000 173.000000 1.000000 3 0 0.000000
14 1305.349365 -4505.290039 903.125000 0.000000 75.000000 0.000000 0.000000 0.000000 1.000000 0.000000 75.000000 1.000000 0 0 0.000000
13 -291.223022 -377.408691 653.125000 0.000000 -90.000000 0.000000 0.000000 0.000000 1.000000 0.000000 -90.000000 1.000000 0 0 0.000000
15 -445.436645 -116.380279 735.125000 0.000000 6.000000 0.000000 0.000000 0.000000 1.000000 0.000000 6.000000 1.000000 0 0 0.000000
14 -362.246459 -436.413085 863.125000 0.000000 -82.000000 0.000000 0.000000 0.000000 1.000000 0.000000 -82.000000 1.000000 0 0 0.000000
14 346.666748 -181.524612 823.125000 0.000000 11.000000 0.000000 0.000000 0.000000 1.000000 0.000000 11.000000 1.000000 0 0 0.000000
14 477.746917 552.280029 559.123168 0.000000 -137.000000 0.000000 0.000000 0.000000 1.000000 0.000000 -137.000000 1.000000 0 0 0.000000
15 -359.281585 -195.484191 655.125000 0.000000 76.000000 0.000000 0.000000 0.000000 1.000000 0.000000 76.000000 1.000000 0 0 0.000000
13 -354.624450 -367.606445 653.125000 0.000000 -85.000000 0.000000 0.000000 0.000000 1.000000 0.000000 -85.000000 1.000000 0 0 0.000000
13 -441.014038 -369.417480 653.125000 0.000000 -87.000000 0.000000 0.000000 0.000000 1.000000 0.000000 -87.000000 1.000000 0 0 0.000000
14 1193.961914 -2943.970458 159.125000 0.000000 7.000000 0.000000 0.000000 0.000000 1.000000 0.000000 7.000000 1.000000 0 0 0.000000
6 -11.540468 97.202934 649.125000 0.000000 -104.000000 0.000000 0.000000 0.000000 1.000000 0.000000 -104.000000 1.000000 0 0 0.000000
7 93.091651 547.125000 659.122619 0.000000 -7.000000 -84.000000 0.000000 1.000000 0.000000 0.000000 -7.000000 0.000000 2 0 0.000000
7 -98.456512 547.125000 660.915222 0.000000 -177.000000 88.000000 0.000000 1.000000 0.000000 0.000000 -177.000000 0.000000 2 0 0.000000
8 -3.917103 557.843444 708.125000 0.000000 -16.000000 0.000000 0.000000 0.000000 1.000000 0.000000 -16.000000 1.000000 0 0 0.000000
5 132.286056 -1702.152709 286.744903 0.000000 -95.000000 -101.000000 0.994893 0.100931 0.000000 0.994892 -95.000000 0.000000 2 0 0.000000
5 -0.950004 -1839.745605 210.769409 0.000000 124.000000 83.000000 0.994893 -0.100931 0.000000 0.994892 124.000000 0.000000 2 0 0.000000
5 -93.746002 -2015.796875 148.114334 0.000000 51.000000 -9.000000 -0.738485 -0.674269 0.000000 -0.738485 51.000000 0.000000 2 0 0.000000
5 67.683578 -1624.875000 253.851486 0.000000 -56.000000 -146.000000 0.000000 1.000000 0.000000 0.000000 -56.000000 0.000000 0 0 0.000000
5 -14.261541 -1970.959350 171.410339 0.000000 -144.000000 -42.000000 0.994893 -0.100931 0.000000 0.994892 -144.000000 0.000000 2 0 0.000000
5 13.638349 -1683.183471 211.145294 0.000000 -31.000000 153.000000 -0.994893 0.100931 0.000000 -0.994892 -31.000000 0.000000 2 0 0.000000
5 -37.645851 -1646.012084 522.289062 0.000000 -113.000000 -26.000000 0.738485 0.674269 0.000000 0.738485 -113.000000 0.000000 0 0 0.000000
5 -193.602920 -1691.763793 568.125976 0.000000 -29.000000 -162.000000 0.000000 0.999362 -0.035691 -0.707106 -29.000000 0.000000 0 0 0.000000
5 -137.632766 -1893.143920 121.837310 0.000000 7.000000 -1.000000 -0.994893 -0.100931 0.000000 -0.994892 7.000000 0.000000 2 0 0.000000
5 100.599403 -2008.290771 339.507263 0.000000 114.000000 25.000000 0.738485 -0.674269 0.000000 0.738485 114.000000 0.000000 0 0 0.000000
5 27.217485 -1990.566406 363.132415 0.000000 -9.000000 16.000000 -0.738485 -0.674269 0.000000 -0.994892 -9.000000 0.000000 0 0 0.000000
5 9.806859 -1927.048950 405.589385 0.000000 22.000000 -18.000000 -0.994893 -0.100931 0.000000 -0.994892 22.000000 0.000000 0 0 0.000000
5 -4.325666 -1774.979980 493.004028 0.000000 -120.000000 -79.000000 0.994893 0.100931 0.000000 0.994892 -120.000000 0.000000 0 0 0.000000
5 -75.245925 -1624.874755 537.476013 0.000000 -40.000000 -49.000000 0.000000 1.000000 0.000000 0.000000 -40.000000 0.000000 0 0 0.000000
14 -224.304504 -1076.990844 695.125000 0.000000 -67.000000 0.000000 0.000000 0.000000 1.000000 0.000000 -67.000000 1.000000 0 0 0.000000
6 -23.626100 -1124.143920 745.125000 0.000000 90.000000 0.000000 0.000000 0.000000 1.000000 0.000000 90.000000 1.000000 0 0 0.000000
15 52.098976 -557.168945 751.125000 0.000000 -95.000000 0.000000 0.000000 0.000000 1.000000 0.000000 -95.000000 1.000000 0 0 0.000000
15 -53.257080 -558.938537 751.125000 0.000000 -94.000000 0.000000 0.000000 0.000000 1.000000 0.000000 -94.000000 1.000000 0 0 0.000000
15 177.785644 -656.098022 703.125000 0.000000 -85.000000 0.000000 0.000000 0.000000 1.000000 0.000000 -85.000000 1.000000 0 0 0.000000
13 140.024246 -565.907531 789.125244 0.000000 -89.000000 0.000000 0.000000 0.000000 1.000000 0.000000 -89.000000 1.000000 0 0 0.000000
15 -180.136413 -673.561950 703.125000 0.000000 -14.000000 0.000000 0.000000 0.000000 1.000000 0.000000 -14.000000 1.000000 0 0 0.000000
13 -141.584503 -595.010131 789.128051 0.000000 0.000000 0.000000 0.000000 0.000000 1.000000 0.000000 0.000000 1.000000 0 0 0.000000
14 -95.891120 -440.530090 453.125000 0.000000 -126.000000 0.000000 0.000000 0.000000 1.000000 0.000000 -126.000000 1.000000 0 0 0.000000
13 264.126892 255.876693 325.152557 0.000000 179.000000 0.000000 0.000000 0.000000 1.000000 0.000000 179.000000 1.000000 0 0 0.000000
13 260.151702 180.033432 325.125000 0.000000 179.000000 0.000000 0.000000 0.000000 1.000000 0.000000 179.000000 1.000000 0 0 0.000000
13 261.605712 103.876106 325.125000 0.000000 -179.000000 0.000000 0.000000 0.000000 1.000000 0.000000 -179.000000 1.000000 0 0 0.000000
13 262.180084 32.966941 325.125000 0.000000 -179.000000 0.000000 0.000000 0.000000 1.000000 0.000000 -179.000000 1.000000 0 0 0.000000
11 238.594039 -27.009849 352.125000 0.000000 90.000000 0.000000 0.000000 0.000000 1.000000 0.000000 90.000000 1.000000 0 0 0.000000
13 284.279815 330.049011 277.125000 0.000000 -92.000000 0.000000 0.000000 0.000000 1.000000 0.000000 -92.000000 1.000000 0 0 0.000000
13 366.062530 341.936981 277.125000 0.000000 -89.000000 0.000000 0.000000 0.000000 1.000000 0.000000 -89.000000 1.000000 0 0 0.000000
13 450.949737 351.861785 277.125000 0.000000 -89.000000 0.000000 0.000000 0.000000 1.000000 0.000000 -89.000000 1.000000 0 0 0.000000
15 323.662567 -117.332672 279.125000 0.000000 -93.000000 0.000000 0.000000 0.000000 1.000000 0.000000 -93.000000 1.000000 0 0 0.000000
11 434.211517 -287.202514 432.125000 0.000000 0.000000 0.000000 0.000000 0.000000 1.000000 0.000000 0.000000 1.000000 0 0 0.000000
16 441.236816 -398.553283 407.125000 0.000000 3.000000 0.000000 0.000000 0.000000 1.000000 0.000000 3.000000 1.000000 0 0 0.000000
14 399.753814 392.299163 521.930541 0.000000 78.000000 0.000000 -0.707107 0.000000 0.707106 0.000000 78.000000 1.000000 0 0 0.000000
11 482.719512 -290.703643 432.125000 0.000000 -86.000000 0.000000 0.000000 0.000000 1.000000 0.000000 -86.000000 1.000000 0 0 0.000000
15 431.500610 -116.153861 279.125000 0.000000 -90.000000 0.000000 0.000000 0.000000 1.000000 0.000000 -90.000000 1.000000 0 0 0.000000
7 -181.423889 -47.575527 339.993713 0.000000 0.000000 0.000000 -0.581238 0.000000 0.813733 0.000000 0.000000 1.000000 2 0 0.000000
7 -180.737854 51.192096 340.483734 0.000000 -18.000000 0.000000 -0.581238 0.000000 0.813733 0.000000 -18.000000 1.000000 2 0 0.000000
7 -107.547218 -132.632034 340.559295 0.000000 88.000000 0.000000 0.000000 -0.581238 0.813733 0.000000 88.000000 1.000000 2 0 0.000000
7 -37.505908 -129.635223 342.699890 0.000000 99.000000 0.000000 0.000000 -0.581238 0.813733 0.000000 99.000000 1.000000 2 0 0.000000
7 38.273410 -130.065063 342.392852 0.000000 97.000000 0.000000 0.000000 -0.581238 0.813733 0.000000 97.000000 1.000000 2 0 0.000000
7 111.633842 -49.362930 338.415161 0.000000 151.000000 0.000000 0.581238 0.000000 0.813733 0.000000 151.000000 1.000000 2 0 0.000000
7 -94.208602 134.592376 339.159057 0.000000 -103.000000 0.000000 0.000000 0.581238 0.813733 0.000000 -103.000000 1.000000 2 0 0.000000
7 -21.456830 137.824279 336.850555 0.000000 -85.000000 0.000000 0.000000 0.581238 0.813733 0.000000 -85.000000 1.000000 2 0 0.000000
15 -408.448883 -152.481994 279.125000 0.000000 173.000000 0.000000 0.000000 0.000000 1.000000 0.000000 173.000000 1.000000 0 0 0.000000
7 108.056304 46.714420 340.970550 0.000000 -136.000000 0.000000 0.581238 0.000000 0.813733 0.000000 -136.000000 1.000000 2 0 0.000000
7 49.830406 127.602409 344.151885 0.000000 -124.000000 0.000000 0.000000 0.581238 0.813733 0.000000 -124.000000 1.000000 2 0 0.000000
11 -367.084686 -460.315612 304.125000 0.000000 -170.000000 0.000000 0.000000 0.000000 1.000000 0.000000 -170.000000 1.000000 0 0 0.000000
13 36.571136 547.611450 365.125000 0.000000 -89.000000 0.000000 0.000000 0.000000 1.000000 0.000000 -89.000000 1.000000 0 0 0.000000
13 -34.754440 547.340942 365.125000 0.000000 -87.000000 0.000000 0.000000 0.000000 1.000000 0.000000 -87.000000 1.000000 0 0 0.000000
13 370.911376 94.117279 165.125000 0.000000 -178.000000 0.000000 0.000000 0.000000 1.000000 0.000000 -178.000000 1.000000 0 0 0.000000
11 -556.780212 -160.606567 304.125000 0.000000 -2.000000 0.000000 0.000000 0.000000 1.000000 0.000000 -2.000000 1.000000 0 0 0.000000
1 624.830871 -77.788642 -312.875000 0.000000 -82.000000 0.000000 0.000000 0.000000 1.000000 0.000000 -82.000000 1.000000 0 0 0.000000
13 572.794738 567.701171 -434.875000 0.000000 175.000000 0.000000 0.000000 0.000000 1.000000 0.000000 175.000000 1.000000 0 0 0.000000
16 -792.992736 55.211982 -592.875000 0.000000 32.000000 0.000000 0.000000 0.000000 1.000000 0.000000 32.000000 1.000000 0 0 0.000000
11 -852.791809 58.586940 -567.875000 0.000000 89.000000 0.000000 0.000000 0.000000 1.000000 0.000000 89.000000 1.000000 0 0 0.000000
15 741.313903 -3027.577148 -592.875000 0.000000 -84.000000 0.000000 0.000000 0.000000 1.000000 0.000000 -84.000000 1.000000 0 0 0.000000
14 103.858856 -3805.311523 111.125000 0.000000 130.000000 0.000000 0.000000 0.000000 1.000000 0.000000 130.000000 1.000000 0 0 0.000000
11 -173.278106 -3809.208740 -31.875000 0.000000 91.000000 0.000000 0.000000 0.000000 1.000000 0.000000 91.000000 1.000000 0 0 0.000000
11 -122.928512 -3807.589599 -31.875000 0.000000 92.000000 0.000000 0.000000 0.000000 1.000000 0.000000 92.000000 1.000000 0 0 0.000000
14 -559.999938 -475.066192 575.125671 0.000000 68.000000 0.000000 0.000000 0.000000 1.000000 0.000000 68.000000 1.000000 0 0 0.000000
10 -195.699554 -3231.249755 12.125000 0.000000 90.000000 0.000000 0.000000 0.000000 1.000000 0.000000 90.000000 1.000000 0 0 0.000000
14 -115.348701 160.152023 111.125000 0.000000 -40.000000 0.000000 0.000000 0.000000 1.000000 0.000000 -40.000000 1.000000 0 0 0.000000
16 -106.271034 -3680.036376 -56.875000 0.000000 -90.000000 0.000000 0.000000 0.000000 1.000000 0.000000 -90.000000 1.000000 0 0 0.000000
11 272.699615 -3246.029785 -31.875000 0.000000 178.000000 0.000000 0.000000 0.000000 1.000000 0.000000 178.000000 1.000000 0 0 0.000000
11 271.475555 -3292.532470 -31.875000 0.000000 -179.000000 0.000000 0.000000 0.000000 1.000000 0.000000 -179.000000 1.000000 0 0 0.000000
11 271.495452 -3339.570800 -31.875000 0.000000 179.000000 0.000000 0.000000 0.000000 1.000000 0.000000 179.000000 1.000000 0 0 0.000000
11 274.562133 -3193.501953 -7.875000 0.000000 178.000000 0.000000 0.000000 0.000000 1.000000 0.000000 178.000000 1.000000 0 0 0.000000
15 359.828094 -3387.101074 -56.875000 0.000000 89.000000 0.000000 0.000000 0.000000 1.000000 0.000000 89.000000 1.000000 0 0 0.000000
11 447.503082 -3383.240234 -7.875000 0.000000 90.000000 0.000000 0.000000 0.000000 1.000000 0.000000 90.000000 1.000000 0 0 0.000000
16 283.502410 239.761688 247.125000 0.000000 -179.000000 0.000000 0.000000 0.000000 1.000000 0.000000 -179.000000 1.000000 0 0 0.000000
16 317.513488 237.574005 247.125000 0.000000 170.000000 0.000000 0.000000 0.000000 1.000000 0.000000 170.000000 1.000000 0 0 0.000000
16 357.621582 236.708908 247.125000 0.000000 -177.000000 0.000000 0.000000 0.000000 1.000000 0.000000 -177.000000 1.000000 0 0 0.000000
16 399.239807 235.737808 247.125000 0.000000 -82.000000 0.000000 0.000000 0.000000 1.000000 0.000000 -82.000000 1.000000 0 0 0.000000
16 442.360382 238.946685 247.125000 0.000000 -88.000000 0.000000 0.000000 0.000000 1.000000 0.000000 -88.000000 1.000000 0 0 0.000000
16 478.406646 235.451904 247.125000 0.000000 -91.000000 0.000000 0.000000 0.000000 1.000000 0.000000 -91.000000 1.000000 0 0 0.000000
14 170.473587 -456.755584 -248.874740 0.000000 -24.000000 0.000000 0.000000 0.000000 1.000000 0.000000 -24.000000 1.000000 0 0 0.000000
11 -105.893646 531.295227 -407.875000 0.000000 92.000000 0.000000 0.000000 0.000000 1.000000 0.000000 92.000000 1.000000 0 0 0.000000
13 -19.328714 -1624.717773 -874.248107 0.000000 1.000000 0.000000 0.575472 0.000000 0.817821 0.000000 1.000000 1.000000 0 0 0.000000
10 -381.088287 -1653.498413 -811.875000 0.000000 10.000000 0.000000 0.000000 0.000000 1.000000 0.000000 10.000000 1.000000 2 0 0.000000
9 -231.934799 -1637.911254 -827.875000 0.000000 95.000000 0.000000 0.000000 0.000000 1.000000 0.000000 95.000000 1.000000 5 0 0.000000
7 -258.676513 -1684.219848 -902.875000 0.000000 120.000000 0.000000 0.000000 0.000000 1.000000 0.000000 120.000000 1.000000 2 0 0.000000
13 -342.519989 -2305.809082 -945.875000 0.000000 -83.000000 0.000000 0.000000 0.000000 1.000000 0.000000 -83.000000 1.000000 0 0 0.000000
11 -468.845520 -1744.210083 -807.875000 0.000000 174.000000 0.000000 0.000000 0.000000 1.000000 0.000000 174.000000 1.000000 0 0 0.000000
16 37.697616 -1932.495239 -880.875000 0.000000 24.000000 0.000000 0.000000 0.000000 1.000000 0.000000 24.000000 1.000000 0 0 0.000000
1 17.262306 -2022.681884 -944.875000 0.000000 -158.000000 0.000000 0.000000 0.000000 1.000000 0.000000 -158.000000 1.000000 0 0 0.000000
13 -428.524627 -2303.036865 -945.875000 0.000000 -84.000000 0.000000 0.000000 0.000000 1.000000 0.000000 -84.000000 1.000000 0 0 0.000000
11 328.264312 -1864.076171 -919.875000 0.000000 -56.000000 0.000000 0.000000 0.000000 1.000000 0.000000 -56.000000 1.000000 0 0 0.000000
14 408.115814 -1647.279296 -864.875000 0.000000 -17.000000 0.000000 0.000000 0.000000 1.000000 0.000000 -17.000000 1.000000 0 0 0.000000
16 -374.568054 -1600.652587 -816.875000 0.000000 26.000000 0.000000 0.000000 0.000000 1.000000 0.000000 26.000000 1.000000 2 0 0.000000
11 803.239990 -3156.926025 -566.875000 0.000000 92.000000 0.000000 0.000000 0.000000 1.000000 0.000000 92.000000 1.000000 0 0 0.000000
3 -17.340515 -2707.962402 -1904.875000 0.000000 4.000000 0.000000 0.000000 0.000000 1.000000 0.000000 4.000000 1.000000 0 0 0.000000
1 289.003417 -2711.109619 -732.451171 0.000000 -165.000000 0.000000 -0.354654 0.000000 0.934997 0.000000 -165.000000 1.000000 0 0 0.000000
16 810.798828 -3113.764404 -592.557067 0.000000 120.000000 0.000000 0.000000 0.066519 0.997785 0.000000 120.000000 1.000000 0 0 0.000000
14 364.770568 -4035.882324 -440.875000 0.000000 -169.000000 0.000000 0.000000 0.000000 1.000000 0.000000 -169.000000 1.000000 1 0 0.000000
6 -155.042938 -3708.120849 -598.875000 0.000000 173.000000 0.000000 0.000000 0.000000 1.000000 0.000000 173.000000 1.000000 0 0 0.000000
4 457.333282 -4224.875000 -407.360687 0.000000 -20.000000 -70.000000 0.000000 1.000000 0.000000 0.000000 -20.000000 0.000000 2 0 0.000000
14 507.897460 -4202.792480 -468.875000 0.000000 2.000000 0.000000 0.000000 0.000000 1.000000 0.000000 2.000000 1.000000 1 0 0.000000
4 456.680786 -4224.875000 -465.171875 0.000000 -66.000000 -24.000000 0.000000 1.000000 0.000000 0.000000 -66.000000 0.000000 2 0 0.000000
4 454.905822 -4224.875000 -499.979980 0.000000 -177.000000 88.000000 0.000000 1.000000 0.000000 0.000000 -177.000000 0.000000 2 0 0.000000
5 343.625000 -4180.508300 -492.873687 0.000000 -78.000000 -81.000000 1.000000 0.000000 0.000000 1.000000 -78.000000 0.000000 2 0 0.000000
5 357.712890 -4028.035400 -383.125000 0.000000 167.000000 180.000000 0.000000 0.000000 -1.000000 0.000000 167.000000 0.000000 2 0 0.000000
11 -313.896881 -3797.916503 -31.875000 0.000000 -86.000000 0.000000 0.000000 0.000000 1.000000 0.000000 -86.000000 1.000000 0 0 0.000000
10 -13.414360 -3158.644531 -571.875000 0.000000 -177.000000 0.000000 0.000000 0.000000 1.000000 0.000000 -177.000000 1.000000 2 0 0.000000
10 -17.509796 -3214.547119 -571.875000 0.000000 -174.000000 0.000000 0.000000 0.000000 1.000000 0.000000 -174.000000 1.000000 2 0 0.000000
10 -12.056524 -3271.309570 -571.875000 0.000000 176.000000 0.000000 0.000000 0.000000 1.000000 0.000000 176.000000 1.000000 2 0 0.000000
10 -14.453515 -3324.410400 -571.875000 0.000000 -178.000000 0.000000 0.000000 0.000000 1.000000 0.000000 -178.000000 1.000000 2 0 0.000000
10 -19.126050 -3381.920410 -571.875000 0.000000 177.000000 0.000000 0.000000 0.000000 1.000000 0.000000 177.000000 1.000000 2 0 0.000000
16 -64.055603 -3388.862548 -560.875000 0.000000 88.000000 0.000000 0.000000 0.000000 1.000000 0.000000 88.000000 1.000000 0 0 0.000000
16 -95.129425 -3388.798339 -544.875000 0.000000 85.000000 0.000000 0.000000 0.000000 1.000000 0.000000 85.000000 1.000000 0 0 0.000000
11 -5.523869 -4135.327148 -551.875000 0.000000 0.000000 0.000000 0.000000 0.000000 1.000000 0.000000 0.000000 1.000000 0 0 0.000000
13 6.009057 -4198.070800 -578.875000 0.000000 177.000000 0.000000 0.000000 0.000000 1.000000 0.000000 177.000000 1.000000 0 0 0.000000
16 -62.683917 -3971.777587 -560.875000 0.000000 -105.000000 0.000000 0.000000 0.000000 1.000000 0.000000 -105.000000 1.000000 0 0 0.000000
11 -15.953907 -3982.828125 -551.875000 0.000000 -176.000000 0.000000 0.000000 0.000000 1.000000 0.000000 -176.000000 1.000000 0 0 0.000000
16 -94.718223 -3979.041015 -544.875000 0.000000 -85.000000 0.000000 0.000000 0.000000 1.000000 0.000000 -85.000000 1.000000 0 0 0.000000
11 -14.825157 -4034.106689 -551.875000 0.000000 -177.000000 0.000000 0.000000 0.000000 1.000000 0.000000 -177.000000 1.000000 0 0 0.000000
13 -379.301757 -3853.826660 -498.875000 0.000000 -84.000000 0.000000 0.000000 0.000000 1.000000 0.000000 -84.000000 1.000000 0 0 0.000000
11 -361.568786 -4209.047851 -367.875000 0.000000 176.000000 0.000000 0.000000 0.000000 1.000000 0.000000 176.000000 1.000000 0 0 0.000000
11 -359.023284 -4132.884277 -367.875000 0.000000 -179.000000 0.000000 0.000000 0.000000 1.000000 0.000000 -179.000000 1.000000 0 0 0.000000
15 -206.569641 -3946.574462 -408.875000 0.000000 66.000000 0.000000 0.000000 0.000000 1.000000 0.000000 66.000000 1.000000 0 0 0.000000
15 -113.582885 -3948.679199 -408.875000 0.000000 78.000000 0.000000 0.000000 0.000000 1.000000 0.000000 78.000000 1.000000 0 0 0.000000
15 -218.905441 -3843.200439 -464.875000 0.000000 1.000000 0.000000 0.000000 0.000000 1.000000 0.000000 1.000000 1.000000 0 0 0.000000
14 -206.686614 -4098.204101 -600.875000 0.000000 -92.000000 0.000000 0.000000 0.000000 1.000000 0.000000 -92.000000 1.000000 0 0 0.000000
14 -315.261138 -3641.632080 -504.875000 0.000000 -129.000000 0.000000 0.000000 0.000000 1.000000 0.000000 -129.000000 1.000000 0 0 0.000000
15 -221.447738 -3730.809082 -464.875000 0.000000 0.000000 0.000000 0.000000 0.000000 1.000000 0.000000 0.000000 1.000000 0 0 0.000000
10 -231.435791 -4208.268066 -475.875000 0.000000 -177.000000 0.000000 0.000000 0.000000 1.000000 0.000000 -177.000000 1.000000 0 0 0.000000
10 -234.517761 -4131.362304 -475.875000 0.000000 -173.000000 0.000000 0.000000 0.000000 1.000000 0.000000 -173.000000 1.000000 0 0 0.000000
11 -7.645709 -4083.906250 -551.875000 0.000000 3.000000 0.000000 0.000000 0.000000 1.000000 0.000000 3.000000 1.000000 0 0 0.000000
16 -283.405151 -4123.903808 -448.875000 0.000000 -94.000000 0.000000 0.000000 0.000000 1.000000 0.000000 -94.000000 1.000000 0 0 0.000000
14 -642.588623 -3861.857666 -409.875000 0.000000 83.000000 0.000000 0.000000 0.000000 1.000000 0.000000 83.000000 1.000000 0 0 0.000000
11 -306.809783 -4193.966308 -407.875000 0.000000 -91.000000 0.000000 0.000000 0.000000 1.000000 0.000000 -91.000000 1.000000 0 0 0.000000
13 418.882751 -4110.968261 -338.875000 0.000000 -93.000000 0.000000 0.000000 0.000000 1.000000 0.000000 -93.000000 1.000000 0 0 0.000000
14 566.239685 -4202.665527 -230.875000 0.000000 -69.000000 0.000000 0.000000 0.000000 1.000000 0.000000 -69.000000 1.000000 0 0 0.000000
16 -321.294464 -4125.734863 -424.875000 0.000000 -86.000000 0.000000 0.000000 0.000000 1.000000 0.000000 -86.000000 1.000000 0 0 0.000000
14 621.772338 -426.177856 -504.875000 0.000000 -87.000000 0.000000 0.000000 0.000000 1.000000 0.000000 -87.000000 1.000000 0 0 0.000000
13 599.006652 27.652482 -489.872772 0.000000 86.000000 0.000000 0.000000 0.000000 1.000000 0.000000 86.000000 1.000000 0 0 0.000000
11 650.345947 -371.863281 -460.750000 0.000000 -88.000000 0.000000 0.000000 0.000000 1.000000 0.000000 -88.000000 1.000000 0 0 0.000000
11 604.258178 -369.195617 -460.750000 0.000000 -89.000000 0.000000 0.000000 0.000000 1.000000 0.000000 -89.000000 1.000000 0 0 0.000000
3 626.783264 -192.850585 -500.875000 0.000000 94.000000 0.000000 0.000000 0.000000 1.000000 0.000000 94.000000 1.000000 0 0 0.000000
11 704.844360 -349.920288 -439.875000 0.000000 -56.000000 0.000000 0.000000 0.000000 1.000000 0.000000 -56.000000 1.000000 0 0 0.000000
11 545.628906 -348.742889 -439.875000 0.000000 -131.000000 0.000000 0.000000 0.000000 1.000000 0.000000 -131.000000 1.000000 0 0 0.000000
11 547.593078 200.119323 -471.875000 0.000000 -171.000000 0.000000 0.000000 0.000000 1.000000 0.000000 -171.000000 1.000000 0 0 0.000000
14 664.680847 182.592910 -504.875000 0.000000 72.000000 0.000000 0.000000 0.000000 1.000000 0.000000 72.000000 1.000000 0 0 0.000000
14 -178.923126 552.463684 -304.875000 0.000000 3.000000 0.000000 0.000000 0.000000 1.000000 0.000000 3.000000 1.000000 0 0 0.000000
11 -224.313674 530.518615 -407.875000 0.000000 -176.000000 0.000000 0.000000 0.000000 1.000000 0.000000 -176.000000 1.000000 0 0 0.000000
11 -443.404327 506.411315 -271.875000 0.000000 -4.000000 0.000000 0.000000 0.000000 1.000000 0.000000 -4.000000 1.000000 0 0 0.000000
11 -549.131652 565.642456 -271.875000 0.000000 92.000000 0.000000 0.000000 0.000000 1.000000 0.000000 92.000000 1.000000 0 0 0.000000
16 -462.278411 599.414733 -296.875000 0.000000 179.000000 0.000000 0.000000 0.000000 1.000000 0.000000 179.000000 1.000000 0 0 0.000000
14 -648.553649 -402.974395 -376.875000 0.000000 -107.000000 0.000000 0.000000 0.000000 1.000000 0.000000 -107.000000 1.000000 0 0 0.000000
11 -591.550964 -378.112518 -343.875000 0.000000 -102.000000 0.000000 0.000000 0.000000 1.000000 0.000000 -102.000000 1.000000 0 0 0.000000
14 -579.615051 -440.051788 -360.860321 0.000000 -32.000000 0.000000 0.000000 0.000000 1.000000 0.000000 -32.000000 1.000000 0 0 0.000000
11 -226.703994 456.737152 -31.875000 0.000000 -178.000000 0.000000 0.000000 0.000000 1.000000 0.000000 -178.000000 1.000000 2 0 0.000000
14 446.195190 -271.064483 199.125000 0.000000 12.000000 0.000000 0.000000 0.000000 1.000000 0.000000 12.000000 1.000000 0 0 0.000000
11 280.522521 -126.851783 32.125000 0.000000 4.000000 0.000000 0.000000 0.000000 1.000000 0.000000 4.000000 1.000000 2 0 0.000000
11 335.677612 -126.887382 32.125000 0.000000 -2.000000 0.000000 0.000000 0.000000 1.000000 0.000000 -2.000000 1.000000 2 0 0.000000
11 397.570617 -129.766448 32.125000 0.000000 1.000000 0.000000 0.000000 0.000000 1.000000 0.000000 1.000000 1.000000 2 0 0.000000
14 122.606254 -431.555297 79.125000 0.000000 -117.000000 0.000000 0.000000 0.000000 1.000000 0.000000 -117.000000 1.000000 0 0 0.000000
11 458.366882 -130.103225 32.125000 0.000000 0.000000 0.000000 0.000000 0.000000 1.000000 0.000000 0.000000 1.000000 2 0 0.000000
14 182.637985 237.222259 31.125000 0.000000 -79.000000 0.000000 0.000000 0.000000 1.000000 0.000000 -79.000000 1.000000 0 0 0.000000
15 465.386901 -317.175537 -312.875000 0.000000 -88.000000 0.000000 0.000000 0.000000 1.000000 0.000000 -88.000000 1.000000 0 0 0.000000
15 372.754089 -315.508789 -312.875000 0.000000 -81.000000 0.000000 0.000000 0.000000 1.000000 0.000000 -81.000000 1.000000 0 0 0.000000
13 576.826843 -141.489532 -314.875000 0.000000 89.000000 0.000000 0.000000 0.000000 1.000000 0.000000 89.000000 1.000000 0 0 0.000000
13 674.331176 -145.795013 -314.875000 0.000000 88.000000 0.000000 0.000000 0.000000 1.000000 0.000000 88.000000 1.000000 0 0 0.000000
15 -713.752746 67.082618 -592.875000 0.000000 -174.000000 0.000000 0.000000 0.000000 1.000000 0.000000 -174.000000 1.000000 0 0 0.000000
15 611.130493 486.289886 -432.875000 0.000000 176.000000 0.000000 0.000000 0.000000 1.000000 0.000000 176.000000 1.000000 0 0 0.000000
13 691.647949 358.399780 -434.875000 0.000000 91.000000 0.000000 0.000000 0.000000 1.000000 0.000000 91.000000 1.000000 0 0 0.000000
15 500.967681 489.579101 -432.875000 0.000000 113.000000 0.000000 0.000000 0.000000 1.000000 0.000000 113.000000 1.000000 0 0 0.000000
15 449.741119 403.214904 -432.875000 0.000000 176.000000 0.000000 0.000000 0.000000 1.000000 0.000000 176.000000 1.000000 0 0 0.000000
1 635.983276 90.043197 -312.875000 0.000000 101.000000 0.000000 0.000000 0.000000 1.000000 0.000000 101.000000 1.000000 0 0 0.000000
6 78.127044 159.739868 -598.875000 0.000000 25.000000 0.000000 0.000000 0.000000 1.000000 0.000000 25.000000 1.000000 0 0 0.000000
14 425.582702 -4057.669189 723.125000 0.000000 -22.000000 0.000000 0.000000 0.000000 1.000000 0.000000 -22.000000 1.000000 0 0 0.000000
14 -588.662475 457.884674 -370.750000 0.000000 89.000000 0.000000 0.000000 0.000000 1.000000 0.000000 89.000000 1.000000 0 1 0.000000
16 -182.084289 -3238.565429 47.250000 0.000000 130.000000 0.000000 0.000000 0.000000 1.000000 0.000000 130.000000 1.000000 0 1 0.000000
11 -169.862106 -3237.071777 72.250000 0.000000 88.000000 0.000000 0.000000 0.000000 1.000000 0.000000 88.000000 1.000000 0 2 0.000000
16 -149.948150 -3242.399902 127.375000 0.000000 57.000000 0.000000 0.000000 0.000000 1.000000 0.000000 57.000000 1.000000 0 4 0.000000
16 -146.515838 -3214.484130 127.375000 0.000000 48.000000 0.000000 0.000000 0.000000 1.000000 0.000000 48.000000 1.000000 0 4 0.000000
