13 320.085327 565.158630 106.750000 0.000000 -73.000000 0.000000 0.000000 0.000000 1.000000 0.000000 -73.000000 1.000000 2 0 0.000000
13 396.691802 584.727416 83.750000 0.000000 -88.000000 0.000000 0.000000 0.000000 1.000000 0.000000 -88.000000 1.000000 2 0 0.000000
9 377.579315 884.438720 -291.875000 0.000000 -90.000000 0.000000 0.000000 0.000000 1.000000 0.000000 -90.000000 1.000000 1 0 0.000000
13 239.436599 551.250122 91.750000 0.000000 -88.000000 0.000000 0.000000 0.000000 1.000000 0.000000 -88.000000 1.000000 2 0 0.000000
13 81.784286 487.249816 91.750000 0.000000 -35.000000 0.000000 0.000000 0.000000 1.000000 0.000000 -35.000000 1.000000 2 0 0.000000
13 156.537796 539.706176 91.750000 0.000000 -72.000000 0.000000 0.000000 0.000000 1.000000 0.000000 -72.000000 1.000000 2 0 0.000000
15 220.392929 2092.211425 7.225001 0.000000 81.000000 0.000000 0.000000 0.000000 0.000000 0.000000 81.000000 1.000000 0 0 0.000000
15 112.888099 2080.925292 -0.375001 0.000000 86.000000 0.000000 0.000000 0.000000 1.000000 0.000000 86.000000 1.000000 0 0 0.000000
15 160.422256 2094.427246 117.450004 0.000000 80.000000 0.000000 0.000000 0.000000 0.000000 0.000000 80.000000 1.000000 2 0 0.000000
15 57.759944 2087.482666 109.950004 0.000000 82.000000 0.000000 0.000000 0.000000 0.000000 0.000000 82.000000 1.000000 2 0 0.000000
15 13.614621 2089.703857 -0.274999 0.000000 81.000000 0.000000 0.000000 0.000000 1.000000 0.000000 81.000000 1.000000 0 0 0.000000
4 369.552642 992.844665 -280.875000 0.000000 78.000000 0.000000 0.000000 0.000000 1.000000 0.000000 78.000000 1.000000 0 0 0.000000
15 854.432128 1522.520629 -228.874755 0.000000 -1.000000 0.000000 0.000000 0.000000 1.000000 0.000000 -1.000000 1.000000 0 0 0.000000
13 1687.567626 550.781677 -34.875000 0.000000 95.000000 0.000000 0.000000 0.000000 1.000000 0.000000 95.000000 1.000000 0 0 0.000000
11 1629.129638 513.128540 -7.875000 0.000000 107.000000 0.000000 0.000000 0.000000 1.000000 0.000000 107.000000 1.000000 0 0 0.000000
15 441.976440 -1495.713745 42.665058 0.000000 105.000000 0.000000 -0.298009 0.000000 0.954562 0.000000 105.000000 1.000000 0 0 0.000000
13 805.750976 -1364.766479 45.125000 0.000000 178.000000 0.000000 0.000000 0.000000 1.000000 0.000000 178.000000 1.000000 0 0 0.000000
11 1512.320312 3478.295410 24.125000 0.000000 -79.000000 0.000000 0.000000 0.000000 1.000000 0.000000 -79.000000 1.000000 0 0 0.000000
13 2719.019531 2339.511474 -178.875000 0.000000 68.000000 0.000000 0.000000 0.000000 1.000000 0.000000 68.000000 1.000000 0 0 0.000000
13 2888.984863 2302.254638 -178.875000 0.000000 90.000000 0.000000 0.000000 0.000000 1.000000 0.000000 90.000000 1.000000 0 0 0.000000
13 2808.494384 2320.083496 -178.875000 0.000000 95.000000 0.000000 0.000000 0.000000 1.000000 0.000000 95.000000 1.000000 0 0 0.000000
13 2969.375488 2295.278076 -178.875000 0.000000 86.000000 0.000000 0.000000 0.000000 1.000000 0.000000 86.000000 1.000000 0 0 0.000000
13 3053.908447 2288.928955 -178.875000 0.000000 75.000000 0.000000 0.000000 0.000000 1.000000 0.000000 75.000000 1.000000 0 0 0.000000
13 3080.675781 2431.424560 -178.875000 0.000000 -92.000000 0.000000 0.000000 0.000000 1.000000 0.000000 -92.000000 1.000000 0 0 0.000000
13 3019.399169 2826.920654 -178.875000 0.000000 176.000000 0.000000 0.000000 0.000000 1.000000 0.000000 176.000000 1.000000 0 0 0.000000
13 3001.589599 2449.128173 -178.875000 0.000000 -90.000000 0.000000 0.000000 0.000000 1.000000 0.000000 -90.000000 1.000000 0 0 0.000000
13 2845.608398 2400.616699 -178.875000 0.000000 -83.000000 0.000000 0.000000 0.000000 1.000000 0.000000 -83.000000 1.000000 0 0 0.000000
13 2843.975097 2481.916015 -178.875000 0.000000 -170.000000 0.000000 0.000000 0.000000 1.000000 0.000000 -170.000000 1.000000 0 0 0.000000
13 3116.832519 2903.121093 -178.875000 0.000000 178.000000 0.000000 0.000000 0.000000 1.000000 0.000000 178.000000 1.000000 0 0 0.000000
13 2848.658447 2560.977539 -178.875000 0.000000 -174.000000 0.000000 0.000000 0.000000 1.000000 0.000000 -174.000000 1.000000 0 0 0.000000
13 2964.543212 2527.739990 -178.875000 0.000000 -90.000000 0.000000 0.000000 0.000000 1.000000 0.000000 -90.000000 1.000000 0 0 0.000000
13 2851.113525 2746.019531 -178.875000 0.000000 -91.000000 0.000000 0.000000 0.000000 1.000000 0.000000 -91.000000 1.000000 0 0 0.000000
13 2972.071533 2607.429931 -178.875000 0.000000 -91.000000 0.000000 0.000000 0.000000 1.000000 0.000000 -91.000000 1.000000 0 0 0.000000
13 3036.231933 2906.672607 -178.875000 0.000000 174.000000 0.000000 0.000000 0.000000 1.000000 0.000000 174.000000 1.000000 0 0 0.000000
13 2852.840087 2660.218750 -178.875000 0.000000 -91.000000 0.000000 0.000000 0.000000 1.000000 0.000000 -91.000000 1.000000 0 0 0.000000
13 3163.095947 2773.083984 -178.875000 0.000000 176.000000 0.000000 0.000000 0.000000 1.000000 0.000000 176.000000 1.000000 0 0 0.000000
13 3145.645263 2693.336669 -178.875000 0.000000 0.000000 0.000000 0.000000 0.000000 1.000000 0.000000 0.000000 1.000000 0 0 0.000000
13 2975.204101 2685.171630 -178.875000 0.000000 -93.000000 0.000000 0.000000 0.000000 1.000000 0.000000 -93.000000 1.000000 0 0 0.000000
13 2934.994384 2830.406738 -178.875000 0.000000 -173.000000 0.000000 0.000000 0.000000 1.000000 0.000000 -173.000000 1.000000 0 0 0.000000
13 3215.468017 2909.393310 -178.875000 0.000000 176.000000 0.000000 0.000000 0.000000 1.000000 0.000000 176.000000 1.000000 0 0 0.000000
13 3247.394042 2758.890380 -178.875000 0.000000 -179.000000 0.000000 0.000000 0.000000 1.000000 0.000000 -179.000000 1.000000 0 0 0.000000
13 3392.732421 2759.343505 -178.875000 0.000000 -179.000000 0.000000 0.000000 0.000000 1.000000 0.000000 -179.000000 1.000000 0 0 0.000000
13 3303.097656 2903.669677 -178.875000 0.000000 -179.000000 0.000000 0.000000 0.000000 1.000000 0.000000 -179.000000 1.000000 0 0 0.000000
13 3389.291748 2905.139160 -178.875000 0.000000 -178.000000 0.000000 0.000000 0.000000 1.000000 0.000000 -178.000000 1.000000 0 0 0.000000
13 3490.143310 2752.901855 -178.875000 0.000000 -176.000000 0.000000 0.000000 0.000000 1.000000 0.000000 -176.000000 1.000000 0 0 0.000000
13 3565.796875 2757.817626 -178.875000 0.000000 -176.000000 0.000000 0.000000 0.000000 1.000000 0.000000 -176.000000 1.000000 0 0 0.000000
13 3565.448730 2926.634765 -178.875000 0.000000 15.000000 0.000000 0.000000 0.000000 1.000000 0.000000 15.000000 1.000000 0 0 0.000000
14 3058.655761 2540.060546 -184.875000 0.000000 -86.000000 0.000000 0.000000 0.000000 1.000000 0.000000 -86.000000 1.000000 1 0 0.000000
13 3035.561523 2166.858154 -90.875000 0.000000 3.000000 0.000000 0.000000 0.000000 1.000000 0.000000 3.000000 1.000000 0 0 0.000000
13 3024.219970 2096.808105 -90.875000 0.000000 4.000000 0.000000 0.000000 0.000000 1.000000 0.000000 4.000000 1.000000 0 0 0.000000
13 3036.007080 2010.902832 -90.875000 0.000000 6.000000 0.000000 0.000000 0.000000 1.000000 0.000000 6.000000 1.000000 0 0 0.000000
14 3238.307617 2683.869384 -184.875000 0.000000 176.000000 0.000000 0.000000 0.000000 1.000000 0.000000 176.000000 1.000000 1 0 0.000000
13 3554.529541 2836.938964 -178.875000 0.000000 5.000000 0.000000 0.000000 0.000000 1.000000 0.000000 5.000000 1.000000 0 0 0.000000
13 1947.859619 1026.648925 187.125000 0.000000 112.000000 0.000000 0.000000 0.000000 1.000000 0.000000 112.000000 1.000000 0 0 0.000000
16 -109.030784 -1222.914306 -32.875000 0.000000 -6.000000 0.000000 0.000000 0.000000 1.000000 0.000000 -6.000000 1.000000 0 0 0.000000
14 1965.760009 1323.078125 191.164718 0.000000 95.000000 0.000000 0.000000 0.000000 1.000000 0.000000 95.000000 1.000000 0 0 0.000000
13 -543.690673 -1283.720214 -34.875000 0.000000 -170.000000 0.000000 0.000000 0.000000 1.000000 0.000000 -170.000000 1.000000 0 0 0.000000
13 -548.312011 -1189.048461 -34.875000 0.000000 176.000000 0.000000 0.000000 0.000000 1.000000 0.000000 176.000000 1.000000 0 0 0.000000
10 -470.570831 -1128.865966 -27.875000 0.000000 89.000000 0.000000 0.000000 0.000000 1.000000 0.000000 89.000000 1.000000 0 0 0.000000
16 -606.716552 -1293.140869 -32.875000 0.000000 -97.000000 0.000000 0.000000 0.000000 1.000000 0.000000 -97.000000 1.000000 0 0 0.000000
6 -132.989212 -1390.849365 -38.875000 0.000000 -86.000000 0.000000 0.000000 0.000000 1.000000 0.000000 -86.000000 1.000000 0 0 0.000000
13 -849.567993 -931.409973 6.925002 0.000000 147.000000 0.000000 0.000000 0.000000 1.000000 0.000000 147.000000 1.000000 0 0 0.000000
13 -753.003601 -902.019165 17.125001 0.000000 87.000000 0.000000 0.000000 0.000000 1.000000 0.000000 87.000000 1.000000 0 0 0.000000
13 -834.037231 -1267.474487 -34.875000 0.000000 -136.000000 0.000000 0.000000 0.000000 1.000000 0.000000 -136.000000 1.000000 0 0 0.000000
13 -813.185974 -1137.589233 -34.875000 0.000000 103.000000 0.000000 0.000000 0.000000 1.000000 0.000000 103.000000 1.000000 0 0 0.000000
13 -788.439208 -1279.440429 -34.875000 0.000000 -133.000000 0.000000 0.000000 0.000000 1.000000 0.000000 -133.000000 1.000000 0 0 0.000000
15 -608.443603 -918.665954 -32.875000 0.000000 5.000000 0.000000 0.000000 0.000000 1.000000 0.000000 5.000000 1.000000 0 0 0.000000
15 -609.443054 -1004.355651 -32.875000 0.000000 -12.000000 0.000000 0.000000 0.000000 1.000000 0.000000 -12.000000 1.000000 0 0 0.000000
11 -523.274230 -960.614807 -7.875000 0.000000 -179.000000 0.000000 0.000000 0.000000 1.000000 0.000000 -179.000000 1.000000 0 0 0.000000
16 -455.479553 -958.130371 -32.875000 0.000000 -174.000000 0.000000 0.000000 0.000000 1.000000 0.000000 -174.000000 1.000000 0 0 0.000000
11 488.496215 1476.688842 -118.096817 0.000000 170.000000 0.000000 0.000000 0.316227 0.948683 0.000000 170.000000 1.000000 0 0 0.000000
6 934.244812 -1389.901245 41.125000 0.000000 -109.000000 0.000000 0.000000 0.000000 1.000000 0.000000 -109.000000 1.000000 0 0 0.000000
14 738.756652 1570.504150 -121.452148 0.000000 127.000000 0.000000 0.669589 0.321402 0.669589 0.000000 127.000000 1.000000 0 0 0.000000
16 680.492431 1401.221801 -72.875000 0.000000 -4.000000 0.000000 0.000000 0.000000 1.000000 0.000000 -4.000000 1.000000 0 0 0.000000
6 77.473876 2892.989746 -6.875000 0.000000 6.000000 0.000000 0.000000 0.000000 1.000000 0.000000 6.000000 1.000000 0 0 0.000000
16 682.551452 1316.270019 -72.875000 0.000000 0.000000 0.000000 0.000000 0.000000 1.000000 0.000000 0.000000 1.000000 0 0 0.000000
16 2924.065917 4741.084960 -176.875000 0.000000 90.000000 0.000000 0.000000 0.000000 1.000000 0.000000 90.000000 1.000000 0 0 0.000000
16 2959.999511 4700.491699 -176.875000 0.000000 68.000000 0.000000 0.000000 0.000000 1.000000 0.000000 68.000000 1.000000 0 0 0.000000
16 2887.751953 4696.897460 -176.875000 0.000000 107.000000 0.000000 0.000000 0.000000 1.000000 0.000000 107.000000 1.000000 0 0 0.000000
16 2924.164306 4629.645996 -176.875000 0.000000 89.000000 0.000000 0.000000 0.000000 1.000000 0.000000 89.000000 1.000000 0 0 0.000000
16 2923.346679 4580.895996 -176.875000 0.000000 89.000000 0.000000 0.000000 0.000000 1.000000 0.000000 89.000000 1.000000 0 0 0.000000
6 2577.329345 2069.608154 -390.875000 0.000000 90.000000 0.000000 0.000000 0.000000 1.000000 0.000000 90.000000 1.000000 0 0 0.000000
6 1938.723266 1110.137817 -50.875000 0.000000 -29.000000 0.000000 0.000000 0.000000 1.000000 0.000000 -29.000000 1.000000 0 0 0.000000
15 906.446411 1254.396728 -248.875000 0.000000 -5.000000 0.000000 0.000000 0.000000 1.000000 0.000000 -5.000000 1.000000 0 0 0.000000
10 491.004760 1353.489257 -203.876205 0.000000 179.000000 0.000000 0.000000 0.000000 1.000000 0.000000 179.000000 1.000000 0 0 0.000000
15 607.246643 1267.897094 -208.874694 0.000000 -92.000000 0.000000 0.000000 0.000000 1.000000 0.000000 -92.000000 1.000000 0 0 0.000000
15 1965.869262 671.538513 -24.875000 0.000000 -90.000000 0.000000 0.000000 0.000000 1.000000 0.000000 -90.000000 1.000000 0 0 0.000000
15 1854.013549 675.039672 -32.875000 0.000000 -98.000000 0.000000 0.000000 0.000000 1.000000 0.000000 -98.000000 1.000000 0 0 0.000000
15 514.217895 1273.709106 -208.874694 0.000000 -120.000000 0.000000 0.000000 0.000000 1.000000 0.000000 -120.000000 1.000000 0 0 0.000000
10 686.735595 1556.206542 -90.679069 0.000000 9.000000 0.000000 0.000000 0.432731 0.901523 0.000000 9.000000 1.000000 0 0 0.000000
11 534.941650 1548.924560 -223.875030 0.000000 -98.000000 0.000000 0.000000 0.000000 1.000000 0.000000 -98.000000 1.000000 0 0 0.000000
11 736.575561 1320.376586 -247.875000 0.000000 -100.000000 0.000000 0.000000 0.000000 1.000000 0.000000 -100.000000 1.000000 0 0 0.000000
14 900.963562 1259.591186 -146.750000 0.000000 -51.000000 0.000000 0.000000 0.000000 1.000000 0.000000 -51.000000 1.000000 0 0 0.000000
10 686.723205 1497.847900 -67.875000 0.000000 0.000000 0.000000 0.000000 0.000000 1.000000 0.000000 0.000000 1.000000 0 0 0.000000
10 680.004699 1564.054443 -50.554069 0.000000 0.000000 0.000000 0.000000 0.000000 1.000000 0.000000 0.000000 1.000000 0 0 0.000000
11 532.215881 1484.454345 -223.875030 0.000000 88.000000 0.000000 0.000000 0.000000 1.000000 0.000000 88.000000 1.000000 0 0 0.000000
16 1068.808959 -226.745849 -32.875000 0.000000 -5.000000 0.000000 0.000000 0.000000 1.000000 0.000000 -5.000000 1.000000 0 0 0.000000
11 1077.111816 -180.342208 -7.875000 0.000000 -1.000000 0.000000 0.000000 0.000000 1.000000 0.000000 -1.000000 1.000000 0 0 0.000000
16 932.907836 -965.761962 -32.875000 0.000000 -137.000000 0.000000 0.000000 0.000000 1.000000 0.000000 -137.000000 1.000000 0 0 0.000000
16 642.476013 1532.107299 -140.875000 0.000000 7.000000 0.000000 0.000000 0.000000 1.000000 0.000000 7.000000 1.000000 0 0 0.000000
14 579.495056 27.623588 95.125000 0.000000 -109.000000 0.000000 0.000000 0.000000 1.000000 0.000000 -109.000000 1.000000 0 0 0.000000
16 -28.679656 -65.836166 -24.875000 0.000000 -176.000000 0.000000 0.000000 0.000000 1.000000 0.000000 -176.000000 1.000000 0 0 0.000000
15 969.091857 -102.289909 -32.875000 0.000000 -94.000000 0.000000 0.000000 0.000000 1.000000 0.000000 -94.000000 1.000000 0 0 0.000000
15 1070.403930 -103.047981 -32.875000 0.000000 -83.000000 0.000000 0.000000 0.000000 1.000000 0.000000 -83.000000 1.000000 0 0 0.000000
15 1113.760375 340.565826 -32.875000 0.000000 8.000000 0.000000 0.000000 0.000000 1.000000 0.000000 8.000000 1.000000 0 0 0.000000
13 1345.550903 2081.743408 213.125000 0.000000 91.000000 0.000000 0.000000 0.000000 1.000000 0.000000 91.000000 1.000000 0 0 0.000000
13 1428.431762 2085.912353 213.125000 0.000000 113.000000 0.000000 0.000000 0.000000 1.000000 0.000000 113.000000 1.000000 0 0 0.000000
13 1518.712280 2079.968505 213.125000 0.000000 94.000000 0.000000 0.000000 0.000000 1.000000 0.000000 94.000000 1.000000 0 0 0.000000
15 1506.631225 2060.128662 275.250000 0.000000 -81.000000 0.000000 0.000000 0.000000 1.000000 0.000000 -81.000000 1.000000 0 0 0.000000
15 1355.487792 2067.992431 275.250000 0.000000 -96.000000 0.000000 0.000000 0.000000 1.000000 0.000000 -96.000000 1.000000 0 0 0.000000
15 1432.930541 2072.612792 275.250000 0.000000 -96.000000 0.000000 0.000000 0.000000 1.000000 0.000000 -96.000000 1.000000 0 0 0.000000
15 1213.169433 2388.509521 -188.875000 0.000000 -167.000000 0.000000 0.000000 0.000000 1.000000 0.000000 -167.000000 1.000000 0 0 0.000000
14 723.754516 -412.456085 117.125526 0.000000 -34.000000 0.000000 0.000000 0.000000 1.000000 0.000000 -34.000000 1.000000 0 0 0.000000
10 683.831604 -393.725585 28.125000 0.000000 -73.000000 0.000000 0.000000 0.000000 1.000000 0.000000 -73.000000 1.000000 0 0 0.000000
13 630.475524 -438.690704 -10.875000 0.000000 -5.000000 0.000000 0.000000 0.000000 1.000000 0.000000 -5.000000 1.000000 0 0 0.000000
10 728.436279 -345.774749 68.250000 0.000000 -13.000000 0.000000 0.000000 0.000000 1.000000 0.000000 -13.000000 1.000000 0 0 0.000000
1 693.124328 -276.422088 207.125000 0.000000 -83.000000 0.000000 0.000000 0.000000 1.000000 0.000000 -83.000000 1.000000 0 0 0.000000
5 636.138061 -388.389343 -16.875000 0.000000 -83.000000 0.000000 0.000000 0.000000 1.000000 0.000000 -83.000000 1.000000 0 0 0.000000
2 611.043640 -285.330688 207.125000 0.000000 -89.000000 0.000000 0.000000 0.000000 1.000000 0.000000 -89.000000 1.000000 0 0 0.000000
6 40.319038 41.513111 -30.875000 0.000000 -12.000000 0.000000 0.000000 0.000000 1.000000 0.000000 -12.000000 1.000000 0 0 0.000000
15 -130.629852 -83.106704 -24.875000 0.000000 89.000000 0.000000 0.000000 0.000000 1.000000 0.000000 89.000000 1.000000 0 0 0.000000
11 123.608139 -171.485153 0.125000 0.000000 81.000000 0.000000 0.000000 0.000000 1.000000 0.000000 81.000000 1.000000 0 0 0.000000
11 -52.918930 -134.434539 0.125000 0.000000 76.000000 0.000000 0.000000 0.000000 1.000000 0.000000 76.000000 1.000000 0 0 0.000000
11 5.180027 -170.216598 -7.875000 0.000000 68.000000 0.000000 0.000000 0.000000 1.000000 0.000000 68.000000 1.000000 0 0 0.000000
14 3.703088 -95.240509 171.125000 0.000000 100.000000 0.000000 0.000000 0.000000 1.000000 0.000000 100.000000 1.000000 0 0 0.000000
11 64.190055 -181.596160 -7.875000 0.000000 96.000000 0.000000 0.000000 0.000000 1.000000 0.000000 96.000000 1.000000 0 0 0.000000
5 19.283512 -680.875000 85.080337 0.000000 -32.000000 -70.000000 0.000000 1.000000 0.000000 0.000000 -32.000000 0.000000 2 0 0.000000
5 62.966159 -680.875000 128.912368 0.000000 -70.000000 -23.000000 0.000000 1.000000 0.000000 0.000000 -70.000000 0.000000 2 0 0.000000
5 104.125244 -680.875000 153.069747 0.000000 -58.000000 -36.000000 0.000000 1.000000 0.000000 0.000000 -58.000000 0.000000 2 0 0.000000
5 148.875000 -613.210510 166.167907 0.000000 -73.000000 82.000000 -1.000000 0.000000 0.000000 -1.000000 -73.000000 0.000000 2 0 0.000000
5 154.073837 -568.146240 184.786560 0.000000 -83.000000 83.000000 -0.961523 0.000000 -0.274721 -1.000000 -83.000000 0.000000 2 0 0.000000
5 144.800796 -515.035034 185.202331 0.000000 -161.000000 161.000000 -0.948683 0.000000 -0.316227 -1.000000 -161.000000 0.000000 2 0 0.000000
5 153.728302 -455.810882 185.995910 0.000000 42.000000 -45.000000 -0.961523 0.000000 -0.274721 -1.000000 42.000000 0.000000 2 0 0.000000
5 153.687484 -411.154388 186.138763 0.000000 62.000000 -68.000000 -0.961523 0.000000 -0.274721 -1.000000 62.000000 0.000000 2 0 0.000000
5 156.875000 -337.193023 169.140472 0.000000 70.000000 -85.000000 -1.000000 0.000000 0.000000 -1.000000 70.000000 0.000000 2 0 0.000000
5 156.875000 -281.045318 148.975433 0.000000 -51.000000 61.000000 -1.000000 0.000000 0.000000 -1.000000 -51.000000 0.000000 2 0 0.000000
5 152.875000 -215.899780 145.881225 0.000000 7.000000 -6.000000 -1.000000 0.000000 0.000000 -0.955778 7.000000 0.294085 2 0 0.000000
14 1693.720703 1903.278808 143.125000 0.000000 118.000000 0.000000 0.000000 0.000000 1.000000 0.000000 118.000000 1.000000 0 0 0.000000
12 1717.735473 1979.273193 213.125000 0.000000 -177.000000 0.000000 0.000000 0.000000 1.000000 0.000000 -177.000000 1.000000 2 0 0.000000
16 1597.321411 1815.634399 85.125000 0.000000 115.000000 0.000000 0.000000 0.000000 1.000000 0.000000 115.000000 1.000000 0 0 0.000000
16 1635.741088 1813.008544 85.125000 0.000000 138.000000 0.000000 0.000000 0.000000 1.000000 0.000000 138.000000 1.000000 0 0 0.000000
16 1677.601806 1810.879394 87.125000 0.000000 -171.000000 0.000000 0.000000 0.000000 1.000000 0.000000 -171.000000 1.000000 0 0 0.000000
15 1862.628051 1743.575195 -32.875000 0.000000 -131.000000 0.000000 0.000000 0.000000 1.000000 0.000000 -131.000000 1.000000 0 0 0.000000
13 -98.785354 -1286.620971 -34.875000 0.000000 95.000000 0.000000 0.000000 0.000000 1.000000 0.000000 95.000000 1.000000 0 0 0.000000
9 1619.561401 1918.924438 -43.875000 0.000000 -91.000000 0.000000 0.000000 0.000000 1.000000 0.000000 -91.000000 1.000000 0 0 0.000000
13 -183.000961 -1285.029907 -34.875000 0.000000 87.000000 0.000000 0.000000 0.000000 1.000000 0.000000 87.000000 1.000000 0 0 0.000000
13 93.700965 -1564.161010 1.125608 0.000000 1.000000 0.000000 0.000000 0.000000 1.000000 0.000000 1.000000 1.000000 0 0 0.000000
13 1546.241210 374.930480 77.125000 0.000000 173.000000 0.000000 0.000000 0.000000 1.000000 0.000000 173.000000 1.000000 0 0 0.000000
16 1597.314941 485.194732 79.125000 0.000000 -179.000000 0.000000 0.000000 0.000000 1.000000 0.000000 -179.000000 1.000000 0 0 0.000000
14 2000.231201 637.381408 191.125396 0.000000 10.000000 0.000000 0.000000 0.000000 1.000000 0.000000 10.000000 1.000000 0 0 0.000000
14 1964.241699 518.645996 181.125000 0.000000 108.000000 0.000000 0.000000 0.000000 1.000000 0.000000 108.000000 1.000000 0 0 0.000000
15 1777.926513 545.017211 -32.875000 0.000000 -131.000000 0.000000 0.000000 0.000000 1.000000 0.000000 -131.000000 1.000000 0 0 0.000000
13 623.961364 1276.067626 -2.875000 0.000000 90.000000 0.000000 0.000000 0.000000 1.000000 0.000000 90.000000 1.000000 0 0 0.000000
15 1394.608642 367.645812 79.125000 0.000000 8.000000 0.000000 0.000000 0.000000 1.000000 0.000000 8.000000 1.000000 0 0 0.000000
15 1132.751586 239.084762 -32.875000 0.000000 -159.000000 0.000000 0.000000 0.000000 1.000000 0.000000 -159.000000 1.000000 0 0 0.000000
11 1099.533325 153.710678 -7.875000 0.000000 14.000000 0.000000 0.000000 0.000000 1.000000 0.000000 14.000000 1.000000 0 0 0.000000
16 1087.442016 107.282424 -32.875000 0.000000 1.000000 0.000000 0.000000 0.000000 1.000000 0.000000 1.000000 1.000000 0 0 0.000000
14 865.970520 -1908.972290 143.125000 0.000000 -81.000000 0.000000 0.000000 0.000000 1.000000 0.000000 -81.000000 1.000000 0 0 0.000000
15 1040.554931 -1464.372192 47.125000 0.000000 -5.000000 0.000000 0.000000 0.000000 1.000000 0.000000 -5.000000 1.000000 0 0 0.000000
16 1021.306152 -1819.597290 109.125000 0.000000 -70.000000 0.000000 0.000000 0.000000 1.000000 0.000000 -70.000000 1.000000 0 0 0.000000
13 1103.341308 -1681.815429 121.124992 0.000000 -3.000000 0.000000 0.000000 0.000000 1.000000 0.000000 -3.000000 1.000000 0 0 0.000000
1 247.628906 -1574.959228 55.969699 0.000000 92.000000 0.000000 0.000000 0.302034 0.953296 0.000000 92.000000 1.000000 0 0 0.000000
13 519.963256 -1854.053955 107.125000 0.000000 178.000000 0.000000 0.000000 0.000000 1.000000 0.000000 178.000000 1.000000 0 0 0.000000
14 -173.405014 -1908.588500 143.125000 0.000000 -102.000000 0.000000 0.000000 0.000000 1.000000 0.000000 -102.000000 1.000000 2 0 0.000000
14 -383.129211 -1839.562255 141.125000 0.000000 166.000000 0.000000 0.000000 0.000000 1.000000 0.000000 166.000000 1.000000 0 0 0.000000
14 2876.753906 1707.013549 111.125000 0.000000 -12.000000 0.000000 0.000000 0.000000 1.000000 0.000000 -12.000000 1.000000 0 0 0.000000
13 1070.531372 -433.656433 -34.875000 0.000000 -110.000000 0.000000 0.000000 0.000000 1.000000 0.000000 -110.000000 1.000000 0 0 0.000000
13 997.792785 -704.167602 -34.875000 0.000000 -111.000000 0.000000 0.000000 0.000000 1.000000 0.000000 -111.000000 1.000000 0 0 0.000000
13 712.000671 -695.598022 -34.875000 0.000000 -167.000000 0.000000 0.000000 0.000000 1.000000 0.000000 -167.000000 1.000000 0 0 0.000000
13 464.100921 -842.436889 -34.875000 0.000000 -158.000000 0.000000 0.000000 0.000000 1.000000 0.000000 -158.000000 1.000000 0 0 0.000000
13 754.455261 -804.648437 -34.875000 0.000000 116.000000 0.000000 0.000000 0.000000 1.000000 0.000000 116.000000 1.000000 0 0 0.000000
13 892.423828 -796.891540 -34.875000 0.000000 79.000000 0.000000 0.000000 0.000000 1.000000 0.000000 79.000000 1.000000 0 0 0.000000
13 877.754211 -896.906921 -34.875000 0.000000 5.000000 0.000000 0.000000 0.000000 1.000000 0.000000 5.000000 1.000000 0 0 0.000000
13 857.872985 -981.634704 -34.875000 0.000000 -6.000000 0.000000 0.000000 0.000000 1.000000 0.000000 -6.000000 1.000000 0 0 0.000000
13 801.487731 -1464.170776 90.125000 0.000000 -173.000000 0.000000 0.000000 0.000000 1.000000 0.000000 -173.000000 1.000000 0 0 0.000000
15 450.926849 -1574.125488 2.125000 0.000000 143.000000 0.000000 0.000000 0.000000 1.000000 0.000000 143.000000 1.000000 0 0 0.000000
15 533.809448 -1490.015014 7.125000 0.000000 125.000000 0.000000 0.000000 0.000000 1.000000 0.000000 125.000000 1.000000 0 0 0.000000
10 731.615966 -341.815399 28.125000 0.000000 -34.000000 0.000000 0.000000 0.000000 1.000000 0.000000 -34.000000 1.000000 0 0 0.000000
13 418.705871 -1655.275878 90.125000 0.000000 -127.000000 0.000000 0.000000 0.000000 1.000000 0.000000 -127.000000 1.000000 0 0 0.000000
15 1910.872680 3580.062255 -0.875001 0.000000 0.000000 0.000000 0.000000 0.000000 1.000000 0.000000 0.000000 1.000000 0 0 0.000000
11 1615.065429 3505.774902 24.125000 0.000000 -36.000000 0.000000 0.000000 0.000000 1.000000 0.000000 -36.000000 1.000000 0 0 0.000000
11 1439.291870 3422.523925 24.125000 0.000000 26.000000 0.000000 0.000000 0.000000 1.000000 0.000000 26.000000 1.000000 0 0 0.000000
11 1304.783203 3434.367187 24.125000 0.000000 82.000000 0.000000 0.000000 0.000000 1.000000 0.000000 82.000000 1.000000 0 0 0.000000
11 1368.892700 3433.509521 24.125000 0.000000 84.000000 0.000000 0.000000 0.000000 1.000000 0.000000 84.000000 1.000000 0 0 0.000000
15 1269.762817 3516.967285 7.125000 0.000000 41.000000 0.000000 0.000000 0.000000 1.000000 0.000000 41.000000 1.000000 0 0 0.000000
13 1839.380859 3510.843505 107.250000 0.000000 -81.000000 0.000000 0.000000 0.000000 1.000000 0.000000 -81.000000 1.000000 0 0 0.000000
14 1961.442626 3972.888671 203.125000 0.000000 143.000000 0.000000 0.000000 0.000000 1.000000 0.000000 143.000000 1.000000 0 0 0.000000
14 1956.041259 3970.071533 214.250000 0.000000 146.000000 0.000000 0.000000 0.000000 1.000000 0.000000 146.000000 1.000000 0 0 0.000000
15 1911.503417 3663.493408 -0.875001 0.000000 -9.000000 0.000000 0.000000 0.000000 1.000000 0.000000 -9.000000 1.000000 0 0 0.000000
14 168.586151 2265.937500 -8.875000 0.000000 134.000000 0.000000 0.000000 0.000000 1.000000 0.000000 134.000000 1.000000 0 0 0.000000
13 100.505699 2272.542480 8.250000 0.000000 -177.000000 0.000000 0.000000 0.000000 1.000000 0.000000 -177.000000 1.000000 0 0 0.000000
14 3542.460449 3918.185302 219.125000 0.000000 177.000000 0.000000 0.000000 0.000000 1.000000 0.000000 177.000000 1.000000 0 0 0.000000
13 3569.658691 3593.573974 117.124992 0.000000 179.000000 0.000000 0.000000 0.000000 1.000000 0.000000 179.000000 1.000000 0 0 0.000000
13 1805.303344 753.841125 165.125000 0.000000 -99.000000 0.000000 0.000000 0.000000 1.000000 0.000000 -99.000000 1.000000 0 0 0.000000
13 1924.425415 746.454528 165.125000 0.000000 -81.000000 0.000000 0.000000 0.000000 1.000000 0.000000 -81.000000 1.000000 0 0 0.000000
16 1634.956054 746.302490 79.125000 0.000000 -173.000000 0.000000 0.000000 0.000000 1.000000 0.000000 -173.000000 1.000000 0 0 0.000000
5 1682.957763 749.125000 129.923324 0.000000 -84.000000 -174.000000 0.000000 1.000000 0.000000 0.000000 -84.000000 -0.447213 2 0 0.000000
5 1716.441162 749.125000 161.414779 0.000000 -51.000000 -145.000000 0.000000 1.000000 0.000000 0.000000 -51.000000 -0.447213 2 0 0.000000
5 1747.831420 749.125000 196.142593 0.000000 -4.000000 -93.000000 0.000000 1.000000 0.000000 0.000000 -4.000000 0.000000 2 0 0.000000
16 1992.536987 1127.442260 199.124435 0.000000 -91.000000 0.000000 0.000000 0.000000 1.000000 0.000000 -91.000000 1.000000 0 0 0.000000
14 1966.817626 1224.339355 199.125457 0.000000 13.000000 0.000000 0.000000 0.000000 1.000000 0.000000 13.000000 1.000000 0 0 0.000000
11 162.023223 678.418395 4.125000 0.000000 -179.000000 0.000000 0.000000 0.000000 1.000000 0.000000 -179.000000 1.000000 0 0 0.000000
11 297.292816 706.263305 4.125343 0.000000 178.000000 0.000000 0.000000 0.000000 1.000000 0.000000 178.000000 1.000000 0 0 0.000000
11 313.933685 819.908752 0.125000 0.000000 79.000000 0.000000 0.000000 0.000000 1.000000 0.000000 79.000000 1.000000 0 0 0.000000
15 760.935729 -1366.365356 47.125000 0.000000 -177.000000 0.000000 0.000000 0.000000 1.000000 0.000000 -177.000000 1.000000 0 0 0.000000
11 505.941955 902.647949 0.125000 0.000000 19.000000 0.000000 0.000000 0.000000 1.000000 0.000000 19.000000 1.000000 0 0 0.000000
11 709.247131 919.621643 0.125000 0.000000 91.000000 0.000000 0.000000 0.000000 1.000000 0.000000 91.000000 1.000000 0 0 0.000000
11 528.277893 1019.957275 0.125000 0.000000 166.000000 0.000000 0.000000 0.000000 1.000000 0.000000 166.000000 1.000000 0 0 0.000000
14 451.009674 1532.649658 79.125000 0.000000 108.000000 0.000000 0.000000 0.000000 1.000000 0.000000 108.000000 1.000000 2 0 0.000000
15 541.038024 1501.412109 -0.875001 0.000000 2.000000 0.000000 0.000000 0.000000 1.000000 0.000000 2.000000 1.000000 0 0 0.000000
13 655.451049 1646.512817 -2.875000 0.000000 91.000000 0.000000 0.000000 0.000000 1.000000 0.000000 91.000000 1.000000 0 0 0.000000
13 729.101440 1646.854492 -2.875000 0.000000 93.000000 0.000000 0.000000 0.000000 1.000000 0.000000 93.000000 1.000000 0 0 0.000000
15 772.476135 -1477.223510 47.125000 0.000000 166.000000 0.000000 0.000000 0.000000 1.000000 0.000000 166.000000 1.000000 0 0 0.000000
15 -11.586431 -1889.448364 92.124992 0.000000 5.000000 0.000000 0.000000 0.000000 1.000000 0.000000 5.000000 1.000000 0 0 0.000000
13 816.103454 1613.542846 -2.875000 0.000000 106.000000 0.000000 0.000000 0.000000 1.000000 0.000000 106.000000 1.000000 0 0 0.000000
13 571.399169 1625.954467 -2.875000 0.000000 105.000000 0.000000 0.000000 0.000000 1.000000 0.000000 105.000000 1.000000 0 0 0.000000
15 62.688808 -1731.770874 92.125000 0.000000 0.000000 0.000000 0.000000 0.000000 1.000000 0.000000 0.000000 1.000000 0 0 0.000000
15 110.527236 -1520.757080 59.125000 0.000000 84.000000 0.000000 0.000000 0.000000 1.000000 0.000000 84.000000 1.000000 0 0 0.000000
15 94.689582 -1621.622192 3.125000 0.000000 12.000000 0.000000 0.000000 0.000000 1.000000 0.000000 12.000000 1.000000 0 0 0.000000
15 94.505950 -1705.699829 -0.874999 0.000000 -1.000000 0.000000 0.000000 0.000000 1.000000 0.000000 -1.000000 1.000000 0 0 0.000000
15 75.586105 -1876.199096 -0.874934 0.000000 9.000000 0.000000 0.000000 0.000000 1.000000 0.000000 9.000000 1.000000 0 0 0.000000
15 75.072669 -1794.642700 -0.874954 0.000000 -11.000000 0.000000 0.000000 0.000000 1.000000 0.000000 -11.000000 1.000000 0 0 0.000000
15 28.165546 -1828.625732 109.250061 0.000000 -2.000000 0.000000 0.000000 0.000000 1.000000 0.000000 -2.000000 1.000000 0 0 0.000000
15 84.739669 -1622.589111 113.250000 0.000000 -1.000000 0.000000 0.000000 0.000000 1.000000 0.000000 -1.000000 1.000000 0 0 0.000000
13 322.417236 2453.648193 45.125000 0.000000 4.000000 0.000000 0.000000 0.000000 1.000000 0.000000 4.000000 1.000000 0 0 0.000000
11 265.559082 2323.970703 32.125000 0.000000 -70.000000 0.000000 0.000000 0.000000 1.000000 0.000000 -70.000000 1.000000 0 0 0.000000
11 153.200790 2341.689697 24.125000 0.000000 -85.000000 0.000000 0.000000 0.000000 1.000000 0.000000 -85.000000 1.000000 0 0 0.000000
11 207.218399 2334.951904 24.125000 0.000000 -88.000000 0.000000 0.000000 0.000000 1.000000 0.000000 -88.000000 1.000000 0 0 0.000000
11 86.790794 2340.951416 24.125000 0.000000 -88.000000 0.000000 0.000000 0.000000 1.000000 0.000000 -88.000000 1.000000 0 0 0.000000
11 19.402956 2340.651855 24.125000 0.000000 -78.000000 0.000000 0.000000 0.000000 1.000000 0.000000 -78.000000 1.000000 0 0 0.000000
11 -46.810916 2333.232910 32.125000 0.000000 -89.000000 0.000000 0.000000 0.000000 1.000000 0.000000 -89.000000 1.000000 0 0 0.000000
13 1908.444335 2930.029052 277.125000 0.000000 152.000000 0.000000 0.000000 0.000000 1.000000 0.000000 152.000000 1.000000 0 0 0.000000
13 1726.304321 3243.979492 257.125000 0.000000 64.000000 0.000000 0.000000 0.000000 1.000000 0.000000 64.000000 1.000000 0 0 0.000000
5 1632.875000 3306.273437 53.790485 0.000000 -86.000000 90.000000 -1.000000 0.000000 0.000000 -1.000000 -86.000000 0.000000 2 0 0.000000
11 1579.089599 3455.022705 24.125000 0.000000 15.000000 0.000000 0.000000 0.000000 1.000000 0.000000 15.000000 1.000000 0 0 0.000000
15 381.924285 543.816101 -24.875000 0.000000 -100.000000 0.000000 0.000000 0.000000 1.000000 0.000000 -100.000000 1.000000 0 0 0.000000
15 255.895782 516.242675 -16.875000 0.000000 76.000000 0.000000 0.000000 0.000000 1.000000 0.000000 76.000000 1.000000 0 0 0.000000
15 148.679824 509.370880 -16.875000 0.000000 97.000000 0.000000 0.000000 0.000000 1.000000 0.000000 97.000000 1.000000 0 0 0.000000
15 101.680458 431.297729 -16.875000 0.000000 147.000000 0.000000 0.000000 0.000000 1.000000 0.000000 147.000000 1.000000 0 0 0.000000
15 493.839385 491.990081 -16.875000 0.000000 80.000000 0.000000 0.000000 0.000000 1.000000 0.000000 80.000000 1.000000 0 0 0.000000
15 558.870910 437.241912 -16.875000 0.000000 58.000000 0.000000 0.000000 0.000000 1.000000 0.000000 58.000000 1.000000 0 0 0.000000
15 564.155944 328.213012 -16.875000 0.000000 -28.000000 0.000000 0.000000 0.000000 1.000000 0.000000 -28.000000 1.000000 0 0 0.000000
11 312.105377 535.076904 53.125000 0.000000 -77.000000 0.000000 0.000000 0.000000 1.000000 0.000000 -77.000000 1.000000 0 0 0.000000
13 637.117858 595.153442 26.125001 0.000000 179.000000 0.000000 0.000000 0.000000 1.000000 0.000000 179.000000 1.000000 0 0 0.000000
15 601.136169 515.402282 -24.875000 0.000000 139.000000 0.000000 0.000000 0.000000 1.000000 0.000000 139.000000 1.000000 0 0 0.000000
16 650.081359 580.910339 -20.875000 0.000000 125.000000 0.000000 0.000000 0.000000 1.000000 0.000000 125.000000 1.000000 0 0 0.000000
14 105.856849 39.244979 107.125000 0.000000 -67.000000 0.000000 0.000000 0.000000 1.000000 0.000000 -67.000000 1.000000 0 0 0.000000
15 1910.775878 3744.641601 -0.875001 0.000000 48.000000 0.000000 0.000000 0.000000 1.000000 0.000000 48.000000 1.000000 0 0 0.000000
15 1983.070800 3831.299804 -0.875001 0.000000 50.000000 0.000000 0.000000 0.000000 1.000000 0.000000 50.000000 1.000000 0 0 0.000000
13 2042.162231 3907.291748 -2.875000 0.000000 -15.000000 0.000000 0.000000 0.000000 1.000000 0.000000 -15.000000 1.000000 0 0 0.000000
16 2222.738281 3101.493408 111.125000 0.000000 -82.000000 0.000000 0.000000 0.000000 1.000000 0.000000 -82.000000 1.000000 0 0 0.000000
15 1878.437988 3899.567871 219.125015 0.000000 48.000000 0.000000 0.000000 0.000000 1.000000 0.000000 48.000000 1.000000 0 0 0.000000
16 1981.525756 3903.430908 211.125000 0.000000 -58.000000 0.000000 0.000000 0.000000 1.000000 0.000000 -58.000000 1.000000 0 0 0.000000
15 2047.645507 3850.110595 219.125015 0.000000 85.000000 0.000000 0.000000 0.000000 1.000000 0.000000 85.000000 1.000000 0 0 0.000000
15 1952.194213 3829.067138 219.125015 0.000000 85.000000 0.000000 0.000000 0.000000 1.000000 0.000000 85.000000 1.000000 0 0 0.000000
14 1960.362915 3967.885742 203.125000 0.000000 133.000000 0.000000 0.000000 0.000000 1.000000 0.000000 133.000000 1.000000 0 0 0.000000
11 2037.663330 3918.262207 236.125000 0.000000 -45.000000 0.000000 0.000000 0.000000 1.000000 0.000000 -45.000000 1.000000 0 0 0.000000
11 2058.989501 3537.049072 244.125000 0.000000 -176.000000 0.000000 0.000000 0.000000 1.000000 0.000000 -176.000000 1.000000 0 0 0.000000
16 1969.413940 3176.272949 259.125000 0.000000 178.000000 0.000000 0.000000 0.000000 1.000000 0.000000 178.000000 1.000000 0 0 0.000000
11 2083.137695 3238.320312 236.125000 0.000000 -151.000000 0.000000 0.000000 0.000000 1.000000 0.000000 -151.000000 1.000000 0 0 0.000000
13 2616.781005 4536.591796 -2.875000 0.000000 -17.000000 0.000000 0.000000 0.000000 1.000000 0.000000 -17.000000 1.000000 0 0 0.000000
13 2618.144287 4616.633300 -2.875000 0.000000 -5.000000 0.000000 0.000000 0.000000 1.000000 0.000000 -5.000000 1.000000 0 0 0.000000
13 2599.727783 4793.591308 -2.875000 0.000000 36.000000 0.000000 0.000000 0.000000 1.000000 0.000000 36.000000 1.000000 0 0 0.000000
13 2608.669189 4705.952636 -2.875000 0.000000 -11.000000 0.000000 0.000000 0.000000 1.000000 0.000000 -11.000000 1.000000 0 0 0.000000
11 2671.701904 4036.514404 88.125000 0.000000 -178.000000 0.000000 0.000000 0.000000 1.000000 0.000000 -178.000000 1.000000 0 0 0.000000
14 2772.345703 4037.041748 215.125000 0.000000 -130.000000 0.000000 0.000000 0.000000 1.000000 0.000000 -130.000000 1.000000 0 0 0.000000
14 2725.900146 3860.679687 159.125000 0.000000 -55.000000 0.000000 0.000000 0.000000 1.000000 0.000000 -55.000000 1.000000 0 0 0.000000
15 3115.635009 3899.003906 -0.875001 0.000000 16.000000 0.000000 0.000000 0.000000 1.000000 0.000000 16.000000 1.000000 0 0 0.000000
15 3109.232421 3965.642822 -144.875000 0.000000 -25.000000 0.000000 0.000000 0.000000 1.000000 0.000000 -25.000000 1.000000 0 0 0.000000
15 3111.189453 3992.047363 -34.750000 0.000000 2.000000 0.000000 0.000000 0.000000 1.000000 0.000000 2.000000 1.000000 0 0 0.000000
15 3117.447021 4054.399169 -176.875000 0.000000 -9.000000 0.000000 0.000000 0.000000 1.000000 0.000000 -9.000000 1.000000 0 0 0.000000
15 3123.860107 4080.346679 -66.750000 0.000000 -3.000000 0.000000 0.000000 0.000000 1.000000 0.000000 -3.000000 1.000000 0 0 0.000000
15 3123.086181 4154.133300 -176.875000 0.000000 -25.000000 0.000000 0.000000 0.000000 1.000000 0.000000 -25.000000 1.000000 0 0 0.000000
15 3134.160644 4191.549804 -66.749992 0.000000 -10.000000 0.000000 0.000000 0.000000 1.000000 0.000000 -10.000000 1.000000 0 0 0.000000
15 3131.783447 4247.909179 -176.875000 0.000000 -3.000000 0.000000 0.000000 0.000000 1.000000 0.000000 -3.000000 1.000000 0 0 0.000000
11 3145.524902 4254.700195 -41.750003 0.000000 -17.000000 0.000000 0.000000 0.000000 1.000000 0.000000 -17.000000 1.000000 0 0 0.000000
14 3850.670654 3060.877685 119.975036 0.000000 -102.000000 0.000000 -0.447213 0.000000 0.894427 0.000000 -102.000000 1.000000 0 0 0.000000
16 3813.816650 3062.741455 235.125000 0.000000 14.000000 0.000000 0.000000 0.000000 1.000000 0.000000 14.000000 1.000000 0 0 0.000000
11 3575.472900 3061.550537 88.125000 0.000000 69.000000 0.000000 0.000000 0.000000 1.000000 0.000000 69.000000 1.000000 0 0 0.000000
13 3053.407470 3858.298828 61.125000 0.000000 -60.000000 0.000000 0.000000 0.000000 1.000000 0.000000 -60.000000 1.000000 0 0 0.000000
13 2965.711425 3866.813964 61.125000 0.000000 -79.000000 0.000000 0.000000 0.000000 1.000000 0.000000 -79.000000 1.000000 0 0 0.000000
13 2887.649658 3867.835937 61.125000 0.000000 -85.000000 0.000000 0.000000 0.000000 1.000000 0.000000 -85.000000 1.000000 0 0 0.000000
13 1605.475830 1592.236206 -42.875000 0.000000 90.000000 0.000000 0.000000 0.000000 1.000000 0.000000 90.000000 1.000000 0 0 0.000000
15 247.451690 -412.493286 -16.875000 0.000000 -172.000000 0.000000 0.000000 0.000000 1.000000 0.000000 -172.000000 1.000000 0 0 0.000000
11 1429.573486 1349.893920 -15.875000 0.000000 93.000000 0.000000 0.000000 0.000000 1.000000 0.000000 93.000000 1.000000 0 0 0.000000
15 243.977630 -307.389282 -16.875000 0.000000 -179.000000 0.000000 0.000000 0.000000 1.000000 0.000000 -179.000000 1.000000 0 0 0.000000
15 231.720413 -415.174346 93.250000 0.000000 5.000000 0.000000 0.000000 0.000000 1.000000 0.000000 5.000000 1.000000 0 0 0.000000
15 222.394775 -309.591217 93.250000 0.000000 -1.000000 0.000000 0.000000 0.000000 1.000000 0.000000 -1.000000 1.000000 0 0 0.000000
14 380.245819 1884.404907 -8.875000 0.000000 -178.000000 0.000000 0.000000 0.000000 1.000000 0.000000 -178.000000 1.000000 0 0 0.000000
14 381.571990 1967.143066 -8.875000 0.000000 176.000000 0.000000 0.000000 0.000000 1.000000 0.000000 176.000000 1.000000 0 0 0.000000
15 -139.190765 331.887725 -16.875000 0.000000 -34.000000 0.000000 0.000000 0.000000 1.000000 0.000000 -34.000000 1.000000 0 0 0.000000
15 -0.333183 341.726501 -24.875000 0.000000 78.000000 0.000000 0.000000 0.000000 1.000000 0.000000 78.000000 1.000000 0 0 0.000000
15 86.066261 344.960388 -16.875000 0.000000 -126.000000 0.000000 0.000000 0.000000 1.000000 0.000000 -126.000000 1.000000 0 0 0.000000
15 94.487983 256.706115 -16.875000 0.000000 177.000000 0.000000 0.000000 0.000000 1.000000 0.000000 177.000000 1.000000 0 0 0.000000
15 94.437385 149.929458 -24.875000 0.000000 -151.000000 0.000000 0.000000 0.000000 1.000000 0.000000 -151.000000 1.000000 0 0 0.000000
15 -77.183662 331.524780 -24.875000 0.000000 86.000000 0.000000 0.000000 0.000000 1.000000 0.000000 86.000000 1.000000 0 0 0.000000
14 2488.393066 2078.162353 -392.875000 0.000000 -178.000000 0.000000 0.000000 0.000000 1.000000 0.000000 -178.000000 1.000000 0 0 0.000000
16 2454.148193 2003.752807 -384.875000 0.000000 -179.000000 0.000000 0.000000 0.000000 1.000000 0.000000 -179.000000 1.000000 0 0 0.000000
9 2464.803955 1781.426147 -395.875000 0.000000 87.000000 0.000000 0.000000 0.000000 1.000000 0.000000 87.000000 1.000000 1 0 0.000000
11 2343.253906 1584.206787 24.125000 0.000000 166.000000 0.000000 0.000000 0.000000 1.000000 0.000000 166.000000 1.000000 0 0 0.000000
13 1347.284179 1826.257080 -42.875000 0.000000 92.000000 0.000000 0.000000 0.000000 1.000000 0.000000 92.000000 1.000000 0 0 0.000000
13 1517.878417 1792.079223 -42.875000 0.000000 88.000000 0.000000 0.000000 0.000000 1.000000 0.000000 88.000000 1.000000 0 0 0.000000
13 1431.852416 1794.807128 -42.875000 0.000000 103.000000 0.000000 0.000000 0.000000 1.000000 0.000000 103.000000 1.000000 0 0 0.000000
14 1520.652709 1990.005249 -48.875000 0.000000 90.000000 0.000000 0.000000 0.000000 1.000000 0.000000 90.000000 1.000000 0 0 0.000000
16 1371.707885 1907.852661 -40.875000 0.000000 -176.000000 0.000000 0.000000 0.000000 1.000000 0.000000 -176.000000 1.000000 0 0 0.000000
12 2391.431396 2076.480957 -386.875000 0.000000 -179.000000 0.000000 0.000000 0.000000 1.000000 0.000000 -179.000000 1.000000 0 0 0.000000
15 191.302917 3012.478271 43.125000 0.000000 2.000000 0.000000 0.000000 0.000000 1.000000 0.000000 2.000000 1.000000 0 0 0.000000
16 751.005493 2947.046630 -284.875000 0.000000 0.000000 0.000000 0.000000 0.000000 1.000000 0.000000 0.000000 1.000000 0 0 0.000000
1 658.538269 2899.949707 -246.361511 0.000000 179.000000 0.000000 0.707106 0.000000 0.707106 0.000000 179.000000 1.000000 0 0 0.000000
11 772.695800 2848.583007 -259.875000 0.000000 -61.000000 0.000000 0.000000 0.000000 1.000000 0.000000 -61.000000 1.000000 0 0 0.000000
15 -14.370800 2946.380615 43.125000 0.000000 178.000000 0.000000 0.000000 0.000000 1.000000 0.000000 178.000000 1.000000 0 0 0.000000
15 812.911315 3251.641601 7.125000 0.000000 -19.000000 0.000000 0.000000 0.000000 1.000000 0.000000 -19.000000 1.000000 0 0 0.000000
13 233.040939 3219.263427 25.218900 0.000000 -100.000000 0.000000 -0.707106 0.000000 0.707106 0.000000 -100.000000 1.000000 0 0 0.000000
11 895.662963 3388.584716 24.125000 0.000000 5.000000 0.000000 0.000000 0.000000 1.000000 0.000000 5.000000 1.000000 0 0 0.000000
13 -11.018472 3252.045410 27.195249 0.000000 -98.000000 0.000000 0.707106 0.000000 0.707106 0.000000 -98.000000 1.000000 0 0 0.000000
13 69.353271 3252.014404 -2.875000 0.000000 -89.000000 0.000000 0.000000 0.000000 1.000000 0.000000 -89.000000 1.000000 0 0 0.000000
13 147.390716 3258.580322 -2.875000 0.000000 -92.000000 0.000000 0.000000 0.000000 1.000000 0.000000 -92.000000 1.000000 0 0 0.000000
16 123.986320 3332.524414 -0.875000 0.000000 -88.000000 0.000000 0.000000 0.000000 1.000000 0.000000 -88.000000 1.000000 0 0 0.000000
11 879.605957 3315.595214 24.125000 0.000000 -4.000000 0.000000 0.000000 0.000000 1.000000 0.000000 -4.000000 1.000000 0 0 0.000000
15 809.075073 3514.369628 7.125000 0.000000 22.000000 0.000000 0.000000 0.000000 1.000000 0.000000 22.000000 1.000000 0 0 0.000000
11 866.002990 3446.481201 24.125000 0.000000 4.000000 0.000000 0.000000 0.000000 1.000000 0.000000 4.000000 1.000000 0 0 0.000000
15 631.493225 3256.693115 43.125000 0.000000 -96.000000 0.000000 0.000000 0.000000 1.000000 0.000000 -96.000000 1.000000 0 0 0.000000
15 622.094726 3365.199951 43.125000 0.000000 -108.000000 0.000000 0.000000 0.000000 1.000000 0.000000 -108.000000 1.000000 0 0 0.000000
15 567.242309 3509.513427 43.125000 0.000000 91.000000 0.000000 0.000000 0.000000 1.000000 0.000000 91.000000 1.000000 0 0 0.000000
16 2276.462402 3128.309814 55.125000 0.000000 -33.000000 0.000000 0.000000 0.000000 1.000000 0.000000 -33.000000 1.000000 0 0 0.000000
13 2141.862548 3124.847167 53.125000 0.000000 -91.000000 0.000000 0.000000 0.000000 1.000000 0.000000 -91.000000 1.000000 0 0 0.000000
13 2145.712402 3052.389160 53.125000 0.000000 88.000000 0.000000 0.000000 0.000000 1.000000 0.000000 88.000000 1.000000 0 0 0.000000
13 2169.431152 3464.732910 -2.875000 0.000000 -94.000000 0.000000 0.000000 0.000000 1.000000 0.000000 -94.000000 1.000000 0 0 0.000000
16 1852.010009 1164.760742 -44.875000 0.000000 -90.000000 0.000000 0.000000 0.000000 1.000000 0.000000 -90.000000 1.000000 0 0 0.000000
16 1852.041259 1228.565307 -44.875000 0.000000 -90.000000 0.000000 0.000000 0.000000 1.000000 0.000000 -90.000000 1.000000 0 0 0.000000
16 1852.078613 1298.295898 -44.875000 0.000000 -90.000000 0.000000 0.000000 0.000000 1.000000 0.000000 -90.000000 1.000000 0 0 0.000000
16 1810.110229 1199.952148 -40.875000 0.000000 -112.000000 0.000000 0.000000 0.000000 1.000000 0.000000 -112.000000 1.000000 0 0 0.000000
15 827.208618 2898.997314 -284.875000 0.000000 -177.000000 0.000000 0.000000 0.000000 1.000000 0.000000 -177.000000 1.000000 0 0 0.000000
16 1890.941406 1198.355468 -40.875000 0.000000 -69.000000 0.000000 0.000000 0.000000 1.000000 0.000000 -69.000000 1.000000 0 0 0.000000
14 608.639953 2564.585205 -292.875000 0.000000 -178.000000 0.000000 0.000000 0.000000 1.000000 0.000000 -178.000000 1.000000 0 0 0.000000
15 2664.820068 1636.143310 -0.875001 0.000000 -90.000000 0.000000 0.000000 0.000000 1.000000 0.000000 -90.000000 1.000000 0 0 0.000000
1 539.564086 2901.117187 -127.387313 0.000000 -171.000000 0.000000 0.707106 0.000000 0.707106 0.000000 -171.000000 1.000000 0 0 0.000000
1 456.360290 2897.101318 -44.183513 0.000000 -158.000000 0.000000 0.707106 0.000000 0.707106 0.000000 -158.000000 1.000000 0 0 0.000000
15 940.217285 2144.302490 -284.875000 0.000000 6.000000 0.000000 0.000000 0.000000 1.000000 0.000000 6.000000 1.000000 0 0 0.000000
14 1034.664916 2196.773437 -112.874397 0.000000 0.000000 0.000000 0.000000 0.000000 1.000000 0.000000 0.000000 1.000000 0 0 0.000000
13 737.168457 2359.916992 -162.875000 0.000000 90.000000 0.000000 0.000000 0.000000 1.000000 0.000000 90.000000 1.000000 0 0 0.000000
13 664.879455 2354.381103 -166.875000 0.000000 88.000000 0.000000 0.000000 0.000000 1.000000 0.000000 88.000000 1.000000 0 0 0.000000
13 586.008911 2399.393798 -162.875000 0.000000 88.000000 0.000000 0.000000 0.000000 1.000000 0.000000 88.000000 1.000000 0 0 0.000000
11 520.773803 2372.649658 -139.875442 0.000000 84.000000 0.000000 0.000000 0.000000 1.000000 0.000000 84.000000 1.000000 0 0 0.000000
4 514.599121 2261.559082 -148.875000 0.000000 79.000000 0.000000 0.000000 0.000000 1.000000 0.000000 79.000000 1.000000 2 0 0.000000
13 625.197937 2382.871582 -286.875000 0.000000 89.000000 0.000000 0.000000 0.000000 1.000000 0.000000 89.000000 1.000000 0 0 0.000000
13 702.344970 2399.281250 -286.875000 0.000000 86.000000 0.000000 0.000000 0.000000 1.000000 0.000000 86.000000 1.000000 0 0 0.000000
13 535.270263 2394.011230 -270.875000 0.000000 95.000000 0.000000 0.000000 0.000000 1.000000 0.000000 95.000000 1.000000 0 0 0.000000
13 797.708618 2396.321289 -286.875000 0.000000 87.000000 0.000000 0.000000 0.000000 1.000000 0.000000 87.000000 1.000000 0 0 0.000000
11 660.124206 2289.306640 -259.875000 0.000000 89.000000 0.000000 0.000000 0.000000 1.000000 0.000000 89.000000 1.000000 0 0 0.000000
11 660.124206 2289.306640 -179.750000 0.000000 89.000000 0.000000 0.000000 0.000000 1.000000 0.000000 89.000000 1.000000 0 0 0.000000
11 660.124206 2289.306640 -99.625000 0.000000 89.000000 0.000000 0.000000 0.000000 1.000000 0.000000 89.000000 1.000000 0 0 0.000000
15 456.827331 979.761474 -280.875000 0.000000 -179.000000 0.000000 0.000000 0.000000 1.000000 0.000000 -179.000000 1.000000 0 0 0.000000
13 528.134704 1045.123046 -250.874969 0.000000 89.000000 0.000000 0.000000 0.000000 1.000000 0.000000 89.000000 1.000000 0 0 0.000000
13 534.476745 900.391113 -250.875000 0.000000 -91.000000 0.000000 0.000000 0.000000 1.000000 0.000000 -91.000000 1.000000 0 0 0.000000
11 614.455627 1002.618469 -255.875000 0.000000 -175.000000 0.000000 0.000000 0.000000 1.000000 0.000000 -175.000000 1.000000 0 0 0.000000
14 541.745849 978.589965 -288.875000 0.000000 179.000000 0.000000 0.000000 0.000000 1.000000 0.000000 179.000000 1.000000 2 0 0.000000
11 619.033508 951.612182 -255.875000 0.000000 178.000000 0.000000 0.000000 0.000000 1.000000 0.000000 178.000000 1.000000 0 0 0.000000
9 1425.593627 2245.238525 -139.875000 0.000000 -35.000000 0.000000 0.000000 0.000000 1.000000 0.000000 -35.000000 1.000000 0 0 0.000000
15 1426.349365 2010.244018 -40.875000 0.000000 89.000000 0.000000 0.000000 0.000000 1.000000 0.000000 89.000000 1.000000 0 0 0.000000
15 981.572570 2432.246826 -284.875000 0.000000 92.000000 0.000000 0.000000 0.000000 1.000000 0.000000 92.000000 1.000000 0 0 0.000000
15 818.227233 2364.007812 -195.872268 0.000000 97.000000 0.000000 0.000000 0.000000 1.000000 0.000000 97.000000 1.000000 0 0 0.000000
15 1059.511230 2434.728027 -268.875000 0.000000 103.000000 0.000000 0.000000 0.000000 1.000000 0.000000 103.000000 1.000000 0 0 0.000000
15 905.046142 2399.227294 -264.875000 0.000000 122.000000 0.000000 0.000000 0.000000 1.000000 0.000000 122.000000 1.000000 0 0 0.000000
13 918.811401 2358.457031 -156.750000 0.000000 101.000000 0.000000 0.000000 0.000000 1.000000 0.000000 101.000000 1.000000 0 0 0.000000
13 992.381164 2372.827636 -160.750000 0.000000 99.000000 0.000000 0.000000 0.000000 1.000000 0.000000 99.000000 1.000000 0 0 0.000000
11 2740.296630 1613.951660 58.473411 0.000000 93.000000 0.000000 -0.707106 0.000000 0.707106 0.000000 93.000000 1.000000 0 0 0.000000
13 2574.111572 1595.856323 -2.875000 0.000000 93.000000 0.000000 0.000000 0.000000 1.000000 0.000000 93.000000 1.000000 0 0 0.000000
13 2487.701904 1592.249389 -2.875000 0.000000 73.000000 0.000000 0.000000 0.000000 1.000000 0.000000 73.000000 1.000000 0 0 0.000000
13 2412.542480 1598.155761 -2.875000 0.000000 79.000000 0.000000 0.000000 0.000000 1.000000 0.000000 79.000000 1.000000 0 0 0.000000
14 2499.898193 2388.456542 103.125000 0.000000 139.000000 0.000000 0.000000 0.000000 1.000000 0.000000 139.000000 1.000000 0 0 0.000000
14 2288.441406 1858.914550 103.125000 0.000000 -134.000000 0.000000 0.000000 0.000000 1.000000 0.000000 -134.000000 1.000000 0 0 0.000000
16 2273.712402 2181.107177 111.125000 0.000000 129.000000 0.000000 0.000000 0.000000 1.000000 0.000000 129.000000 1.000000 0 0 0.000000
4 2637.211425 1740.334350 -176.875000 0.000000 -89.000000 0.000000 0.000000 0.000000 1.000000 0.000000 -89.000000 1.000000 2 0 0.000000
4 2639.258056 1805.216186 -176.875000 0.000000 -91.000000 0.000000 0.000000 0.000000 1.000000 0.000000 -91.000000 1.000000 2 0 0.000000
4 2640.479736 1688.409667 -176.875000 0.000000 -100.000000 0.000000 0.000000 0.000000 1.000000 0.000000 -100.000000 1.000000 2 0 0.000000
