11 407.573059 -983.836853 28.225000 0.000000 19.000000 0.000000 0.000000 0.000000 0.000000 0.000000 19.000000 1.000000 0 0 0.000000
11 -511.589782 -145.655685 1068.125000 0.000000 178.000000 0.000000 0.000000 0.000000 1.000000 0.000000 178.000000 1.000000 0 0 0.000000
11 -502.682250 -191.624923 1071.263916 0.000000 179.000000 0.000000 0.000000 0.974391 0.224859 0.000000 179.000000 1.000000 0 0 0.000000
11 686.588867 409.492004 872.124511 0.000000 49.000000 0.000000 0.000000 0.000000 1.000000 0.000000 49.000000 1.000000 0 0 0.000000
11 683.448974 370.736297 952.249511 0.000000 150.000000 0.000000 0.000000 0.000000 1.000000 0.000000 150.000000 1.000000 0 0 0.000000
11 150.232574 -841.565063 -11.875000 0.000000 170.000000 0.000000 0.000000 0.000000 1.000000 0.000000 170.000000 1.000000 0 0 0.000000
15 572.922729 -498.068481 341.125000 0.000000 -87.000000 0.000000 0.000000 0.000000 1.000000 0.000000 -87.000000 1.000000 0 0 0.000000
11 1334.978027 -496.393127 232.125000 0.000000 -91.000000 0.000000 0.000000 0.000000 1.000000 0.000000 -91.000000 1.000000 0 0 0.000000
16 1336.296875 -428.198486 207.125000 0.000000 -92.000000 0.000000 0.000000 0.000000 1.000000 0.000000 -92.000000 1.000000 0 0 0.000000
16 1336.212280 -560.489562 207.125000 0.000000 -123.000000 0.000000 0.000000 0.000000 1.000000 0.000000 -123.000000 1.000000 0 0 0.000000
16 -154.552185 -282.504211 7.125000 0.000000 25.000000 0.000000 0.000000 0.000000 1.000000 0.000000 25.000000 1.000000 0 0 0.000000
16 -155.393859 -517.873168 7.125000 0.000000 -30.000000 0.000000 0.000000 0.000000 1.000000 0.000000 -30.000000 1.000000 0 0 0.000000
14 242.618942 721.095031 999.125000 0.000000 59.000000 0.000000 0.000000 0.000000 1.000000 0.000000 59.000000 1.000000 1 0 0.000000
10 -70.954879 275.243316 1012.125000 0.000000 98.000000 0.000000 0.000000 0.000000 1.000000 0.000000 98.000000 1.000000 0 0 0.000000
11 -20.270097 316.861267 1032.125000 0.000000 78.000000 0.000000 0.000000 0.000000 1.000000 0.000000 78.000000 1.000000 0 0 0.000000
15 59.163417 286.923339 1040.125000 0.000000 -174.000000 0.000000 0.000000 0.000000 1.000000 0.000000 -174.000000 1.000000 0 0 0.000000
10 -554.358459 -31.975765 1048.125000 0.000000 0.000000 0.000000 0.000000 0.000000 1.000000 0.000000 0.000000 1.000000 0 0 0.000000
16 -1580.770874 136.661087 1015.125000 0.000000 -56.000000 0.000000 0.000000 0.000000 1.000000 0.000000 -56.000000 1.000000 0 0 0.000000
15 -1456.856323 -171.858062 1043.125000 0.000000 -119.000000 0.000000 0.000000 0.000000 1.000000 0.000000 -119.000000 1.000000 0 0 0.000000
10 -960.960327 -195.304351 1048.125000 0.000000 -62.000000 0.000000 0.000000 0.000000 1.000000 0.000000 -62.000000 1.000000 0 0 0.000000
11 -1392.745483 -196.040039 1068.125000 0.000000 179.000000 0.000000 0.000000 0.000000 1.000000 0.000000 179.000000 1.000000 0 0 0.000000
14 -307.740417 2455.299316 1027.125000 0.000000 90.000000 0.000000 0.000000 0.000000 1.000000 0.000000 90.000000 1.000000 1 0 0.000000
16 -831.040954 1281.534423 1043.125000 0.000000 -112.000000 0.000000 0.000000 0.000000 1.000000 0.000000 -112.000000 1.000000 0 0 0.000000
16 -735.674377 1292.741821 1043.125000 0.000000 -58.000000 0.000000 0.000000 0.000000 1.000000 0.000000 -58.000000 1.000000 0 0 0.000000
14 -1603.375000 703.655456 971.125000 0.000000 89.000000 0.000000 0.000000 0.000000 1.000000 0.000000 89.000000 1.000000 1 0 0.000000
15 -695.538208 1013.522583 1043.125000 0.000000 100.000000 0.000000 0.000000 0.000000 1.000000 0.000000 100.000000 1.000000 0 0 0.000000
11 -1515.423950 714.819152 1004.125000 0.000000 51.000000 0.000000 0.000000 0.000000 1.000000 0.000000 51.000000 1.000000 0 0 0.000000
16 -1552.442016 721.260986 979.125000 0.000000 70.000000 0.000000 0.000000 0.000000 1.000000 0.000000 70.000000 1.000000 0 0 0.000000
15 -1545.975219 627.004211 979.125000 0.000000 89.000000 0.000000 0.000000 0.000000 1.000000 0.000000 89.000000 1.000000 0 0 0.000000
15 -1590.403320 494.793609 979.125000 0.000000 93.000000 0.000000 0.000000 0.000000 1.000000 0.000000 93.000000 1.000000 0 0 0.000000
16 -1570.496826 274.035614 979.125000 0.000000 -47.000000 0.000000 0.000000 0.000000 1.000000 0.000000 -47.000000 1.000000 0 0 0.000000
9 -1619.271362 201.543792 968.125000 0.000000 -87.000000 0.000000 0.000000 0.000000 1.000000 0.000000 -87.000000 1.000000 0 0 0.000000
10 -1448.965332 266.650207 1052.125000 0.000000 -19.000000 0.000000 0.000000 0.000000 1.000000 0.000000 -19.000000 1.000000 0 0 0.000000
9 -1615.424316 347.120208 968.125000 0.000000 -103.000000 0.000000 0.000000 0.000000 1.000000 0.000000 -103.000000 1.000000 0 0 0.000000
11 -1623.085815 606.455993 1004.125000 0.000000 -96.000000 0.000000 0.000000 0.000000 1.000000 0.000000 -96.000000 1.000000 0 0 0.000000
5 -920.000976 -101.609306 1267.125000 0.000000 86.000000 0.000000 0.000000 0.000000 1.000000 0.000000 86.000000 1.000000 0 0 0.000000
6 -724.756652 -172.340789 1037.125000 0.000000 -175.000000 0.000000 0.000000 0.000000 1.000000 0.000000 -175.000000 1.000000 0 0 0.000000
5 -919.825134 -175.016799 1267.125000 0.000000 -86.000000 0.000000 0.000000 0.000000 1.000000 0.000000 -86.000000 1.000000 0 0 0.000000
5 -924.288208 73.360862 1267.125000 0.000000 88.000000 0.000000 0.000000 0.000000 1.000000 0.000000 88.000000 1.000000 0 0 0.000000
5 -926.381164 167.229385 1267.125000 0.000000 88.000000 0.000000 0.000000 0.000000 1.000000 0.000000 88.000000 1.000000 0 0 0.000000
5 -924.868164 264.150329 1267.125000 0.000000 88.000000 0.000000 0.000000 0.000000 1.000000 0.000000 88.000000 1.000000 0 0 0.000000
1 -921.460327 2.186692 1267.125000 0.000000 -87.000000 0.000000 0.000000 0.000000 1.000000 0.000000 -87.000000 1.000000 0 0 0.000000
4 -1432.875000 -33.839714 1223.011718 0.000000 71.000000 85.000000 1.000000 0.000000 0.000000 1.000000 71.000000 0.000000 0 0 0.000000
4 -1339.937011 -220.999938 1155.992797 0.000000 169.000000 93.000000 0.000000 0.992277 -0.124034 0.000000 169.000000 -0.124034 0 0 0.000000
4 -1424.063354 -220.847564 1157.211791 0.000000 168.000000 88.000000 0.000000 0.992277 -0.124034 0.000000 168.000000 0.124034 0 0 0.000000
4 -1287.646850 -217.492919 1184.048950 0.000000 -15.000000 -100.000000 0.000000 0.992277 -0.124034 0.000000 -15.000000 0.000000 0 0 0.000000
14 -1551.780883 282.665649 1298.256835 0.000000 87.000000 0.000000 0.164398 0.000000 0.986393 0.000000 87.000000 1.000000 1 0 0.000000
15 -1550.875000 116.825294 1307.517700 0.000000 -104.000000 0.000000 1.000000 0.000000 0.000000 0.000000 -104.000000 1.000000 0 0 0.000000
15 -1457.389160 106.242164 1291.524902 0.000000 -84.000000 0.000000 0.164398 0.000000 0.986393 0.000000 -84.000000 1.000000 0 0 0.000000
4 -1238.352539 -214.875000 1220.223632 0.000000 -10.000000 -92.000000 0.000000 1.000000 0.000000 0.000000 -10.000000 0.000000 0 0 0.000000
4 -1175.236572 -215.822586 1276.482177 0.000000 -10.000000 -88.000000 0.000000 0.995037 0.099503 0.000000 -10.000000 0.000000 0 0 0.000000
14 -1539.989135 22.995754 1296.291503 0.000000 98.000000 0.000000 0.164398 0.000000 0.986393 0.000000 98.000000 1.000000 1 0 0.000000
10 117.386573 1397.063964 44.125000 0.000000 -96.000000 0.000000 0.000000 0.000000 1.000000 0.000000 -96.000000 1.000000 0 0 0.000000
6 148.164016 1345.283203 33.125000 0.000000 -83.000000 0.000000 0.000000 0.000000 1.000000 0.000000 -83.000000 1.000000 0 0 0.000000
10 168.383087 1399.334960 44.125000 0.000000 -87.000000 0.000000 0.000000 0.000000 1.000000 0.000000 -87.000000 1.000000 0 0 0.000000
10 -291.195526 8.854362 -31.875000 0.000000 80.000000 0.000000 0.000000 0.000000 1.000000 0.000000 80.000000 1.000000 0 0 0.000000
15 -263.644042 174.995132 -32.532161 0.000000 177.000000 0.000000 -0.242535 0.000000 0.970142 0.000000 177.000000 1.000000 0 0 0.000000
16 192.600357 135.335205 31.125000 0.000000 89.000000 0.000000 0.000000 0.000000 1.000000 0.000000 89.000000 1.000000 0 0 0.000000
11 18.799552 118.260185 40.125000 0.000000 126.000000 0.000000 0.000000 0.000000 1.000000 0.000000 126.000000 1.000000 0 0 0.000000
15 91.554573 161.446578 15.125000 0.000000 119.000000 0.000000 0.000000 0.000000 1.000000 0.000000 119.000000 1.000000 0 0 0.000000
10 172.003005 214.625427 222.125000 0.000000 141.000000 0.000000 0.000000 0.000000 1.000000 0.000000 141.000000 1.000000 0 0 0.000000
11 32.788261 231.291595 40.125000 0.000000 59.000000 0.000000 0.000000 0.000000 1.000000 0.000000 59.000000 1.000000 0 0 0.000000
10 175.167755 243.810592 286.125000 0.000000 -168.000000 0.000000 0.000000 0.000000 1.000000 0.000000 -168.000000 1.000000 0 0 0.000000
10 175.303604 94.364204 286.125000 0.000000 -120.000000 0.000000 0.000000 0.000000 1.000000 0.000000 -120.000000 1.000000 0 0 0.000000
10 83.402023 184.567672 286.125000 0.000000 -169.000000 0.000000 0.000000 0.000000 1.000000 0.000000 -169.000000 1.000000 0 0 0.000000
10 66.801086 809.118103 42.120368 0.000000 -83.000000 0.000000 0.000000 0.000000 1.000000 0.000000 -83.000000 1.000000 0 0 0.000000
15 462.875030 157.917648 15.125000 0.000000 -121.000000 0.000000 0.000000 0.000000 1.000000 0.000000 -121.000000 1.000000 0 0 0.000000
13 101.600296 870.842956 13.125000 0.000000 -87.000000 0.000000 0.000000 0.000000 1.000000 0.000000 -87.000000 1.000000 0 0 0.000000
14 376.527282 167.880065 7.125000 0.000000 -30.000000 0.000000 0.000000 0.000000 1.000000 0.000000 -30.000000 1.000000 1 0 0.000000
11 353.034698 161.971405 376.125000 0.000000 -1.000000 0.000000 0.000000 0.000000 1.000000 0.000000 -1.000000 1.000000 0 0 0.000000
14 565.185913 161.593292 7.125000 0.000000 -99.000000 0.000000 0.000000 0.000000 1.000000 0.000000 -99.000000 1.000000 1 0 0.000000
14 244.319580 201.488708 273.125000 0.000000 -2.000000 0.000000 0.000000 0.000000 1.000000 0.000000 -2.000000 1.000000 1 0 0.000000
11 191.580734 320.255706 376.125000 0.000000 88.000000 0.000000 0.000000 0.000000 1.000000 0.000000 88.000000 1.000000 0 0 0.000000
11 39.595230 168.437088 376.125000 0.000000 -178.000000 0.000000 0.000000 0.000000 1.000000 0.000000 -178.000000 1.000000 0 0 0.000000
10 197.666305 166.826004 356.125000 0.000000 86.000000 0.000000 0.000000 0.000000 1.000000 0.000000 86.000000 1.000000 0 0 0.000000
15 188.562362 876.182617 15.125000 0.000000 -55.000000 0.000000 0.000000 0.000000 1.000000 0.000000 -55.000000 1.000000 0 0 0.000000
13 190.771850 84.743568 349.125000 0.000000 -90.000000 0.000000 0.000000 0.000000 1.000000 0.000000 -90.000000 1.000000 0 0 0.000000
15 138.321426 754.981506 37.127029 0.000000 -175.000000 0.000000 0.000000 0.000000 1.000000 0.000000 -175.000000 1.000000 0 0 0.000000
16 115.249877 815.988037 11.125000 0.000000 65.000000 0.000000 0.000000 0.000000 1.000000 0.000000 65.000000 1.000000 0 0 0.000000
15 222.181823 790.142944 15.125001 0.000000 -176.000000 0.000000 0.000000 0.000000 1.000000 0.000000 -176.000000 1.000000 0 0 0.000000
13 568.961547 539.869140 13.125000 0.000000 -78.000000 0.000000 0.000000 0.000000 1.000000 0.000000 -78.000000 1.000000 0 0 0.000000
13 598.513366 655.428588 13.125000 0.000000 -4.000000 0.000000 0.000000 0.000000 1.000000 0.000000 -4.000000 1.000000 0 0 0.000000
13 484.595855 533.985229 13.125000 0.000000 -91.000000 0.000000 0.000000 0.000000 1.000000 0.000000 -91.000000 1.000000 0 0 0.000000
10 524.021057 468.406005 20.125000 0.000000 97.000000 0.000000 0.000000 0.000000 1.000000 0.000000 97.000000 1.000000 0 0 0.000000
13 180.955810 1580.293212 45.125000 0.000000 -92.000000 0.000000 0.000000 0.000000 1.000000 0.000000 -92.000000 1.000000 0 0 0.000000
1 430.421081 783.232299 15.125000 0.000000 -5.000000 0.000000 0.000000 0.000000 1.000000 0.000000 -5.000000 1.000000 0 0 0.000000
13 108.435867 1583.658325 45.125000 0.000000 -92.000000 0.000000 0.000000 0.000000 1.000000 0.000000 -92.000000 1.000000 0 0 0.000000
15 589.212036 772.900024 37.125057 0.000000 5.000000 0.000000 0.000000 0.000000 1.000000 0.000000 5.000000 1.000000 0 0 0.000000
1 665.888977 -487.909332 182.875000 0.000000 86.000000 -179.000000 0.000000 0.000000 -1.000000 0.000000 86.000000 0.000000 0 0 0.000000
14 1157.964355 2090.266113 -132.875000 0.000000 179.000000 0.000000 0.000000 0.000000 1.000000 0.000000 179.000000 1.000000 1 0 0.000000
6 442.769714 -376.529022 295.125000 0.000000 -58.000000 0.000000 0.000000 0.000000 1.000000 0.000000 -58.000000 1.000000 0 0 0.000000
4 742.251586 -433.926879 3.582386 0.000000 64.000000 -107.000000 -0.983869 0.000000 0.178885 -1.000000 64.000000 0.000000 0 0 0.000000
1 454.435882 -624.277221 301.125000 0.000000 -46.000000 0.000000 0.000000 0.000000 1.000000 0.000000 -46.000000 1.000000 0 0 0.000000
3 463.694488 -390.886901 775.125000 0.000000 -90.000000 0.000000 0.000000 0.000000 1.000000 0.000000 -90.000000 1.000000 0 0 0.000000
15 669.509460 -324.886627 -36.875000 0.000000 -4.000000 0.000000 0.000000 0.000000 1.000000 0.000000 -4.000000 1.000000 0 0 0.000000
4 740.501342 -542.225219 0.975994 0.000000 -77.000000 98.000000 -0.701334 0.701334 0.127515 -1.000000 -77.000000 0.000000 0 0 0.000000
15 216.914779 -339.234497 10.125000 0.000000 9.000000 0.000000 0.000000 0.000000 1.000000 0.000000 9.000000 1.000000 0 0 0.000000
15 642.354248 -425.972839 -36.875000 0.000000 113.000000 0.000000 0.000000 0.000000 1.000000 0.000000 113.000000 1.000000 0 0 0.000000
11 689.239074 410.635406 872.124511 0.000000 16.000000 0.000000 0.000000 0.000000 1.000000 0.000000 16.000000 1.000000 0 0 0.000000
6 463.777893 -329.842132 769.125000 0.000000 -90.000000 0.000000 0.000000 0.000000 1.000000 0.000000 -90.000000 1.000000 0 0 0.000000
11 654.820556 218.921966 1152.125000 0.000000 -153.000000 0.000000 0.000000 0.000000 1.000000 0.000000 -153.000000 1.000000 0 0 0.000000
3 577.976501 763.125915 1007.125000 0.000000 163.000000 0.000000 0.000000 0.000000 1.000000 0.000000 163.000000 1.000000 0 0 0.000000
5 637.670471 223.133926 1016.777221 0.000000 -89.000000 -25.000000 0.386138 0.922441 0.000000 0.386138 -89.000000 0.000000 0 0 0.000000
11 368.352661 749.263488 1032.125000 0.000000 165.000000 0.000000 0.000000 0.000000 1.000000 0.000000 165.000000 1.000000 0 0 0.000000
11 414.379211 776.237731 1092.125000 0.000000 157.000000 0.000000 0.000000 0.000000 1.000000 0.000000 157.000000 1.000000 0 0 0.000000
15 371.702819 521.759948 1040.125000 0.000000 -161.000000 0.000000 0.000000 0.000000 1.000000 0.000000 -161.000000 1.000000 0 0 0.000000
15 211.617736 -473.525085 10.125000 0.000000 -24.000000 0.000000 0.000000 0.000000 1.000000 0.000000 -24.000000 1.000000 0 0 0.000000
15 372.297485 625.099975 1040.125000 0.000000 -166.000000 0.000000 0.000000 0.000000 1.000000 0.000000 -166.000000 1.000000 0 0 0.000000
11 404.097686 690.138854 1065.125000 0.000000 -171.000000 0.000000 0.000000 0.000000 1.000000 0.000000 -171.000000 1.000000 0 0 0.000000
15 374.401763 432.527648 1040.125000 0.000000 -172.000000 0.000000 0.000000 0.000000 1.000000 0.000000 -172.000000 1.000000 0 0 0.000000
15 31.167381 389.867004 1040.125000 0.000000 -97.000000 0.000000 0.000000 0.000000 1.000000 0.000000 -97.000000 1.000000 0 0 0.000000
15 -56.277023 403.031555 1007.125000 0.000000 -87.000000 0.000000 0.000000 0.000000 1.000000 0.000000 -87.000000 1.000000 0 0 0.000000
11 -290.615417 298.279418 -11.875000 0.000000 0.000000 0.000000 0.000000 0.000000 1.000000 0.000000 0.000000 1.000000 0 0 0.000000
13 -299.510925 87.656829 -38.875000 0.000000 -81.000000 0.000000 0.000000 0.000000 1.000000 0.000000 -81.000000 1.000000 0 0 0.000000
11 -342.526153 26.318037 -11.875000 0.000000 -77.000000 0.000000 0.000000 0.000000 1.000000 0.000000 -77.000000 1.000000 0 0 0.000000
11 -383.158782 80.482200 -11.875000 0.000000 -107.000000 0.000000 0.000000 0.000000 1.000000 0.000000 -107.000000 1.000000 0 0 0.000000
11 -336.535369 286.994689 -11.875000 0.000000 90.000000 0.000000 0.000000 0.000000 1.000000 0.000000 90.000000 1.000000 0 0 0.000000
11 -380.956085 288.338684 -11.875000 0.000000 95.000000 0.000000 0.000000 0.000000 1.000000 0.000000 95.000000 1.000000 0 0 0.000000
16 -395.415802 245.790390 -32.875000 0.000000 144.000000 0.000000 0.000000 0.000000 1.000000 0.000000 144.000000 1.000000 0 0 0.000000
13 -154.446090 -358.920684 -38.875000 0.000000 -1.000000 0.000000 0.000000 0.000000 1.000000 0.000000 -1.000000 1.000000 0 0 0.000000
13 -157.336593 -434.360229 -38.875000 0.000000 2.000000 0.000000 0.000000 0.000000 1.000000 0.000000 2.000000 1.000000 0 0 0.000000
10 -72.438430 -400.197784 -31.875000 0.000000 -177.000000 0.000000 0.000000 0.000000 1.000000 -1.566874 -177.000000 1.000000 0 0 0.000000
10 -248.630554 -468.553802 84.125000 0.000000 -7.000000 0.000000 0.000000 0.000000 1.000000 0.000000 -7.000000 1.000000 0 0 0.000000
14 -392.258392 -511.025482 115.125068 0.000000 -85.000000 0.000000 0.000000 0.000000 1.000000 0.000000 -85.000000 1.000000 1 0 0.000000
10 -461.766418 -517.305664 84.125000 0.000000 -79.000000 0.000000 0.000000 0.000000 1.000000 0.000000 -79.000000 1.000000 0 0 0.000000
10 226.394058 -657.209350 -31.875000 0.000000 -91.000000 0.000000 0.000000 0.000000 1.000000 -1.212517 -91.000000 1.000000 0 0 0.000000
15 -28.147527 -568.834716 -36.875000 0.000000 89.000000 0.000000 0.000000 0.000000 1.000000 0.000000 89.000000 1.000000 0 0 0.000000
15 329.440887 -727.998229 -32.875000 0.000000 -53.000000 0.000000 0.000000 0.000000 1.000000 0.000000 -53.000000 1.000000 0 0 0.000000
15 141.106567 -737.924987 -32.875000 0.000000 -126.000000 0.000000 0.000000 0.000000 1.000000 0.000000 -126.000000 1.000000 0 0 0.000000
15 238.661224 -769.396667 -36.875000 0.000000 -78.000000 0.000000 0.000000 0.000000 1.000000 0.000000 -78.000000 1.000000 0 0 0.000000
15 386.787384 -496.454711 -32.875000 0.000000 9.000000 0.000000 0.000000 0.000000 1.000000 0.000000 9.000000 1.000000 0 0 0.000000
15 396.886749 -311.707214 -32.875000 0.000000 9.000000 0.000000 0.000000 0.000000 1.000000 0.000000 9.000000 1.000000 0 0 0.000000
15 405.998687 -405.298889 -32.875000 0.000000 -2.000000 0.000000 0.000000 0.000000 1.000000 0.000000 -2.000000 1.000000 0 0 0.000000
14 540.375244 -414.614318 -12.875000 0.000000 58.000000 0.000000 0.000000 0.000000 1.000000 0.000000 58.000000 1.000000 1 0 0.000000
15 482.569274 -530.207824 -36.875000 0.000000 99.000000 0.000000 0.000000 0.000000 1.000000 0.000000 99.000000 1.000000 0 0 0.000000
15 581.445678 -529.964233 -36.875000 0.000000 81.000000 0.000000 0.000000 0.000000 1.000000 0.000000 81.000000 1.000000 0 0 0.000000
10 226.795669 -862.025695 -31.875000 0.000000 88.000000 0.000000 0.000000 0.000000 1.000000 0.000000 88.000000 1.000000 0 0 0.000000
10 249.528350 -1325.444946 -31.875000 0.000000 -63.000000 0.000000 0.000000 0.000000 1.000000 0.000000 -63.000000 1.000000 0 0 0.000000
11 397.636413 -708.274719 98.125000 0.000000 -179.000000 0.000000 0.000000 0.000000 1.000000 0.000000 -179.000000 1.000000 0 0 0.000000
15 430.967285 -1146.476196 -9.875000 0.000000 22.000000 0.000000 0.000000 0.000000 1.000000 0.000000 22.000000 1.000000 0 0 0.000000
15 435.448120 -1237.265869 -9.875000 0.000000 14.000000 0.000000 0.000000 0.000000 1.000000 0.000000 14.000000 1.000000 0 0 0.000000
15 419.423675 -1054.870117 -36.875000 0.000000 -4.000000 0.000000 0.000000 0.000000 1.000000 0.000000 -4.000000 1.000000 0 0 0.000000
15 396.560668 -1328.865356 -36.875000 0.000000 -20.000000 0.000000 0.000000 0.000000 1.000000 0.000000 -20.000000 1.000000 0 0 0.000000
11 1470.790893 -880.283020 360.125000 0.000000 2.000000 0.000000 0.000000 0.000000 1.000000 0.000000 2.000000 1.000000 0 0 0.000000
15 1333.741821 -647.040954 207.125000 0.000000 96.000000 0.000000 0.000000 0.000000 1.000000 0.000000 96.000000 1.000000 0 0 0.000000
3 1396.315917 -568.741455 240.477600 0.000000 -78.000000 0.000000 -0.609710 0.000000 0.792623 0.000000 -78.000000 1.000000 0 0 0.000000
3 1284.630004 -555.347656 236.673095 0.000000 -106.000000 0.000000 0.609710 0.000000 0.792623 0.000000 -106.000000 1.000000 0 0 0.000000
15 459.156036 -511.410552 301.125000 0.000000 -79.000000 0.000000 0.000000 0.000000 1.000000 0.000000 -79.000000 1.000000 0 0 0.000000
1 521.632934 -234.576477 428.816925 0.000000 57.000000 179.000000 -0.609710 0.000000 -0.792623 1.000000 57.000000 0.000000 0 0 0.000000
3 626.064208 -377.705413 301.125000 0.000000 -172.000000 0.000000 0.000000 0.000000 1.000000 0.000000 -172.000000 1.000000 0 0 0.000000
5 544.875000 -593.111145 411.532348 0.000000 63.000000 -110.000000 -1.000000 0.000000 0.000000 -1.000000 63.000000 0.000000 0 0 0.000000
5 514.282592 -682.471130 433.620086 0.000000 -27.000000 -107.000000 -0.609710 0.792623 0.000000 0.000000 -27.000000 0.000000 0 0 0.000000
5 430.383392 -698.875000 465.398681 0.000000 -94.000000 173.000000 0.000000 1.000000 0.000000 0.000000 -94.000000 0.000000 0 0 0.000000
5 371.125000 -620.605651 530.571105 0.000000 -149.000000 -94.000000 1.000000 0.000000 0.000000 0.609710 -149.000000 0.000000 0 0 0.000000
5 405.370758 -685.281311 564.481018 0.000000 -136.000000 126.000000 0.609710 0.792623 0.000000 0.000000 -136.000000 0.000000 0 0 0.000000
5 509.163787 -686.408630 610.693664 0.000000 -84.000000 -150.000000 -0.609710 0.792623 0.000000 0.000000 -84.000000 0.000000 0 0 0.000000
5 544.875000 -624.758972 665.123168 0.000000 0.000000 -176.000000 -1.000000 0.000000 0.000000 -1.000000 0.000000 0.000000 0 0 0.000000
5 526.281311 -574.758728 692.165161 0.000000 33.000000 105.000000 -0.609710 -0.792623 0.000000 0.000000 33.000000 0.000000 0 0 0.000000
14 456.047882 -463.695312 767.125000 0.000000 -88.000000 0.000000 0.000000 0.000000 1.000000 0.000000 -88.000000 1.000000 1 0 0.000000
11 -285.542419 687.313171 -11.875000 0.000000 -77.000000 0.000000 0.000000 0.000000 1.000000 0.000000 -77.000000 1.000000 0 0 0.000000
10 -322.781005 472.799316 -31.875000 0.000000 -90.000000 0.000000 0.000000 0.000000 1.000000 0.000000 -90.000000 1.000000 0 0 0.000000
12 -719.479980 -88.814262 1041.125000 0.000000 82.000000 0.000000 0.000000 0.000000 1.000000 0.000000 82.000000 1.000000 1 0 0.000000
11 -335.816040 410.265716 -11.875000 0.000000 -90.000000 0.000000 0.000000 0.000000 1.000000 0.000000 -90.000000 1.000000 0 0 0.000000
11 -288.537780 406.042816 -11.875000 0.000000 -92.000000 0.000000 0.000000 0.000000 1.000000 0.000000 -92.000000 1.000000 0 0 0.000000
1 -58.291320 2599.129638 593.494079 0.000000 0.000000 0.000000 -0.447213 0.000000 0.894427 0.000000 0.000000 1.000000 0 0 0.000000
4 -185.125030 2716.241210 975.835571 0.000000 26.000000 -152.000000 -1.000000 0.000000 0.000000 -1.000000 26.000000 0.000000 0 0 0.000000
6 -313.135162 2496.966308 29.125000 0.000000 34.000000 0.000000 0.000000 0.000000 1.000000 0.000000 34.000000 1.000000 0 0 0.000000
15 -323.425628 1741.219970 73.125000 0.000000 -100.000000 0.000000 0.000000 0.000000 1.000000 0.000000 -100.000000 1.000000 0 0 0.000000
13 -173.786941 1949.578735 37.125000 0.000000 177.000000 0.000000 0.000000 0.000000 1.000000 0.000000 177.000000 1.000000 0 0 0.000000
13 -174.256912 1869.914916 37.125000 0.000000 -176.000000 0.000000 0.000000 0.000000 1.000000 0.000000 -176.000000 1.000000 0 0 0.000000
13 79.674751 1314.861328 -126.875000 0.000000 0.000000 0.000000 0.000000 0.000000 1.000000 0.000000 0.000000 1.000000 0 0 0.000000
13 71.876548 1396.784179 -126.875000 0.000000 4.000000 0.000000 0.000000 0.000000 1.000000 0.000000 4.000000 1.000000 0 0 0.000000
15 388.891723 1325.013305 -124.875000 0.000000 -1.000000 0.000000 0.000000 0.000000 1.000000 0.000000 -1.000000 1.000000 0 0 0.000000
11 379.103332 1398.970825 -99.875000 0.000000 6.000000 0.000000 0.000000 0.000000 1.000000 0.000000 6.000000 1.000000 0 0 0.000000
10 -405.218963 1329.814941 52.125000 0.000000 87.000000 0.000000 0.000000 0.000000 1.000000 0.000000 87.000000 1.000000 0 0 0.000000
14 535.898620 1338.579101 -132.875000 0.000000 169.000000 0.000000 0.000000 0.000000 1.000000 0.000000 169.000000 1.000000 1 0 0.000000
13 -351.947326 684.086853 -38.875000 0.000000 -90.000000 0.000000 0.000000 0.000000 1.000000 0.000000 -90.000000 1.000000 0 0 0.000000
10 -343.992279 1012.104187 -31.875000 0.000000 91.000000 0.000000 0.000000 0.000000 1.000000 0.000000 91.000000 1.000000 0 0 0.000000
14 918.927734 1784.524658 199.125000 0.000000 32.000000 0.000000 0.000000 0.000000 1.000000 0.000000 32.000000 1.000000 1 0 0.000000
1 833.588745 2112.341552 11.125000 0.000000 8.000000 0.000000 0.000000 0.000000 1.000000 0.000000 8.000000 1.000000 0 0 0.000000
3 497.131103 1866.449951 39.125000 0.000000 -175.000000 0.000000 0.000000 0.000000 1.000000 0.000000 -175.000000 1.000000 0 0 0.000000
3 499.641845 1941.067749 39.125000 0.000000 -177.000000 0.000000 0.000000 0.000000 1.000000 0.000000 -177.000000 1.000000 0 0 0.000000
1 1027.065551 2114.509765 -84.875000 0.000000 -145.000000 0.000000 0.000000 0.000000 1.000000 0.000000 -145.000000 1.000000 0 0 0.000000
15 783.446411 1507.903930 -124.875000 0.000000 -71.000000 0.000000 0.000000 0.000000 1.000000 0.000000 -71.000000 1.000000 0 0 0.000000
15 684.124816 1509.822509 -124.875000 0.000000 -121.000000 0.000000 0.000000 0.000000 1.000000 0.000000 -121.000000 1.000000 0 0 0.000000
14 1245.951416 1718.913330 231.125000 0.000000 -15.000000 0.000000 0.000000 0.000000 1.000000 0.000000 -15.000000 1.000000 1 0 0.000000
10 434.229705 1907.866333 44.125000 0.000000 2.000000 0.000000 0.000000 0.000000 1.000000 0.000000 2.000000 1.000000 0 0 0.000000
15 -806.231079 -142.704208 1043.125000 0.000000 -98.000000 0.000000 0.000000 0.000000 1.000000 0.000000 -98.000000 1.000000 0 0 0.000000
15 -900.866149 424.971313 1043.125000 0.000000 -163.000000 0.000000 0.000000 0.000000 1.000000 0.000000 -163.000000 1.000000 0 0 0.000000
15 -804.657653 -36.136837 1043.125000 0.000000 153.000000 0.000000 0.000000 0.000000 1.000000 0.000000 153.000000 1.000000 0 0 0.000000
13 -1169.995117 505.007385 1041.125000 0.000000 16.000000 0.000000 0.000000 0.000000 1.000000 0.000000 16.000000 1.000000 0 0 0.000000
13 -1160.211791 410.091552 1041.125000 0.000000 -5.000000 0.000000 0.000000 0.000000 1.000000 0.000000 -5.000000 1.000000 0 0 0.000000
11 -1330.954345 416.971740 1068.125000 0.000000 -177.000000 0.000000 0.000000 0.000000 1.000000 0.000000 -177.000000 1.000000 0 0 0.000000
11 -913.558410 494.637268 1068.125000 0.000000 -167.000000 0.000000 0.000000 0.000000 1.000000 0.000000 -167.000000 1.000000 0 0 0.000000
15 -840.299133 1128.242187 1043.125000 0.000000 112.000000 0.000000 0.000000 0.000000 1.000000 0.000000 112.000000 1.000000 0 0 0.000000
10 -825.559448 472.971466 1048.125000 0.000000 -130.000000 0.000000 0.000000 0.000000 1.000000 0.000000 -130.000000 1.000000 0 0 0.000000
13 -682.382873 744.480285 1041.125000 0.000000 0.000000 0.000000 0.000000 0.000000 1.000000 0.000000 0.000000 1.000000 0 0 0.000000
15 -735.868652 1124.427734 1043.125000 0.000000 -69.000000 0.000000 0.000000 0.000000 1.000000 0.000000 -69.000000 1.000000 0 0 0.000000
15 -983.584899 495.731414 1043.125000 0.000000 75.000000 0.000000 0.000000 0.000000 1.000000 0.000000 75.000000 1.000000 0 0 0.000000
3 -714.290832 1210.360351 1067.885986 0.000000 -95.000000 0.000000 -0.707106 0.000000 0.707106 0.000000 -95.000000 1.000000 0 0 0.000000
3 -860.001159 1224.206787 1074.177978 0.000000 -73.000000 0.000000 0.707106 0.000000 0.707106 0.000000 -73.000000 1.000000 0 0 0.000000
1 -737.903198 1224.788085 1243.125000 0.000000 -5.000000 0.000000 0.000000 0.000000 1.000000 0.000000 -5.000000 1.000000 0 0 0.000000
14 -790.086975 813.535705 1251.126464 0.000000 92.000000 0.000000 0.000000 0.000000 1.000000 0.000000 92.000000 1.000000 1 0 0.000000
11 -785.298522 1195.986206 1068.125000 0.000000 -90.000000 0.000000 0.000000 0.000000 1.000000 0.000000 -90.000000 1.000000 0 0 0.000000
10 -931.983337 955.741149 1161.126831 0.000000 178.000000 0.000000 0.000000 0.000000 1.000000 0.000000 178.000000 1.000000 0 0 0.000000
15 -323.443786 2154.530273 1043.125000 0.000000 107.000000 0.000000 0.000000 0.000000 1.000000 0.000000 107.000000 1.000000 0 0 0.000000
10 -782.823913 1254.839965 1048.125000 0.000000 -89.000000 0.000000 0.000000 0.000000 1.000000 -83.023994 -89.000000 1.000000 0 0 0.000000
11 -244.773056 2164.594238 1068.125000 0.000000 70.000000 0.000000 0.000000 0.000000 1.000000 0.000000 70.000000 1.000000 0 0 0.000000
6 -787.639465 1348.517211 1025.125000 0.000000 -75.000000 0.000000 0.000000 0.000000 1.000000 0.000000 -75.000000 1.000000 0 0 0.000000
14 -633.398498 -105.654769 1035.125000 0.000000 172.000000 0.000000 0.000000 0.000000 1.000000 0.000000 172.000000 1.000000 1 0 0.000000
1 623.422729 160.615890 1103.125000 0.000000 122.000000 0.000000 0.000000 0.000000 1.000000 0.000000 122.000000 1.000000 0 0 0.000000
5 666.642150 211.534606 1065.561401 0.000000 -138.000000 6.000000 0.707106 0.707106 0.000000 0.707106 -138.000000 0.000000 0 0 0.000000
5 663.985656 214.191070 1022.919555 0.000000 -137.000000 3.000000 0.707106 0.707106 0.000000 0.707106 -137.000000 0.000000 0 0 0.000000
5 663.515808 214.660964 978.833374 0.000000 -135.000000 0.000000 0.707106 0.707106 0.000000 0.707106 -135.000000 0.000000 0 0 0.000000
15 817.150634 378.520782 803.125000 0.000000 91.000000 0.000000 0.000000 0.000000 1.000000 0.000000 91.000000 1.000000 0 0 0.000000
11 744.017089 406.841613 808.125000 0.000000 81.000000 0.000000 0.000000 0.000000 1.000000 0.000000 81.000000 1.000000 0 0 0.000000
5 670.292297 17.115491 971.920532 0.000000 134.000000 175.000000 0.707106 -0.707106 0.000000 0.707106 134.000000 0.000000 0 0 0.000000
15 578.606140 -52.905807 965.125000 0.000000 94.000000 0.000000 0.000000 0.000000 1.000000 0.000000 94.000000 1.000000 0 0 0.000000
1 -928.163146 -57.390758 1267.125000 0.000000 -91.000000 0.000000 0.000000 0.000000 1.000000 0.000000 -91.000000 1.000000 0 0 0.000000
6 -927.273864 -94.041328 1033.125000 0.000000 0.000000 0.000000 0.000000 0.000000 1.000000 0.000000 0.000000 1.000000 0 0 0.000000
11 196.839187 74.168975 1152.125000 0.000000 94.000000 0.000000 0.000000 0.000000 1.000000 0.000000 94.000000 1.000000 0 0 0.000000
10 155.014770 22.770359 1132.125000 0.000000 151.000000 0.000000 0.000000 0.000000 1.000000 0.000000 151.000000 1.000000 0 0 0.000000
11 471.765014 156.028747 1152.125000 0.000000 -69.000000 0.000000 0.000000 0.000000 1.000000 0.000000 -69.000000 1.000000 0 0 0.000000
11 340.185485 60.869735 1152.125000 0.000000 94.000000 0.000000 0.000000 0.000000 1.000000 0.000000 94.000000 1.000000 0 0 0.000000
11 608.463012 -2.000068 1152.125000 0.000000 -77.000000 0.000000 0.000000 0.000000 1.000000 0.000000 -77.000000 1.000000 0 0 0.000000
14 630.774719 217.507064 1213.125000 0.000000 91.000000 0.000000 0.000000 0.000000 1.000000 0.000000 91.000000 1.000000 1 0 0.000000
11 -502.522888 -14.231691 1068.125000 0.000000 177.000000 0.000000 0.000000 0.000000 1.000000 0.000000 177.000000 1.000000 0 0 0.000000
11 -510.407653 -179.863784 1068.125000 0.000000 -170.000000 0.000000 0.000000 0.000000 1.000000 0.000000 -170.000000 1.000000 0 0 0.000000
11 -504.523284 -72.123664 1068.125000 0.000000 172.000000 0.000000 0.000000 0.000000 1.000000 0.000000 172.000000 1.000000 0 0 0.000000
11 -510.148071 -119.145561 1068.125000 0.000000 -167.000000 0.000000 0.000000 0.000000 1.000000 0.000000 -167.000000 1.000000 0 0 0.000000
11 745.385742 404.200378 888.250000 0.000000 60.000000 0.000000 0.000000 0.000000 1.000000 0.000000 60.000000 1.000000 0 1 0.000000
15 821.889709 384.944335 913.250000 0.000000 61.000000 0.000000 0.000000 0.000000 1.000000 0.000000 61.000000 1.000000 0 1 0.000000
11 685.499938 401.524017 952.249511 0.000000 48.000000 0.000000 0.000000 0.000000 1.000000 0.000000 48.000000 1.000000 0 1 0.000000
11 682.206237 405.932739 952.249511 0.000000 20.000000 0.000000 0.000000 0.000000 1.000000 0.000000 20.000000 1.000000 0 1 0.000000
15 817.335998 378.295440 1023.375000 0.000000 67.000000 0.000000 0.000000 0.000000 1.000000 0.000000 67.000000 1.000000 0 2 0.000000
11 742.584838 401.399353 968.375000 0.000000 60.000000 0.000000 0.000000 0.000000 1.000000 0.000000 60.000000 1.000000 0 2 0.000000
11 740.204162 399.018920 1048.500000 0.000000 60.000000 0.000000 0.000000 0.000000 1.000000 0.000000 60.000000 1.000000 0 3 0.000000
11 659.016418 406.740173 1032.374511 0.000000 66.000000 0.000000 0.000000 0.000000 1.000000 0.000000 66.000000 1.000000 0 3 0.000000
