6 -1432.923461 861.082885 9.625000 0.000000 -174.000000 0.000000 0.000000 0.000000 1.000000 0.000000 -174.000000 1.000000 0 0 0.000000
4 161.563507 -1.855429 630.125000 0.000000 -11.000000 0.000000 0.000000 0.000000 1.000000 0.000000 -11.000000 1.000000 1 0 0.000000
4 266.192871 96.478561 630.125000 0.000000 92.000000 0.000000 0.000000 0.000000 1.000000 0.000000 92.000000 1.000000 1 0 0.000000
4 176.074661 93.218299 630.125000 0.000000 92.000000 0.000000 0.000000 0.000000 1.000000 0.000000 92.000000 1.000000 1 0 0.000000
4 224.214645 101.401962 630.125000 0.000000 61.000000 0.000000 0.000000 0.000000 1.000000 0.000000 61.000000 1.000000 1 0 0.000000
4 258.890960 -13.951758 630.125000 0.000000 -8.000000 0.000000 0.000000 0.000000 1.000000 0.000000 -8.000000 1.000000 1 0 0.000000
4 282.731140 42.935405 630.125000 0.000000 18.000000 0.000000 0.000000 0.000000 1.000000 0.000000 18.000000 1.000000 0 0 0.000000
4 212.522720 -12.298561 630.125000 0.000000 -96.000000 0.000000 0.000000 0.000000 1.000000 0.000000 -96.000000 1.000000 1 0 0.000000
4 164.040328 44.749908 630.125000 0.000000 -174.000000 0.000000 0.000000 0.000000 1.000000 0.000000 -174.000000 1.000000 1 0 0.000000
4 -683.980712 876.564392 963.428222 0.000000 -14.000000 0.000000 0.000000 -0.274517 0.961581 0.000000 -14.000000 1.000000 1 0 0.000000
4 -713.369384 923.418762 975.908874 0.000000 127.000000 0.000000 0.271163 0.000000 0.962533 0.000000 127.000000 1.000000 1 0 0.000000
4 -656.244018 827.674743 949.470947 0.000000 -59.000000 0.000000 0.000000 -0.274517 0.961581 0.000000 -59.000000 1.000000 1 0 0.000000
4 -912.423461 876.009521 987.001647 0.000000 99.000000 0.000000 -0.871569 0.424355 0.245537 0.000000 99.000000 1.000000 1 0 0.000000
4 -892.648437 759.407226 979.865783 0.000000 139.000000 0.000000 0.000000 -0.271164 0.962533 0.000000 139.000000 1.000000 1 0 0.000000
4 -670.818176 777.169067 940.396484 0.000000 -86.000000 0.000000 0.000000 -0.088316 0.996092 0.000000 -86.000000 1.000000 1 0 0.000000
4 -814.405212 695.379455 954.562133 0.000000 -159.000000 0.000000 0.183012 -0.183012 0.965925 0.000000 -159.000000 1.000000 1 0 0.000000
4 -707.343750 733.453369 937.042663 0.000000 -113.000000 0.000000 0.088309 0.000000 0.996093 0.000000 -113.000000 1.000000 1 0 0.000000
4 -814.973327 905.788757 994.535766 0.000000 27.000000 0.000000 0.183012 -0.183012 0.965925 0.000000 27.000000 1.000000 1 0 0.000000
14 1521.683837 -987.822937 3575.125000 0.000000 3.000000 0.000000 0.000000 0.000000 1.000000 0.000000 3.000000 1.000000 1 0 0.000000
14 1506.464355 381.518646 7.125000 0.000000 2.000000 0.000000 0.000000 0.000000 1.000000 0.000000 2.000000 1.000000 1 0 0.000000
12 -249.469360 -710.006652 13.125000 0.000000 2.000000 0.000000 0.000000 0.000000 1.000000 0.000000 2.000000 1.000000 1 0 0.000000
12 -217.596099 -181.611404 13.124999 0.000000 -87.000000 0.000000 0.000000 0.000000 1.000000 0.000000 -87.000000 1.000000 1 0 0.000000
12 -115.533096 -229.913970 13.124999 0.000000 -177.000000 0.000000 0.000000 0.000000 1.000000 0.000000 -177.000000 1.000000 1 0 0.000000
12 -321.005615 -391.084808 13.124999 0.000000 4.000000 0.000000 0.000000 0.000000 1.000000 0.000000 4.000000 1.000000 1 0 0.000000
12 -322.971618 -549.449401 13.125000 0.000000 0.000000 0.000000 0.000000 0.000000 1.000000 0.000000 0.000000 1.000000 1 0 0.000000
12 724.833801 42.385749 13.125000 0.000000 -90.000000 0.000000 0.000000 0.000000 1.000000 0.000000 -90.000000 1.000000 2 0 0.000000
12 298.969055 448.190368 13.125000 0.000000 -1.000000 0.000000 0.000000 0.000000 1.000000 0.000000 -1.000000 1.000000 2 0 0.000000
12 192.277786 405.816314 13.125000 0.000000 -2.000000 0.000000 0.000000 0.000000 1.000000 0.000000 -2.000000 1.000000 2 0 0.000000
14 1601.406982 -992.397521 7.125000 0.000000 0.000000 0.000000 0.000000 0.000000 1.000000 0.000000 0.000000 1.000000 1 0 0.000000
15 1418.070190 -883.071105 15.125000 0.000000 43.000000 0.000000 0.000000 0.000000 1.000000 0.000000 43.000000 1.000000 0 0 0.000000
12 842.000061 -1128.852050 13.125000 0.000000 -178.000000 0.000000 0.000000 0.000000 1.000000 0.000000 -178.000000 1.000000 1 0 0.000000
12 223.679885 208.269439 13.125000 0.000000 -93.000000 0.000000 0.000000 0.000000 1.000000 0.000000 -93.000000 1.000000 2 0 0.000000
12 858.960083 -753.274536 13.124999 0.000000 -92.000000 0.000000 0.000000 0.000000 1.000000 0.000000 -92.000000 1.000000 1 0 0.000000
12 849.402770 -628.065063 13.125000 0.000000 -91.000000 0.000000 0.000000 0.000000 1.000000 0.000000 -91.000000 1.000000 2 0 0.000000
9 1451.147705 -1193.909301 4.125000 0.000000 -45.000000 0.000000 0.000000 0.000000 1.000000 0.000000 -45.000000 1.000000 0 0 0.000000
12 1301.932373 -1156.550903 13.125000 0.000000 -91.000000 0.000000 0.000000 0.000000 1.000000 0.000000 -91.000000 1.000000 1 0 0.000000
12 1296.862304 -1053.349365 13.125000 0.000000 -88.000000 0.000000 0.000000 0.000000 1.000000 0.000000 -88.000000 1.000000 1 0 0.000000
12 1294.162719 -925.104614 13.125000 0.000000 -91.000000 0.000000 0.000000 0.000000 1.000000 0.000000 -91.000000 1.000000 1 0 0.000000
12 853.779357 -436.099212 13.125000 0.000000 -90.000000 0.000000 0.000000 0.000000 1.000000 0.000000 -90.000000 1.000000 2 0 0.000000
12 749.936035 -437.863281 13.125000 0.000000 0.000000 0.000000 0.000000 0.000000 1.000000 0.000000 0.000000 1.000000 2 0 0.000000
12 653.295837 -439.481384 13.125000 0.000000 0.000000 0.000000 0.000000 0.000000 1.000000 0.000000 0.000000 1.000000 2 0 0.000000
12 846.075317 -532.171447 13.125000 0.000000 0.000000 0.000000 0.000000 0.000000 1.000000 0.000000 0.000000 1.000000 2 0 0.000000
14 1494.916503 -994.289245 263.125000 0.000000 0.000000 0.000000 0.000000 0.000000 1.000000 0.000000 0.000000 1.000000 1 0 0.000000
12 527.152160 -411.553680 13.125000 0.000000 -91.000000 0.000000 0.000000 0.000000 1.000000 0.000000 -91.000000 1.000000 2 0 0.000000
12 519.254028 1081.169067 13.125000 0.000000 0.000000 0.000000 0.000000 0.000000 1.000000 0.000000 0.000000 1.000000 2 0 0.000000
12 519.276672 986.400085 13.125000 0.000000 0.000000 0.000000 0.000000 0.000000 1.000000 0.000000 0.000000 1.000000 2 0 0.000000
12 564.735534 734.188659 13.125000 0.000000 -91.000000 0.000000 0.000000 0.000000 1.000000 0.000000 -91.000000 1.000000 2 0 0.000000
12 527.270996 -514.950988 13.125000 0.000000 91.000000 0.000000 0.000000 0.000000 1.000000 0.000000 91.000000 1.000000 2 0 0.000000
12 524.820312 -646.137817 13.125000 0.000000 90.000000 0.000000 0.000000 0.000000 1.000000 0.000000 90.000000 1.000000 2 0 0.000000
12 521.136474 -778.324523 13.125000 0.000000 87.000000 0.000000 0.000000 0.000000 1.000000 0.000000 87.000000 1.000000 2 0 0.000000
12 345.663787 -778.840454 13.125000 0.000000 0.000000 0.000000 0.000000 0.000000 1.000000 0.000000 0.000000 1.000000 2 0 0.000000
12 433.825622 -778.814819 13.125000 0.000000 0.000000 0.000000 0.000000 0.000000 1.000000 0.000000 0.000000 1.000000 2 0 0.000000
12 643.187194 851.239746 13.125000 0.000000 -93.000000 0.000000 0.000000 0.000000 1.000000 0.000000 -93.000000 1.000000 2 0 0.000000
12 295.978485 580.100646 13.125000 0.000000 1.000000 0.000000 0.000000 0.000000 1.000000 0.000000 1.000000 1.000000 2 0 0.000000
14 294.069458 666.938781 7.125000 0.000000 1.000000 0.000000 0.000000 0.000000 1.000000 0.000000 1.000000 1.000000 1 0 0.000000
12 341.548950 -654.305114 13.125000 0.000000 -92.000000 0.000000 0.000000 0.000000 1.000000 0.000000 -92.000000 1.000000 2 0 0.000000
12 340.896362 -568.213439 13.125000 0.000000 -88.000000 0.000000 0.000000 0.000000 1.000000 0.000000 -88.000000 1.000000 2 0 0.000000
12 432.588684 -620.808105 13.125000 0.000000 -164.000000 0.000000 0.000000 0.000000 1.000000 0.000000 -164.000000 1.000000 2 0 0.000000
14 539.709655 -580.489624 7.125000 0.000000 173.000000 0.000000 0.000000 0.000000 1.000000 0.000000 173.000000 1.000000 1 0 0.000000
12 982.242675 -731.949340 13.124999 0.000000 -178.000000 0.000000 0.000000 0.000000 1.000000 0.000000 -178.000000 1.000000 2 0 0.000000
12 949.819458 -619.680664 13.125000 0.000000 179.000000 0.000000 0.000000 0.000000 1.000000 0.000000 179.000000 1.000000 2 0 0.000000
12 1004.288208 -538.178649 13.125000 0.000000 -88.000000 0.000000 0.000000 0.000000 1.000000 0.000000 -88.000000 1.000000 2 0 0.000000
12 1004.182189 -440.105346 13.125000 0.000000 -88.000000 0.000000 0.000000 0.000000 1.000000 0.000000 -88.000000 1.000000 2 0 0.000000
12 930.316467 -396.336883 13.124999 0.000000 -92.000000 0.000000 0.000000 0.000000 1.000000 0.000000 -92.000000 1.000000 2 0 0.000000
12 1144.224731 -726.081665 13.125000 0.000000 -179.000000 0.000000 0.000000 0.000000 1.000000 0.000000 -179.000000 1.000000 2 0 0.000000
12 234.784439 -643.712097 13.125000 0.000000 1.000000 0.000000 0.000000 0.000000 1.000000 0.000000 1.000000 1.000000 2 0 0.000000
12 572.808654 -867.594238 13.125000 0.000000 -91.000000 0.000000 0.000000 0.000000 1.000000 0.000000 -91.000000 1.000000 2 0 0.000000
12 117.787300 -644.476257 13.125000 0.000000 1.000000 0.000000 0.000000 0.000000 1.000000 0.000000 1.000000 1.000000 2 0 0.000000
12 109.066154 -745.415527 13.125000 0.000000 90.000000 0.000000 0.000000 0.000000 1.000000 0.000000 90.000000 1.000000 2 0 0.000000
12 506.811401 -948.708007 13.125000 0.000000 -4.000000 0.000000 0.000000 0.000000 1.000000 0.000000 -4.000000 1.000000 2 0 0.000000
12 1443.862304 1083.849365 13.125000 0.000000 -89.000000 0.000000 0.000000 0.000000 1.000000 0.000000 -89.000000 1.000000 2 0 0.000000
12 348.955383 -429.831451 13.125000 0.000000 -4.000000 0.000000 0.000000 0.000000 1.000000 0.000000 -4.000000 1.000000 2 0 0.000000
14 421.029785 -532.110351 7.125000 0.000000 -16.000000 0.000000 0.000000 0.000000 1.000000 0.000000 -16.000000 1.000000 1 0 0.000000
12 411.644042 -943.610473 13.125000 0.000000 -3.000000 0.000000 0.000000 0.000000 1.000000 0.000000 -3.000000 1.000000 2 0 0.000000
12 1131.730224 -551.842956 13.125000 0.000000 -93.000000 0.000000 0.000000 0.000000 1.000000 0.000000 -93.000000 1.000000 2 0 0.000000
12 1223.469360 -485.230560 13.125000 0.000000 178.000000 0.000000 0.000000 0.000000 1.000000 0.000000 178.000000 1.000000 2 0 0.000000
14 1209.575805 -194.673797 7.125000 0.000000 39.000000 0.000000 0.000000 0.000000 1.000000 0.000000 39.000000 1.000000 1 0 0.000000
12 1137.877685 -416.870758 13.125000 0.000000 178.000000 0.000000 0.000000 0.000000 1.000000 0.000000 178.000000 1.000000 2 0 0.000000
12 1068.979858 -311.093383 13.125000 0.000000 -94.000000 0.000000 0.000000 0.000000 1.000000 0.000000 -94.000000 1.000000 2 0 0.000000
12 983.971923 -292.531921 13.125000 0.000000 -94.000000 0.000000 0.000000 0.000000 1.000000 0.000000 -94.000000 1.000000 2 0 0.000000
12 422.748535 -1029.880004 13.125000 0.000000 89.000000 0.000000 0.000000 0.000000 1.000000 0.000000 89.000000 1.000000 2 0 0.000000
12 1249.225097 -619.912536 13.125000 0.000000 177.000000 0.000000 0.000000 0.000000 1.000000 0.000000 177.000000 1.000000 2 0 0.000000
12 422.513671 -1122.875244 13.125000 0.000000 89.000000 0.000000 0.000000 0.000000 1.000000 0.000000 89.000000 1.000000 2 0 0.000000
12 1107.511840 -41.256172 13.125000 0.000000 -1.000000 0.000000 0.000000 0.000000 1.000000 0.000000 -1.000000 1.000000 2 0 0.000000
12 1318.691894 -521.636474 13.125000 0.000000 170.000000 0.000000 0.000000 0.000000 1.000000 0.000000 170.000000 1.000000 2 0 0.000000
12 1459.274291 -725.016662 21.125001 0.000000 -51.000000 0.000000 0.000000 0.000000 1.000000 0.000000 -51.000000 1.000000 2 0 0.000000
12 189.783126 -782.437561 13.125000 0.000000 0.000000 0.000000 0.000000 0.000000 1.000000 0.000000 0.000000 1.000000 2 0 0.000000
12 1436.945922 -528.913513 13.125000 0.000000 -89.000000 0.000000 0.000000 0.000000 1.000000 0.000000 -89.000000 1.000000 2 0 0.000000
12 1323.396484 -368.943786 13.125000 0.000000 -96.000000 0.000000 0.000000 0.000000 1.000000 0.000000 -96.000000 1.000000 2 0 0.000000
12 1446.775878 -134.728469 13.125000 0.000000 -92.000000 0.000000 0.000000 0.000000 1.000000 0.000000 -92.000000 1.000000 2 0 0.000000
12 1444.762695 -395.171417 13.125000 0.000000 -93.000000 0.000000 0.000000 0.000000 1.000000 0.000000 -93.000000 1.000000 2 0 0.000000
12 1213.584594 -280.995422 13.125000 0.000000 -93.000000 0.000000 0.000000 0.000000 1.000000 0.000000 -93.000000 1.000000 2 0 0.000000
12 1353.164916 -222.315734 13.125000 0.000000 -96.000000 0.000000 0.000000 0.000000 1.000000 0.000000 -96.000000 1.000000 2 0 0.000000
12 1207.648559 -75.207641 13.125000 0.000000 -92.000000 0.000000 0.000000 0.000000 1.000000 0.000000 -92.000000 1.000000 2 0 0.000000
12 222.194793 -1130.571899 13.125000 0.000000 0.000000 0.000000 0.000000 0.000000 1.000000 0.000000 0.000000 1.000000 2 0 0.000000
12 1320.334960 -98.901748 13.125000 0.000000 -92.000000 0.000000 0.000000 0.000000 1.000000 0.000000 -92.000000 1.000000 2 0 0.000000
12 1109.265014 -179.605606 13.125000 0.000000 -4.000000 0.000000 0.000000 0.000000 1.000000 0.000000 -4.000000 1.000000 2 0 0.000000
12 97.897972 -1191.132202 13.125000 0.000000 -86.000000 0.000000 0.000000 0.000000 1.000000 0.000000 -86.000000 1.000000 2 0 0.000000
12 931.311401 -144.819183 13.125000 0.000000 -89.000000 0.000000 0.000000 0.000000 1.000000 0.000000 -89.000000 1.000000 2 0 0.000000
12 232.943771 -1016.903991 13.124999 0.000000 173.000000 0.000000 0.000000 0.000000 1.000000 0.000000 173.000000 1.000000 2 0 0.000000
12 92.429084 -1107.422973 13.125000 0.000000 -89.000000 0.000000 0.000000 0.000000 1.000000 0.000000 -89.000000 1.000000 2 0 0.000000
12 121.213546 -1019.988708 13.125000 0.000000 -6.000000 0.000000 0.000000 0.000000 1.000000 0.000000 -6.000000 1.000000 2 0 0.000000
12 853.837280 -289.239990 13.125000 0.000000 3.000000 0.000000 0.000000 0.000000 1.000000 0.000000 3.000000 1.000000 2 0 0.000000
12 988.633666 -40.990745 13.125000 0.000000 -1.000000 0.000000 0.000000 0.000000 1.000000 0.000000 -1.000000 1.000000 2 0 0.000000
12 338.184783 -1130.367309 13.125000 0.000000 -179.000000 0.000000 0.000000 0.000000 1.000000 0.000000 -179.000000 1.000000 2 0 0.000000
12 852.150451 -38.697402 13.125000 0.000000 -1.000000 0.000000 0.000000 0.000000 1.000000 0.000000 -1.000000 1.000000 2 0 0.000000
12 996.818969 62.406085 13.125000 0.000000 -94.000000 0.000000 0.000000 0.000000 1.000000 0.000000 -94.000000 1.000000 2 0 0.000000
12 1082.754394 124.481719 13.125000 0.000000 176.000000 0.000000 0.000000 0.000000 1.000000 0.000000 176.000000 1.000000 2 0 0.000000
12 323.450286 -944.985229 13.125000 0.000000 177.000000 0.000000 0.000000 0.000000 1.000000 0.000000 177.000000 1.000000 2 0 0.000000
12 154.713394 -893.681152 13.125000 0.000000 -2.000000 0.000000 0.000000 0.000000 1.000000 0.000000 -2.000000 1.000000 2 0 0.000000
12 46.210094 -886.781005 13.125000 0.000000 -1.000000 0.000000 0.000000 0.000000 1.000000 0.000000 -1.000000 1.000000 2 0 0.000000
12 1350.622802 29.190002 13.125000 0.000000 -90.000000 0.000000 0.000000 0.000000 1.000000 0.000000 -90.000000 1.000000 2 0 0.000000
12 1357.686889 146.447189 13.125000 0.000000 -91.000000 0.000000 0.000000 0.000000 1.000000 0.000000 -91.000000 1.000000 2 0 0.000000
12 -37.426845 -956.080993 13.125000 0.000000 93.000000 0.000000 0.000000 0.000000 1.000000 0.000000 93.000000 1.000000 2 0 0.000000
12 1247.866943 152.732818 13.125000 0.000000 0.000000 0.000000 0.000000 0.000000 1.000000 0.000000 0.000000 1.000000 2 0 0.000000
12 1166.542236 199.340393 13.125000 0.000000 -94.000000 0.000000 0.000000 0.000000 1.000000 0.000000 -94.000000 1.000000 2 0 0.000000
14 1010.818969 -207.225814 7.125000 0.000000 13.000000 0.000000 0.000000 0.000000 1.000000 0.000000 13.000000 1.000000 1 0 0.000000
12 -47.492721 -819.618041 13.125000 0.000000 -90.000000 0.000000 0.000000 0.000000 1.000000 0.000000 -90.000000 1.000000 2 0 0.000000
12 -57.809497 -563.131042 13.125000 0.000000 -89.000000 0.000000 0.000000 0.000000 1.000000 0.000000 -89.000000 1.000000 2 0 0.000000
12 -13.098129 -717.183471 13.125000 0.000000 -90.000000 0.000000 0.000000 0.000000 1.000000 0.000000 -90.000000 1.000000 2 0 0.000000
12 1230.652221 67.686225 13.125000 0.000000 179.000000 0.000000 0.000000 0.000000 1.000000 0.000000 179.000000 1.000000 2 0 0.000000
12 -140.563934 -655.622985 13.125000 0.000000 93.000000 0.000000 0.000000 0.000000 1.000000 0.000000 93.000000 1.000000 2 0 0.000000
12 -162.284591 -771.949645 13.125000 0.000000 89.000000 0.000000 0.000000 0.000000 1.000000 0.000000 89.000000 1.000000 2 0 0.000000
12 -176.223464 -886.183654 13.125000 0.000000 87.000000 0.000000 0.000000 0.000000 1.000000 0.000000 87.000000 1.000000 2 0 0.000000
14 1084.731201 34.183956 7.125000 0.000000 46.000000 0.000000 0.000000 0.000000 1.000000 0.000000 46.000000 1.000000 1 0 0.000000
12 -391.300781 -1203.806396 13.125000 0.000000 0.000000 0.000000 0.000000 0.000000 1.000000 0.000000 0.000000 1.000000 2 0 0.000000
12 -181.656280 -979.354431 13.125000 0.000000 86.000000 0.000000 0.000000 0.000000 1.000000 0.000000 86.000000 1.000000 2 0 0.000000
12 1506.360961 77.116516 13.124999 0.000000 -90.000000 0.000000 0.000000 0.000000 1.000000 0.000000 -90.000000 1.000000 2 0 0.000000
12 -34.389137 -1047.855346 13.125000 0.000000 88.000000 0.000000 0.000000 0.000000 1.000000 0.000000 88.000000 1.000000 2 0 0.000000
12 1341.421264 390.625793 13.125000 0.000000 -94.000000 0.000000 0.000000 0.000000 1.000000 0.000000 -94.000000 1.000000 2 0 0.000000
12 1469.855468 266.269836 13.124999 0.000000 -93.000000 0.000000 0.000000 0.000000 1.000000 0.000000 -93.000000 1.000000 2 0 0.000000
12 1414.914916 480.819030 13.125000 0.000000 -3.000000 0.000000 0.000000 0.000000 1.000000 0.000000 -3.000000 1.000000 2 0 0.000000
12 -140.205276 -1203.860961 13.125000 0.000000 -1.000000 0.000000 0.000000 0.000000 1.000000 0.000000 -1.000000 1.000000 2 0 0.000000
12 -33.216190 -1145.482788 13.125000 0.000000 -89.000000 0.000000 0.000000 0.000000 1.000000 0.000000 -89.000000 1.000000 2 0 0.000000
12 1454.076782 598.428222 13.125000 0.000000 -93.000000 0.000000 0.000000 0.000000 1.000000 0.000000 -93.000000 1.000000 2 0 0.000000
12 -227.070953 -1109.649536 13.125000 0.000000 2.000000 0.000000 0.000000 0.000000 1.000000 0.000000 2.000000 1.000000 2 0 0.000000
12 1371.641845 575.950500 13.125000 0.000000 -95.000000 0.000000 0.000000 0.000000 1.000000 0.000000 -95.000000 1.000000 2 0 0.000000
12 -325.718811 -1061.525756 13.125000 0.000000 -88.000000 0.000000 0.000000 0.000000 1.000000 0.000000 -88.000000 1.000000 2 0 0.000000
12 1363.896240 293.518737 13.125000 0.000000 1.000000 0.000000 0.000000 0.000000 1.000000 0.000000 1.000000 1.000000 2 0 0.000000
12 790.878845 1202.346923 13.125000 0.000000 -6.000000 0.000000 0.000000 0.000000 1.000000 0.000000 -6.000000 1.000000 2 0 0.000000
12 90.424125 38.942577 13.124999 0.000000 -1.000000 0.000000 0.000000 0.000000 1.000000 0.000000 -1.000000 1.000000 2 0 0.000000
12 -326.069763 -958.076171 13.125000 0.000000 -89.000000 0.000000 0.000000 0.000000 1.000000 0.000000 -89.000000 1.000000 2 0 0.000000
12 -336.572418 -842.880371 13.125000 0.000000 -88.000000 0.000000 0.000000 0.000000 1.000000 0.000000 -88.000000 1.000000 2 0 0.000000
12 1246.637573 354.611816 13.125000 0.000000 -6.000000 0.000000 0.000000 0.000000 1.000000 0.000000 -6.000000 1.000000 2 0 0.000000
12 -467.600555 -1093.717285 13.125000 0.000000 2.000000 0.000000 0.000000 0.000000 1.000000 0.000000 2.000000 1.000000 2 0 0.000000
12 1114.262573 363.552886 13.125000 0.000000 -4.000000 0.000000 0.000000 0.000000 1.000000 0.000000 -4.000000 1.000000 2 0 0.000000
12 1000.842163 380.671966 13.125000 0.000000 -7.000000 0.000000 0.000000 0.000000 1.000000 0.000000 -7.000000 1.000000 2 0 0.000000
12 -518.759155 -1216.570800 13.124999 0.000000 -1.000000 0.000000 0.000000 0.000000 1.000000 0.000000 -1.000000 1.000000 2 0 0.000000
12 1143.652099 447.353790 13.125000 0.000000 -95.000000 0.000000 0.000000 0.000000 1.000000 0.000000 -95.000000 1.000000 2 0 0.000000
12 1154.600219 555.419677 13.125000 0.000000 -95.000000 0.000000 0.000000 0.000000 1.000000 0.000000 -95.000000 1.000000 2 0 0.000000
12 -610.186462 -1170.231689 13.125000 0.000000 -90.000000 0.000000 0.000000 0.000000 1.000000 0.000000 -90.000000 1.000000 2 0 0.000000
12 1269.103393 574.546142 13.125000 0.000000 175.000000 0.000000 0.000000 0.000000 1.000000 0.000000 175.000000 1.000000 2 0 0.000000
14 1358.693237 689.453063 7.125000 0.000000 -81.000000 0.000000 0.000000 0.000000 1.000000 0.000000 -81.000000 1.000000 1 0 0.000000
12 -627.658447 -1075.627197 13.125000 0.000000 -89.000000 0.000000 0.000000 0.000000 1.000000 0.000000 -89.000000 1.000000 2 0 0.000000
12 1429.512207 771.958068 13.125000 0.000000 1.000000 0.000000 0.000000 0.000000 1.000000 0.000000 1.000000 1.000000 2 0 0.000000
12 1305.552246 767.965698 13.125000 0.000000 1.000000 0.000000 0.000000 0.000000 1.000000 0.000000 1.000000 1.000000 2 0 0.000000
12 1200.602172 764.042663 13.125000 0.000000 1.000000 0.000000 0.000000 0.000000 1.000000 0.000000 1.000000 1.000000 2 0 0.000000
12 1114.978759 722.844177 13.125000 0.000000 93.000000 0.000000 0.000000 0.000000 1.000000 0.000000 93.000000 1.000000 2 0 0.000000
12 1068.932495 598.880554 13.125000 0.000000 89.000000 0.000000 0.000000 0.000000 1.000000 0.000000 89.000000 1.000000 2 0 0.000000
12 -342.421386 -740.432739 13.125000 0.000000 -86.000000 0.000000 0.000000 0.000000 1.000000 0.000000 -86.000000 1.000000 2 0 0.000000
12 952.067932 291.030670 13.125000 0.000000 83.000000 0.000000 0.000000 0.000000 1.000000 0.000000 83.000000 1.000000 2 0 0.000000
12 890.564819 180.201690 13.125000 0.000000 80.000000 0.000000 0.000000 0.000000 1.000000 0.000000 80.000000 1.000000 2 0 0.000000
12 828.409179 95.529914 13.125000 0.000000 -86.000000 0.000000 0.000000 0.000000 1.000000 0.000000 -86.000000 1.000000 2 0 0.000000
12 981.058959 532.413024 13.125000 0.000000 -10.000000 0.000000 0.000000 0.000000 1.000000 0.000000 -10.000000 1.000000 2 0 0.000000
12 884.256652 473.025390 13.125000 0.000000 -10.000000 0.000000 0.000000 0.000000 1.000000 0.000000 -10.000000 1.000000 2 0 0.000000
12 845.454711 391.714416 13.125000 0.000000 83.000000 0.000000 0.000000 0.000000 1.000000 0.000000 83.000000 1.000000 2 0 0.000000
12 949.060546 711.879455 13.125000 0.000000 -6.000000 0.000000 0.000000 0.000000 1.000000 0.000000 -6.000000 1.000000 2 0 0.000000
12 113.491508 -547.280029 13.125000 0.000000 -92.000000 0.000000 0.000000 0.000000 1.000000 0.000000 -92.000000 1.000000 2 0 0.000000
12 1041.669921 810.533020 13.125000 0.000000 -94.000000 0.000000 0.000000 0.000000 1.000000 0.000000 -94.000000 1.000000 2 0 0.000000
12 897.560241 618.105407 13.125000 0.000000 -7.000000 0.000000 0.000000 0.000000 1.000000 0.000000 -7.000000 1.000000 2 0 0.000000
12 -60.700305 -476.122619 13.125000 0.000000 -89.000000 0.000000 0.000000 0.000000 1.000000 0.000000 -89.000000 1.000000 1 0 0.000000
12 109.739585 -435.564880 13.125000 0.000000 -90.000000 0.000000 0.000000 0.000000 1.000000 0.000000 -90.000000 1.000000 2 0 0.000000
14 856.532531 552.893310 7.125000 0.000000 -5.000000 0.000000 0.000000 0.000000 1.000000 0.000000 -5.000000 1.000000 1 0 0.000000
12 779.407226 624.021118 13.125000 0.000000 -2.000000 0.000000 0.000000 0.000000 1.000000 0.000000 -2.000000 1.000000 2 0 0.000000
12 -71.337882 -312.705413 13.125000 0.000000 -85.000000 0.000000 0.000000 0.000000 1.000000 0.000000 -85.000000 1.000000 2 0 0.000000
12 105.244674 -283.664611 13.125000 0.000000 -88.000000 0.000000 0.000000 0.000000 1.000000 0.000000 -88.000000 1.000000 2 0 0.000000
12 726.247253 518.868408 13.125000 0.000000 91.000000 0.000000 0.000000 0.000000 1.000000 0.000000 91.000000 1.000000 2 0 0.000000
12 94.943359 -176.766799 13.125000 0.000000 -85.000000 0.000000 0.000000 0.000000 1.000000 0.000000 -85.000000 1.000000 2 0 0.000000
12 733.406005 362.715515 13.125000 0.000000 0.000000 0.000000 0.000000 0.000000 1.000000 0.000000 0.000000 1.000000 2 0 0.000000
12 700.496032 265.910583 13.125000 0.000000 88.000000 0.000000 0.000000 0.000000 1.000000 0.000000 88.000000 1.000000 2 0 0.000000
12 46.970027 -90.070541 13.125000 0.000000 4.000000 0.000000 0.000000 0.000000 1.000000 0.000000 4.000000 1.000000 2 0 0.000000
12 -49.644660 -97.068832 13.125000 0.000000 4.000000 0.000000 0.000000 0.000000 1.000000 0.000000 4.000000 1.000000 2 0 0.000000
12 838.113159 -175.955413 13.125000 0.000000 -1.000000 0.000000 0.000000 0.000000 1.000000 0.000000 -1.000000 1.000000 2 0 0.000000
12 720.668945 -172.351226 13.125000 0.000000 -1.000000 0.000000 0.000000 0.000000 1.000000 0.000000 -1.000000 1.000000 2 0 0.000000
12 715.852416 -301.710113 13.125000 0.000000 -1.000000 0.000000 0.000000 0.000000 1.000000 0.000000 -1.000000 1.000000 2 0 0.000000
12 -148.767242 -104.380432 13.125000 0.000000 4.000000 0.000000 0.000000 0.000000 1.000000 0.000000 4.000000 1.000000 2 0 0.000000
12 619.710754 457.656372 13.125000 0.000000 -1.000000 0.000000 0.000000 0.000000 1.000000 0.000000 -1.000000 1.000000 2 0 0.000000
12 -247.031936 -319.227386 13.125000 0.000000 -83.000000 0.000000 0.000000 0.000000 1.000000 0.000000 -83.000000 1.000000 2 0 0.000000
12 518.817138 174.087387 13.125000 0.000000 86.000000 0.000000 0.000000 0.000000 1.000000 0.000000 86.000000 1.000000 2 0 0.000000
12 498.970581 438.083831 13.125000 0.000000 87.000000 0.000000 0.000000 0.000000 1.000000 0.000000 87.000000 1.000000 2 0 0.000000
12 525.615478 313.994201 13.125000 0.000000 86.000000 0.000000 0.000000 0.000000 1.000000 0.000000 86.000000 1.000000 2 0 0.000000
12 511.643310 38.698116 13.125000 0.000000 86.000000 0.000000 0.000000 0.000000 1.000000 0.000000 86.000000 1.000000 2 0 0.000000
12 -225.247344 -449.312835 13.125000 0.000000 89.000000 0.000000 0.000000 0.000000 1.000000 0.000000 89.000000 1.000000 2 0 0.000000
12 506.262115 -68.045677 13.125000 0.000000 86.000000 0.000000 0.000000 0.000000 1.000000 0.000000 86.000000 1.000000 2 0 0.000000
12 499.199676 -181.383026 13.125000 0.000000 86.000000 0.000000 0.000000 0.000000 1.000000 0.000000 86.000000 1.000000 2 0 0.000000
12 577.046447 -253.011291 13.124999 0.000000 4.000000 0.000000 0.000000 0.000000 1.000000 0.000000 4.000000 1.000000 2 0 0.000000
14 674.645874 599.353454 7.125000 0.000000 -49.000000 0.000000 0.000000 0.000000 1.000000 0.000000 -49.000000 1.000000 1 0 0.000000
12 365.836822 -169.297210 13.125000 0.000000 -93.000000 0.000000 0.000000 0.000000 1.000000 0.000000 -93.000000 1.000000 2 0 0.000000
12 264.014373 -162.144134 13.125000 0.000000 -93.000000 0.000000 0.000000 0.000000 1.000000 0.000000 -93.000000 1.000000 2 0 0.000000
12 302.699645 -283.204956 13.125000 0.000000 85.000000 0.000000 0.000000 0.000000 1.000000 0.000000 85.000000 1.000000 2 0 0.000000
12 384.393646 155.347595 13.125000 0.000000 -90.000000 0.000000 0.000000 0.000000 1.000000 0.000000 -90.000000 1.000000 2 0 0.000000
12 -353.529388 -635.347473 13.125000 0.000000 -85.000000 0.000000 0.000000 0.000000 1.000000 0.000000 -85.000000 1.000000 2 0 0.000000
12 380.305786 25.671432 13.125000 0.000000 -93.000000 0.000000 0.000000 0.000000 1.000000 0.000000 -93.000000 1.000000 2 0 0.000000
12 -209.379806 -545.068176 13.125000 0.000000 -86.000000 0.000000 0.000000 0.000000 1.000000 0.000000 -86.000000 1.000000 2 0 0.000000
12 427.279418 260.976318 13.125000 0.000000 -7.000000 0.000000 0.000000 0.000000 1.000000 0.000000 -7.000000 1.000000 2 0 0.000000
12 388.089385 375.346710 13.125000 0.000000 -91.000000 0.000000 0.000000 0.000000 1.000000 0.000000 -91.000000 1.000000 2 0 0.000000
12 392.479888 516.067504 13.125000 0.000000 -91.000000 0.000000 0.000000 0.000000 1.000000 0.000000 -91.000000 1.000000 2 0 0.000000
12 -151.855407 -308.780487 13.125000 0.000000 -85.000000 0.000000 0.000000 0.000000 1.000000 0.000000 -85.000000 1.000000 2 0 0.000000
12 396.956939 658.906616 13.125000 0.000000 -91.000000 0.000000 0.000000 0.000000 1.000000 0.000000 -91.000000 1.000000 2 0 0.000000
12 605.140563 48.664321 13.125000 0.000000 -91.000000 0.000000 0.000000 0.000000 1.000000 0.000000 -91.000000 1.000000 2 0 0.000000
12 609.506652 589.238708 13.125000 0.000000 -90.000000 0.000000 0.000000 0.000000 1.000000 0.000000 -90.000000 1.000000 2 0 0.000000
12 689.286132 660.856140 13.124999 0.000000 -90.000000 0.000000 0.000000 0.000000 1.000000 0.000000 -90.000000 1.000000 2 0 0.000000
12 1216.909057 1170.060058 13.125000 0.000000 90.000000 0.000000 0.000000 0.000000 1.000000 0.000000 90.000000 1.000000 2 0 0.000000
12 469.936676 754.896118 13.125000 0.000000 -174.000000 0.000000 0.000000 0.000000 1.000000 0.000000 -174.000000 1.000000 2 0 0.000000
12 508.170532 878.235534 13.125000 0.000000 -86.000000 0.000000 0.000000 0.000000 1.000000 0.000000 -86.000000 1.000000 2 0 0.000000
12 1424.656982 921.383666 13.125000 0.000000 1.000000 0.000000 0.000000 0.000000 1.000000 0.000000 1.000000 1.000000 2 0 0.000000
12 1278.232299 923.664123 13.125000 0.000000 0.000000 0.000000 0.000000 0.000000 1.000000 0.000000 0.000000 1.000000 2 0 0.000000
12 1333.459350 1013.708923 13.125000 0.000000 1.000000 0.000000 0.000000 0.000000 1.000000 0.000000 1.000000 1.000000 2 0 0.000000
12 1332.370239 1129.132202 13.125000 0.000000 0.000000 0.000000 0.000000 0.000000 1.000000 0.000000 0.000000 1.000000 2 0 0.000000
14 1378.887084 850.089843 7.125000 0.000000 -179.000000 0.000000 0.000000 0.000000 1.000000 0.000000 -179.000000 1.000000 1 0 0.000000
12 1152.162841 927.505676 13.125000 0.000000 0.000000 0.000000 0.000000 0.000000 1.000000 0.000000 0.000000 1.000000 2 0 0.000000
12 438.351287 -433.051269 13.125000 0.000000 177.000000 0.000000 0.000000 0.000000 1.000000 0.000000 177.000000 1.000000 2 0 0.000000
12 1031.020263 929.331481 13.125000 0.000000 0.000000 0.000000 0.000000 0.000000 1.000000 0.000000 0.000000 1.000000 2 0 0.000000
12 930.558959 880.005065 13.125000 0.000000 0.000000 0.000000 0.000000 0.000000 1.000000 0.000000 0.000000 1.000000 2 0 0.000000
12 1172.300415 1065.548950 13.125000 0.000000 2.000000 0.000000 0.000000 0.000000 1.000000 0.000000 2.000000 1.000000 2 0 0.000000
12 481.764190 -280.003082 13.125000 0.000000 -91.000000 0.000000 0.000000 0.000000 1.000000 0.000000 -91.000000 1.000000 2 0 0.000000
12 991.309448 1040.346069 13.125000 0.000000 -5.000000 0.000000 0.000000 0.000000 1.000000 0.000000 -5.000000 1.000000 2 0 0.000000
12 913.368469 1140.200805 13.125000 0.000000 89.000000 0.000000 0.000000 0.000000 1.000000 0.000000 89.000000 1.000000 2 0 0.000000
12 761.398620 1037.734619 13.125000 0.000000 -1.000000 0.000000 0.000000 0.000000 1.000000 0.000000 -1.000000 1.000000 2 0 0.000000
12 796.647155 897.261413 13.125000 0.000000 85.000000 0.000000 0.000000 0.000000 1.000000 0.000000 85.000000 1.000000 2 0 0.000000
12 816.274230 807.275512 13.125000 0.000000 -5.000000 0.000000 0.000000 0.000000 1.000000 0.000000 -5.000000 1.000000 2 0 0.000000
12 702.209167 1134.098144 13.125000 0.000000 -6.000000 0.000000 0.000000 0.000000 1.000000 0.000000 -6.000000 1.000000 2 0 0.000000
12 256.326965 320.868286 13.125000 0.000000 -10.000000 0.000000 0.000000 0.000000 1.000000 0.000000 -10.000000 1.000000 1 0 0.000000
12 131.198562 306.082916 13.125000 0.000000 -98.000000 0.000000 0.000000 0.000000 1.000000 0.000000 -98.000000 1.000000 2 0 0.000000
12 87.509681 203.277557 13.125000 0.000000 83.000000 0.000000 0.000000 0.000000 1.000000 0.000000 83.000000 1.000000 2 0 0.000000
12 -22.475183 116.697174 13.125000 0.000000 -5.000000 0.000000 0.000000 0.000000 1.000000 0.000000 -5.000000 1.000000 2 0 0.000000
14 124.027732 122.642295 7.125000 0.000000 33.000000 0.000000 0.000000 0.000000 1.000000 0.000000 33.000000 1.000000 1 0 0.000000
12 345.030883 764.371459 13.125000 0.000000 1.000000 0.000000 0.000000 0.000000 1.000000 0.000000 1.000000 1.000000 2 0 0.000000
12 200.702270 787.476257 13.125000 0.000000 0.000000 0.000000 0.000000 0.000000 1.000000 0.000000 0.000000 1.000000 2 0 0.000000
12 94.278953 787.834777 13.125000 0.000000 0.000000 0.000000 0.000000 0.000000 1.000000 0.000000 0.000000 1.000000 2 0 0.000000
12 333.772430 876.135314 13.125000 0.000000 -89.000000 0.000000 0.000000 0.000000 1.000000 0.000000 -89.000000 1.000000 2 0 0.000000
12 331.307403 1032.950317 13.125000 0.000000 -89.000000 0.000000 0.000000 0.000000 1.000000 0.000000 -89.000000 1.000000 2 0 0.000000
12 329.183380 1122.889526 13.125000 0.000000 -89.000000 0.000000 0.000000 0.000000 1.000000 0.000000 -89.000000 1.000000 2 0 0.000000
12 163.400192 1210.893432 13.124999 0.000000 -3.000000 0.000000 0.000000 0.000000 1.000000 0.000000 -3.000000 1.000000 2 0 0.000000
14 434.008880 905.298095 7.125000 0.000000 -84.000000 0.000000 0.000000 0.000000 1.000000 0.000000 -84.000000 1.000000 1 0 0.000000
12 207.614334 1081.839355 13.125000 0.000000 0.000000 0.000000 0.000000 0.000000 1.000000 0.000000 0.000000 1.000000 2 0 0.000000
12 99.534500 1120.149169 13.125000 0.000000 -2.000000 0.000000 0.000000 0.000000 1.000000 0.000000 -2.000000 1.000000 2 0 0.000000
12 -6.248935 1174.723388 13.125000 0.000000 82.000000 0.000000 0.000000 0.000000 1.000000 0.000000 82.000000 1.000000 2 0 0.000000
14 146.380401 1171.425537 7.125000 0.000000 164.000000 0.000000 0.000000 0.000000 1.000000 0.000000 164.000000 1.000000 1 0 0.000000
4 212.322296 -17.012924 660.250000 0.000000 -123.000000 0.000000 0.000000 0.000000 1.000000 0.000000 -123.000000 1.000000 1 1 0.000000
14 1524.628417 381.874725 18.250000 0.000000 2.000000 0.000000 0.000000 0.000000 1.000000 0.000000 2.000000 1.000000 1 1 0.000000
