15 654.617980 -1199.319702 15.125000 0.000000 -4.000000 0.000000 0.000000 0.000000 1.000000 0.000000 -4.000000 1.000000 2 0 0.000000
15 654.617980 -1199.319702 125.250000 0.000000 -5.000000 0.000000 0.000000 0.000000 1.000000 0.000000 -5.000000 1.000000 2 0 0.000000
15 654.617980 -1199.319702 235.375000 0.000000 -4.000000 0.000000 0.000000 0.000000 1.000000 0.000000 -4.000000 1.000000 2 0 0.000000
15 702.909362 -1102.036132 271.125000 0.000000 -161.000000 0.000000 0.000000 0.000000 1.000000 0.000000 -161.000000 1.000000 2 0 0.000000
11 -1170.163940 905.781005 40.125000 0.000000 172.000000 0.000000 0.000000 0.000000 1.000000 0.000000 172.000000 1.000000 2 0 0.000000
6 -1289.417846 -1170.126831 9.125000 0.000000 170.000000 0.000000 0.000000 0.000000 1.000000 0.000000 170.000000 1.000000 0 0 0.000000
15 1461.160400 -720.609252 23.124998 0.000000 -55.000000 0.000000 0.000000 0.000000 1.000000 0.000000 -55.000000 1.000000 2 0 0.000000
15 1346.719238 -752.271850 271.125000 0.000000 -86.000000 0.000000 0.000000 0.000000 1.000000 0.000000 -86.000000 1.000000 2 0 0.000000
15 1221.313964 -752.736877 271.125000 0.000000 -88.000000 0.000000 0.000000 0.000000 1.000000 0.000000 -88.000000 1.000000 2 0 0.000000
15 1108.947631 -746.446960 271.125000 0.000000 -68.000000 0.000000 0.000000 0.000000 1.000000 0.000000 -68.000000 1.000000 2 0 0.000000
15 -1456.645141 687.465087 23.125000 0.000000 130.000000 0.000000 0.000000 0.000000 1.000000 0.000000 130.000000 1.000000 2 0 0.000000
15 -1339.498413 711.600158 271.125000 0.000000 171.000000 0.000000 0.000000 0.000000 1.000000 0.000000 171.000000 1.000000 2 0 0.000000
15 -1097.622680 727.816406 271.125000 0.000000 78.000000 0.000000 0.000000 0.000000 1.000000 0.000000 78.000000 1.000000 2 0 0.000000
15 -1221.447998 717.890869 271.125000 0.000000 178.000000 0.000000 0.000000 0.000000 1.000000 0.000000 178.000000 1.000000 2 0 0.000000
15 -1028.875610 1257.117675 15.125000 0.000000 88.000000 0.000000 0.000000 0.000000 1.000000 0.000000 88.000000 1.000000 2 0 0.000000
15 -1300.230224 1235.950317 15.125000 0.000000 88.000000 0.000000 0.000000 0.000000 1.000000 0.000000 88.000000 1.000000 2 0 0.000000
11 -1379.350341 1222.873901 40.125000 0.000000 -63.000000 0.000000 0.000000 0.000000 1.000000 0.000000 -63.000000 1.000000 2 0 0.000000
15 -1455.076782 1096.285888 15.125001 0.000000 -177.000000 0.000000 0.000000 0.000000 1.000000 0.000000 -177.000000 1.000000 2 0 0.000000
11 -945.939636 1222.873901 40.125000 0.000000 171.000000 0.000000 0.000000 0.000000 1.000000 0.000000 171.000000 1.000000 2 0 0.000000
9 801.858154 -901.608947 4.125000 0.000000 104.000000 0.000000 0.000000 0.000000 1.000000 0.000000 104.000000 1.000000 0 0 0.000000
15 -733.532287 1097.159912 271.125000 0.000000 0.000000 0.000000 0.000000 0.000000 1.000000 0.000000 0.000000 1.000000 2 0 0.000000
15 -974.476196 1010.489501 15.125000 0.000000 -2.000000 0.000000 0.000000 0.000000 1.000000 0.000000 -2.000000 1.000000 2 0 0.000000
14 1451.780883 -850.235229 7.125000 0.000000 19.000000 0.000000 0.000000 0.000000 1.000000 0.000000 19.000000 1.000000 1 0 0.000000
10 1223.053344 -862.904235 20.125000 0.000000 -6.000000 0.000000 0.000000 0.000000 1.000000 -9.111632 341.683013 1.000000 1 0 0.000000
15 -681.388854 779.693176 527.125000 0.000000 177.000000 0.000000 0.000000 0.000000 1.000000 0.000000 177.000000 1.000000 2 0 0.000000
15 -673.041442 887.142944 527.125000 0.000000 -175.000000 0.000000 0.000000 0.000000 1.000000 0.000000 -175.000000 1.000000 2 0 0.000000
15 -679.931030 1009.037719 527.125000 0.000000 -178.000000 0.000000 0.000000 0.000000 1.000000 0.000000 -178.000000 1.000000 2 0 0.000000
10 1036.691284 -843.941650 20.125000 0.000000 -15.000000 0.000000 0.000000 0.000000 1.000000 -16.643220 334.133728 1.000000 1 0 0.000000
10 1145.091186 -856.889648 20.125000 0.000000 -21.000000 0.000000 0.000000 0.000000 1.000000 -17.771207 327.353759 1.000000 1 0 0.000000
10 1458.376831 -1206.459350 20.125000 0.000000 -6.000000 0.000000 0.000000 0.000000 1.000000 -12.307273 144.323745 1.000000 1 0 0.000000
15 -647.167175 1196.056640 15.125000 0.000000 143.000000 0.000000 0.000000 0.000000 1.000000 0.000000 143.000000 1.000000 2 0 0.000000
10 1297.795898 -1167.882202 20.125000 0.000000 81.000000 0.000000 0.000000 0.000000 1.000000 -2.152910 86.987243 1.000000 1 0 0.000000
10 1215.225585 -1193.990234 20.125000 0.000000 -3.000000 0.000000 0.000000 0.000000 1.000000 -6.955032 78.340965 1.000000 1 0 0.000000
10 1053.003662 -1207.953369 20.125000 0.000000 69.000000 0.000000 0.000000 0.000000 1.000000 -19.751310 56.876537 1.000000 1 0 0.000000
10 1168.184570 -1023.719970 20.125000 0.000000 14.000000 0.000000 0.000000 0.000000 1.000000 -11.068462 68.789413 1.000000 1 0 0.000000
10 1422.910156 -1007.293518 20.125000 0.000000 -171.000000 0.000000 0.000000 0.000000 1.000000 -30.520439 59.609600 1.000000 0 0 0.000000
14 -1174.997192 821.249145 7.125000 0.000000 170.000000 0.000000 0.000000 0.000000 1.000000 0.000000 170.000000 1.000000 1 0 0.000000
15 -1256.485473 888.787536 15.125000 0.000000 -83.000000 0.000000 0.000000 0.000000 1.000000 0.000000 -83.000000 1.000000 2 0 0.000000
15 -1080.173583 896.183471 15.125000 0.000000 -154.000000 0.000000 0.000000 0.000000 1.000000 0.000000 -154.000000 1.000000 2 0 0.000000
15 -980.119445 898.013671 15.125000 0.000000 -92.000000 0.000000 0.000000 0.000000 1.000000 0.000000 -92.000000 1.000000 2 0 0.000000
15 -1354.053955 895.685913 15.125000 0.000000 -91.000000 0.000000 0.000000 0.000000 1.000000 0.000000 -91.000000 1.000000 2 0 0.000000
15 -1448.705688 961.880615 15.125000 0.000000 -100.000000 0.000000 0.000000 0.000000 1.000000 0.000000 -100.000000 1.000000 2 0 0.000000
15 -1456.384765 1203.265502 15.125000 0.000000 127.000000 0.000000 0.000000 0.000000 1.000000 0.000000 127.000000 1.000000 2 0 0.000000
5 1488.875000 -1219.202270 3117.085449 0.000000 -69.000000 93.000000 -1.000000 0.000000 0.000000 -1.000000 -69.000000 0.000000 0 0 0.000000
1 -1333.382202 -1052.260864 15.125000 0.000000 -144.000000 0.000000 0.000000 0.000000 1.000000 0.000000 -144.000000 1.000000 0 0 0.000000
5 -1488.875000 1216.639648 688.247253 0.000000 88.000000 90.000000 1.000000 0.000000 0.000000 1.000000 88.000000 0.000000 0 0 0.000000
13 876.963317 -873.899658 269.125000 0.000000 90.000000 0.000000 0.000000 0.000000 1.000000 0.000000 90.000000 1.000000 0 0 0.000000
11 38.848167 -1060.354492 40.125000 0.000000 1.000000 0.000000 0.000000 0.000000 1.000000 0.000000 1.000000 1.000000 0 0 0.000000
13 879.712036 -1019.681152 269.125000 0.000000 90.000000 0.000000 0.000000 0.000000 1.000000 0.000000 90.000000 1.000000 0 0 0.000000
13 807.940185 -947.541442 269.125000 0.000000 -178.000000 0.000000 0.000000 0.000000 1.000000 0.000000 -178.000000 1.000000 0 0 0.000000
13 944.279663 -944.976745 277.125000 0.000000 91.000000 0.000000 0.000000 0.000000 1.000000 0.000000 91.000000 1.000000 0 0 0.000000
6 204.073806 1.084724 624.125000 0.000000 82.000000 0.000000 0.000000 0.000000 1.000000 0.000000 82.000000 1.000000 0 0 0.000000
14 217.162933 93.245864 622.125000 0.000000 -84.000000 0.000000 0.000000 0.000000 1.000000 0.000000 -84.000000 1.000000 1 0 0.000000
11 398.328704 844.938537 40.125000 0.000000 -99.000000 0.000000 0.000000 0.000000 1.000000 0.000000 -99.000000 1.000000 2 0 0.000000
11 -175.277084 -320.375885 40.125000 0.000000 124.000000 0.000000 0.000000 0.000000 1.000000 0.000000 124.000000 1.000000 2 0 0.000000
5 406.513305 1232.875000 607.345642 0.000000 -90.000000 -1.000000 0.000000 -1.000000 0.000000 0.000000 -90.000000 0.000000 0 0 0.000000
5 -1488.875000 -1190.556396 741.138916 0.000000 -87.000000 -87.000000 1.000000 0.000000 0.000000 1.000000 -87.000000 0.000000 0 0 0.000000
6 -1440.350952 1188.769897 265.125000 0.000000 145.000000 0.000000 0.000000 0.000000 1.000000 0.000000 145.000000 1.000000 0 0 0.000000
14 -1073.761230 1148.983642 263.125000 0.000000 41.000000 0.000000 0.000000 0.000000 1.000000 0.000000 41.000000 1.000000 1 0 0.000000
15 143.173767 39.617504 15.125000 0.000000 0.000000 0.000000 0.000000 0.000000 1.000000 0.000000 0.000000 1.000000 2 0 0.000000
15 226.120605 114.789932 15.125000 0.000000 -86.000000 0.000000 0.000000 0.000000 1.000000 0.000000 -86.000000 1.000000 2 0 0.000000
15 224.567642 -33.620361 15.125000 0.000000 87.000000 0.000000 0.000000 0.000000 1.000000 0.000000 87.000000 1.000000 2 0 0.000000
15 298.296966 40.103420 15.125000 0.000000 -179.000000 0.000000 0.000000 0.000000 1.000000 0.000000 -179.000000 1.000000 2 0 0.000000
13 263.626373 -60.686775 141.125000 0.000000 89.000000 0.000000 0.000000 0.000000 1.000000 0.000000 89.000000 1.000000 0 0 0.000000
13 190.551605 -66.841072 141.125000 0.000000 91.000000 0.000000 0.000000 0.000000 1.000000 0.000000 91.000000 1.000000 0 0 0.000000
13 117.945976 -2.338357 141.125000 0.000000 0.000000 0.000000 0.000000 0.000000 1.000000 0.000000 0.000000 1.000000 0 0 0.000000
13 112.414543 73.500541 141.125000 0.000000 0.000000 0.000000 0.000000 0.000000 1.000000 0.000000 0.000000 1.000000 0 0 0.000000
13 178.131607 161.203643 141.125000 0.000000 -88.000000 0.000000 0.000000 0.000000 1.000000 0.000000 -88.000000 1.000000 0 0 0.000000
13 263.766906 168.997970 141.125000 0.000000 -87.000000 0.000000 0.000000 0.000000 1.000000 0.000000 -87.000000 1.000000 0 0 0.000000
11 717.344604 -199.718170 40.125000 0.000000 -30.000000 0.000000 0.000000 0.000000 1.000000 0.000000 -30.000000 1.000000 2 0 0.000000
5 1488.875000 -1214.038330 664.789367 0.000000 -104.000000 93.000000 -1.000000 0.000000 0.000000 -1.000000 -104.000000 0.000000 0 0 0.000000
5 1332.591186 1232.875000 1322.964355 0.000000 27.000000 93.000000 0.000000 -1.000000 0.000000 0.000000 27.000000 0.000000 0 0 0.000000
11 97.176956 -603.562500 40.125000 0.000000 176.000000 0.000000 0.000000 0.000000 1.000000 0.000000 176.000000 1.000000 2 0 0.000000
5 1378.756103 1232.875000 1324.251831 0.000000 3.000000 88.000000 0.000000 -1.000000 0.000000 0.000000 3.000000 0.000000 0 0 0.000000
5 1488.875000 1058.929931 1371.403930 0.000000 80.000000 -90.000000 -1.000000 0.000000 0.000000 -1.000000 80.000000 0.000000 0 0 0.000000
11 -1452.135009 -1173.374389 40.125000 0.000000 179.000000 0.000000 0.000000 0.000000 1.000000 0.000000 179.000000 1.000000 2 0 0.000000
11 -733.252380 -819.723205 40.125000 0.000000 40.000000 0.000000 0.000000 0.000000 1.000000 0.000000 40.000000 1.000000 2 0 0.000000
11 -731.235534 -374.152374 40.125000 0.000000 -176.000000 0.000000 0.000000 0.000000 1.000000 0.000000 -176.000000 1.000000 2 0 0.000000
13 -732.822753 -580.872680 13.125000 0.000000 84.000000 0.000000 0.000000 0.000000 1.000000 0.000000 84.000000 1.000000 0 0 0.000000
15 717.119445 551.599670 15.124998 0.000000 26.000000 0.000000 0.000000 0.000000 1.000000 0.000000 26.000000 1.000000 2 0 0.000000
11 1281.866943 524.698486 40.125000 0.000000 -3.000000 0.000000 0.000000 0.000000 1.000000 0.000000 -3.000000 1.000000 2 0 0.000000
11 1478.874023 1222.875000 40.125000 0.000000 40.000000 0.000000 0.000000 0.000000 1.000000 0.000000 40.000000 1.000000 2 0 0.000000
13 344.492980 84.699264 141.125000 0.000000 179.000000 0.000000 0.000000 0.000000 1.000000 0.000000 179.000000 1.000000 0 0 0.000000
13 346.087646 11.594745 141.125000 0.000000 179.000000 0.000000 0.000000 0.000000 1.000000 0.000000 179.000000 1.000000 0 0 0.000000
10 -1170.156860 905.062683 100.250000 0.000000 171.000000 0.000000 0.000000 0.000000 1.000000 0.000000 171.000000 1.000000 2 1 0.000000
15 1461.160400 -720.609252 133.250000 0.000000 -55.000000 0.000000 0.000000 0.000000 1.000000 0.000000 -55.000000 1.000000 2 1 0.000000
15 -1456.645141 687.465087 133.250000 0.000000 130.000000 0.000000 0.000000 0.000000 1.000000 0.000000 130.000000 1.000000 2 1 0.000000
15 -1028.875610 1257.117675 125.250000 0.000000 88.000000 0.000000 0.000000 0.000000 1.000000 0.000000 88.000000 1.000000 2 1 0.000000
15 -1300.230224 1235.950317 125.250000 0.000000 88.000000 0.000000 0.000000 0.000000 1.000000 0.000000 88.000000 1.000000 2 1 0.000000
15 -1455.076782 1096.285888 125.250000 0.000000 -177.000000 0.000000 0.000000 0.000000 1.000000 0.000000 -177.000000 1.000000 2 1 0.000000
11 -1379.350341 1222.873901 120.250000 0.000000 -62.000000 0.000000 0.000000 0.000000 1.000000 0.000000 -62.000000 1.000000 2 1 0.000000
15 -647.167175 1196.056640 125.250000 0.000000 143.000000 0.000000 0.000000 0.000000 1.000000 0.000000 143.000000 1.000000 2 1 0.000000
11 -945.939636 1222.873901 120.250000 0.000000 171.000000 0.000000 0.000000 0.000000 1.000000 0.000000 171.000000 1.000000 2 1 0.000000
15 -974.476196 1010.489501 125.250007 0.000000 -2.000000 0.000000 0.000000 0.000000 1.000000 0.000000 -2.000000 1.000000 2 1 0.000000
15 -733.532287 1097.159912 381.250000 0.000000 0.000000 0.000000 0.000000 0.000000 1.000000 0.000000 0.000000 1.000000 2 1 0.000000
15 -1256.485473 888.787536 125.249992 0.000000 -87.000000 0.000000 0.000000 0.000000 1.000000 0.000000 -87.000000 1.000000 2 1 0.000000
15 -1080.173583 896.183471 125.250000 0.000000 -153.000000 0.000000 0.000000 0.000000 1.000000 0.000000 -153.000000 1.000000 2 1 0.000000
15 -980.119445 898.013671 125.250000 0.000000 -92.000000 0.000000 0.000000 0.000000 1.000000 0.000000 -92.000000 1.000000 2 1 0.000000
15 -1354.053955 895.685913 125.250000 0.000000 -91.000000 0.000000 0.000000 0.000000 1.000000 0.000000 -91.000000 1.000000 2 1 0.000000
15 -1448.705688 961.880615 125.250000 0.000000 -100.000000 0.000000 0.000000 0.000000 1.000000 0.000000 -100.000000 1.000000 2 1 0.000000
15 -1456.384765 1203.265502 125.250000 0.000000 127.000000 0.000000 0.000000 0.000000 1.000000 0.000000 127.000000 1.000000 2 1 0.000000
6 888.695434 -944.827514 333.250000 0.000000 92.000000 0.000000 0.000000 0.000000 1.000000 0.000000 92.000000 1.000000 0 1 0.000000
15 -1451.873901 1201.335937 718.372253 0.000000 131.000000 0.000000 0.000000 0.000000 1.000000 0.000000 131.000000 1.000000 2 1 0.000000
11 38.848167 -1060.354492 120.250000 0.000000 1.000000 0.000000 0.000000 0.000000 1.000000 0.000000 1.000000 1.000000 0 1 0.000000
11 -175.277084 -320.375885 120.250000 0.000000 124.000000 0.000000 0.000000 0.000000 1.000000 0.000000 124.000000 1.000000 2 1 0.000000
11 398.328704 844.938537 120.250000 0.000000 -99.000000 0.000000 0.000000 0.000000 1.000000 0.000000 -99.000000 1.000000 2 1 0.000000
11 717.344604 -199.718170 120.250000 0.000000 -30.000000 0.000000 0.000000 0.000000 1.000000 0.000000 -30.000000 1.000000 2 1 0.000000
11 97.176956 -603.562500 120.250000 0.000000 176.000000 0.000000 0.000000 0.000000 1.000000 0.000000 176.000000 1.000000 2 1 0.000000
11 -1452.135009 -1173.374389 120.250000 0.000000 177.000000 0.000000 0.000000 0.000000 1.000000 0.000000 177.000000 1.000000 2 1 0.000000
11 -733.252380 -819.723205 120.250000 0.000000 40.000000 0.000000 0.000000 0.000000 1.000000 0.000000 40.000000 1.000000 2 1 0.000000
11 -731.235534 -374.152374 120.250000 0.000000 -166.000000 0.000000 0.000000 0.000000 1.000000 0.000000 -166.000000 1.000000 2 1 0.000000
13 -732.822753 -580.872680 73.250000 0.000000 84.000000 0.000000 0.000000 0.000000 1.000000 0.000000 84.000000 1.000000 0 1 0.000000
15 717.119445 551.599670 125.250000 0.000000 26.000000 0.000000 0.000000 0.000000 1.000000 0.000000 26.000000 1.000000 2 1 0.000000
11 1281.866943 524.698486 120.250000 0.000000 -5.000000 0.000000 0.000000 0.000000 1.000000 0.000000 -5.000000 1.000000 2 1 0.000000
11 1478.874023 1222.875000 120.250000 0.000000 40.000000 0.000000 0.000000 0.000000 1.000000 0.000000 40.000000 1.000000 2 1 0.000000
6 417.432556 1215.809936 631.470642 0.000000 -101.000000 -12.000000 0.000000 0.000000 1.000000 0.000000 -101.000000 0.000000 0 1 0.000000
15 -1441.774780 -1178.613769 771.263916 0.000000 -125.000000 0.000000 0.000000 0.000000 1.000000 0.000000 -125.000000 1.000000 2 1 0.000000
15 1455.808959 -1196.807983 694.914367 0.000000 -41.000000 0.000000 0.000000 0.000000 1.000000 0.000000 -41.000000 1.000000 2 1 0.000000
13 1318.614868 1197.618652 1351.089355 0.000000 91.000000 0.000000 0.000000 0.000000 1.000000 0.000000 91.000000 1.000000 0 1 0.000000
12 1455.418945 1040.886230 1399.528930 0.000000 90.000000 0.000000 0.000000 0.000000 1.000000 0.000000 90.000000 1.000000 1 1 0.000000
10 -1170.156860 905.062683 140.375000 0.000000 171.000000 0.000000 0.000000 0.000000 1.000000 0.000000 171.000000 1.000000 2 2 0.000000
15 1461.160400 -720.609252 243.375000 0.000000 -55.000000 0.000000 0.000000 0.000000 1.000000 0.000000 -55.000000 1.000000 2 2 0.000000
15 -1456.645141 687.465087 243.375000 0.000000 130.000000 0.000000 0.000000 0.000000 1.000000 0.000000 130.000000 1.000000 2 2 0.000000
11 -1379.350341 1222.873901 200.375000 0.000000 -62.000000 0.000000 0.000000 0.000000 1.000000 0.000000 -62.000000 1.000000 2 2 0.000000
15 -733.532287 1097.159912 491.375000 0.000000 0.000000 0.000000 0.000000 0.000000 1.000000 0.000000 0.000000 1.000000 2 2 0.000000
11 -945.939636 1222.873901 200.375000 0.000000 171.000000 0.000000 0.000000 0.000000 1.000000 0.000000 171.000000 1.000000 2 2 0.000000
15 -647.167175 1196.056640 235.375000 0.000000 143.000000 0.000000 0.000000 0.000000 1.000000 0.000000 143.000000 1.000000 2 2 0.000000
14 1447.741210 -1203.156860 3139.210449 0.000000 -28.000000 0.000000 0.000000 0.000000 1.000000 0.000000 -28.000000 1.000000 1 2 0.000000
11 38.848167 -1060.354492 200.375000 0.000000 96.000000 0.000000 0.000000 0.000000 1.000000 0.000000 96.000000 1.000000 0 2 0.000000
11 -175.277084 -320.375885 200.375000 0.000000 124.000000 0.000000 0.000000 0.000000 1.000000 0.000000 124.000000 1.000000 2 2 0.000000
11 398.328704 844.938537 200.375000 0.000000 -99.000000 0.000000 0.000000 0.000000 1.000000 0.000000 -99.000000 1.000000 2 2 0.000000
11 717.344604 -199.718170 200.375000 0.000000 -30.000000 0.000000 0.000000 0.000000 1.000000 0.000000 -30.000000 1.000000 2 2 0.000000
14 -1452.135009 -1173.374389 167.375000 0.000000 171.000000 0.000000 0.000000 0.000000 1.000000 0.000000 171.000000 1.000000 1 2 0.000000
11 -733.252380 -819.723205 200.375000 0.000000 40.000000 0.000000 0.000000 0.000000 1.000000 0.000000 40.000000 1.000000 2 2 0.000000
11 -731.235534 -374.152374 200.375000 0.000000 -147.000000 0.000000 0.000000 0.000000 1.000000 0.000000 -147.000000 1.000000 2 2 0.000000
13 -732.822753 -580.872680 133.375000 0.000000 84.000000 0.000000 0.000000 0.000000 1.000000 0.000000 84.000000 1.000000 0 2 0.000000
15 717.119445 551.599670 235.375000 0.000000 26.000000 0.000000 0.000000 0.000000 1.000000 0.000000 26.000000 1.000000 2 2 0.000000
11 1281.866943 524.698486 200.375000 0.000000 -4.000000 0.000000 0.000000 0.000000 1.000000 0.000000 -4.000000 1.000000 2 2 0.000000
11 1478.874023 1222.875000 200.375000 0.000000 40.000000 0.000000 0.000000 0.000000 1.000000 0.000000 40.000000 1.000000 2 2 0.000000
13 1318.614868 1197.618652 1411.214355 0.000000 91.000000 0.000000 0.000000 0.000000 1.000000 0.000000 91.000000 1.000000 0 2 0.000000
13 1444.234375 1047.218139 1462.653930 0.000000 0.000000 0.000000 0.000000 0.000000 1.000000 0.000000 0.000000 1.000000 0 2 0.000000
14 -1170.156860 905.062683 167.500000 0.000000 171.000000 0.000000 0.000000 0.000000 1.000000 0.000000 171.000000 1.000000 1 3 0.000000
10 -713.247863 1126.210815 606.500000 0.000000 -76.000000 0.000000 0.000000 0.000000 1.000000 0.000000 -76.000000 1.000000 2 3 0.000000
15 -647.167175 1196.056640 345.500000 0.000000 143.000000 0.000000 0.000000 0.000000 1.000000 0.000000 143.000000 1.000000 2 3 0.000000
10 -716.790039 1076.084228 606.500000 0.000000 -6.000000 0.000000 0.000000 0.000000 1.000000 0.000000 -6.000000 1.000000 2 3 0.000000
11 38.848167 -1060.354492 280.500000 0.000000 96.000000 0.000000 0.000000 0.000000 1.000000 0.000000 96.000000 1.000000 0 3 0.000000
11 -175.277084 -320.375885 280.500000 0.000000 127.000000 0.000000 0.000000 0.000000 1.000000 0.000000 127.000000 1.000000 2 3 0.000000
11 398.328704 844.938537 280.500000 0.000000 -99.000000 0.000000 0.000000 0.000000 1.000000 0.000000 -99.000000 1.000000 2 3 0.000000
11 717.344604 -199.718170 280.500000 0.000000 -30.000000 0.000000 0.000000 0.000000 1.000000 0.000000 -30.000000 1.000000 2 3 0.000000
11 -731.235534 -374.152374 280.500000 0.000000 -83.000000 0.000000 0.000000 0.000000 1.000000 0.000000 -83.000000 1.000000 2 3 0.000000
13 -732.822753 -580.872680 193.500000 0.000000 84.000000 0.000000 0.000000 0.000000 1.000000 0.000000 84.000000 1.000000 0 3 0.000000
11 1281.866943 524.698486 280.500000 0.000000 -4.000000 0.000000 0.000000 0.000000 1.000000 0.000000 -4.000000 1.000000 2 3 0.000000
6 719.011474 549.132324 339.500000 0.000000 -155.000000 0.000000 0.000000 0.000000 1.000000 0.000000 -155.000000 1.000000 0 3 0.000000
11 1478.874023 1222.875000 280.500000 0.000000 48.000000 0.000000 0.000000 0.000000 1.000000 0.000000 48.000000 1.000000 2 3 0.000000
13 1318.614868 1197.618652 1471.339355 0.000000 91.000000 0.000000 0.000000 0.000000 1.000000 0.000000 91.000000 1.000000 0 3 0.000000
13 1444.234375 1047.218139 1522.778930 0.000000 0.000000 0.000000 0.000000 0.000000 1.000000 0.000000 0.000000 1.000000 0 3 0.000000
15 -647.167175 1196.056640 455.625000 0.000000 -174.000000 0.000000 0.000000 0.000000 1.000000 0.000000 -174.000000 1.000000 2 4 0.000000
11 38.848167 -1060.354492 360.625000 0.000000 146.000000 0.000000 0.000000 0.000000 1.000000 0.000000 146.000000 1.000000 0 4 0.000000
11 -175.277084 -320.375885 360.625000 0.000000 127.000000 0.000000 0.000000 0.000000 1.000000 0.000000 127.000000 1.000000 2 4 0.000000
11 398.328704 844.938537 360.625000 0.000000 -99.000000 0.000000 0.000000 0.000000 1.000000 0.000000 -99.000000 1.000000 2 4 0.000000
11 717.344604 -199.718170 360.625000 0.000000 -30.000000 0.000000 0.000000 0.000000 1.000000 0.000000 -30.000000 1.000000 2 4 0.000000
13 -732.822753 -580.872680 253.625000 0.000000 86.000000 0.000000 0.000000 0.000000 1.000000 0.000000 86.000000 1.000000 0 4 0.000000
11 1281.866943 524.698486 360.625000 0.000000 -4.000000 0.000000 0.000000 0.000000 1.000000 0.000000 -4.000000 1.000000 2 4 0.000000
11 1478.874023 1222.875000 360.625000 0.000000 48.000000 0.000000 0.000000 0.000000 1.000000 0.000000 48.000000 1.000000 2 4 0.000000
15 1318.472290 1192.754394 1533.464355 0.000000 91.000000 0.000000 0.000000 0.000000 1.000000 0.000000 91.000000 1.000000 2 4 0.000000
13 1444.234375 1047.218139 1582.903930 0.000000 0.000000 0.000000 0.000000 0.000000 1.000000 0.000000 0.000000 1.000000 0 4 0.000000
6 1396.939331 1214.752685 1348.376831 0.000000 93.000000 0.000000 0.000000 0.000000 1.000000 0.000000 93.000000 1.000000 0 5 0.000000
15 -647.167175 1196.056640 565.750000 0.000000 -125.000000 0.000000 0.000000 0.000000 1.000000 0.000000 -125.000000 1.000000 2 5 0.000000
11 38.848167 -1060.354492 440.750000 0.000000 146.000000 0.000000 0.000000 0.000000 1.000000 0.000000 146.000000 1.000000 0 5 0.000000
11 -175.277084 -320.375885 440.750000 0.000000 127.000000 0.000000 0.000000 0.000000 1.000000 0.000000 127.000000 1.000000 2 5 0.000000
11 398.328704 844.938537 440.750000 0.000000 -109.000000 0.000000 0.000000 0.000000 1.000000 0.000000 -109.000000 1.000000 2 5 0.000000
11 717.344604 -199.718170 440.750000 0.000000 -30.000000 0.000000 0.000000 0.000000 1.000000 0.000000 -30.000000 1.000000 2 5 0.000000
13 -732.822753 -580.872680 313.750000 0.000000 86.000000 0.000000 0.000000 0.000000 1.000000 0.000000 86.000000 1.000000 0 5 0.000000
11 1478.874023 1222.875000 440.750000 0.000000 48.000000 0.000000 0.000000 0.000000 1.000000 0.000000 48.000000 1.000000 2 5 0.000000
14 1279.057861 521.923217 407.750000 0.000000 119.000000 0.000000 0.000000 0.000000 1.000000 0.000000 119.000000 1.000000 1 5 0.000000
13 1441.118408 1047.875976 1643.028930 0.000000 0.000000 0.000000 0.000000 0.000000 1.000000 0.000000 0.000000 1.000000 0 5 0.000000
14 1360.887207 1196.251220 1635.589355 0.000000 -100.000000 0.000000 0.000000 0.000000 1.000000 0.000000 -100.000000 1.000000 1 6 0.000000
11 38.848167 -1060.354492 520.875000 0.000000 15.000000 0.000000 0.000000 0.000000 1.000000 0.000000 15.000000 1.000000 0 6 0.000000
11 -175.277084 -320.375885 520.875000 0.000000 127.000000 0.000000 0.000000 0.000000 1.000000 0.000000 127.000000 1.000000 2 6 0.000000
11 398.328704 844.938537 520.875000 0.000000 -116.000000 0.000000 0.000000 0.000000 1.000000 0.000000 -116.000000 1.000000 2 6 0.000000
14 712.557617 -206.152404 487.875000 0.000000 67.000000 0.000000 0.000000 0.000000 1.000000 0.000000 67.000000 1.000000 1 6 0.000000
13 -732.822753 -580.872680 373.875000 0.000000 86.000000 0.000000 0.000000 0.000000 1.000000 0.000000 86.000000 1.000000 0 6 0.000000
10 37.053253 -1059.289184 581.000000 0.000000 -90.000000 0.000000 0.000000 0.000000 1.000000 0.000000 -90.000000 1.000000 0 7 0.000000
10 -172.522567 -326.892486 581.000000 0.000000 89.000000 0.000000 0.000000 0.000000 1.000000 10.000000 89.000000 1.000000 2 7 0.000000
14 1397.636840 1171.983642 1646.714355 0.000000 -101.000000 0.000000 0.000000 0.000000 1.000000 0.000000 -101.000000 1.000000 1 7 0.000000
10 398.392150 847.642150 581.000000 0.000000 -7.000000 0.000000 0.000000 0.000000 1.000000 -354.614135 -7.000000 1.000000 2 7 0.000000
6 -729.043457 -579.540405 430.000000 0.000000 -94.000000 0.000000 0.000000 0.000000 1.000000 0.000000 -94.000000 1.000000 0 7 0.000000
14 -172.424346 -323.320434 608.125000 0.000000 -75.000000 0.000000 0.000000 0.000000 1.000000 0.000000 -75.000000 1.000000 1 8 0.000000
14 24.033876 -1055.683227 608.125000 0.000000 85.000000 0.000000 0.000000 0.000000 1.000000 0.000000 85.000000 1.000000 1 8 0.000000
14 1452.616210 1168.540649 1657.839355 0.000000 6.000000 0.000000 0.000000 0.000000 1.000000 0.000000 6.000000 1.000000 1 8 0.000000
14 1450.234008 1132.780273 1668.964355 0.000000 9.000000 0.000000 0.000000 0.000000 1.000000 0.000000 9.000000 1.000000 1 9 0.000000
