16 -150.543228 -1403.082763 -304.375000 0.000000 -144.000000 0.000000 0.000000 0.000000 1.000000 0.000000 -144.000000 1.000000 0 0 0.000000
10 795.175659 368.012847 -283.875000 0.000000 46.000000 0.000000 0.000000 0.000000 1.000000 -10.347011 46.000000 1.000000 0 0 0.000000
6 -890.804870 -1033.818969 -310.875000 0.000000 149.000000 0.000000 0.000000 0.000000 1.000000 0.000000 149.000000 1.000000 0 0 0.000000
6 217.558105 1401.895141 -310.875000 0.000000 45.000000 0.000000 0.000000 0.000000 1.000000 0.000000 45.000000 1.000000 0 0 0.000000
1 858.516967 -64.101081 -240.875000 0.000000 -95.000000 0.000000 0.000000 0.000000 1.000000 0.000000 -95.000000 1.000000 0 0 0.000000
6 4.511664 -1310.507812 -310.875000 0.000000 164.000000 0.000000 0.000000 0.000000 1.000000 0.000000 164.000000 1.000000 0 0 0.000000
1 -634.506164 -1893.883666 -64.875000 0.000000 -179.000000 0.000000 0.000000 0.000000 1.000000 0.000000 -179.000000 1.000000 0 0 0.000000
15 -212.273025 -1387.750000 -298.797729 0.000000 166.000000 0.000000 0.000000 -0.274721 0.961523 0.000000 166.000000 1.000000 0 0 0.000000
15 -176.665390 -1294.442382 -290.679931 0.000000 146.000000 0.000000 0.274721 0.000000 0.961523 0.000000 146.000000 1.000000 0 0 0.000000
14 -731.269653 -1071.578857 7.125000 0.000000 -13.000000 0.000000 0.000000 0.000000 1.000000 0.000000 -13.000000 1.000000 0 0 0.000000
10 -858.492736 -1158.239746 -43.875000 0.000000 -70.000000 0.000000 0.000000 0.000000 1.000000 0.000000 -70.000000 1.000000 0 0 0.000000
11 -683.554382 -1144.794189 -23.875000 0.000000 -138.000000 0.000000 0.000000 0.000000 1.000000 0.000000 -138.000000 1.000000 0 0 0.000000
10 -731.293334 -1134.995239 20.125000 0.000000 -160.000000 0.000000 0.000000 0.000000 1.000000 0.000000 -160.000000 1.000000 0 0 0.000000
15 -817.004333 -1074.228759 -48.875000 0.000000 -48.000000 0.000000 0.000000 0.000000 1.000000 0.000000 -48.000000 1.000000 0 0 0.000000
10 -480.619415 -1141.879150 -43.875000 0.000000 -108.000000 0.000000 0.000000 0.000000 1.000000 0.000000 -108.000000 1.000000 0 0 0.000000
15 -471.794738 -1032.752319 -48.875000 0.000000 173.000000 0.000000 0.000000 0.000000 1.000000 0.000000 173.000000 1.000000 0 0 0.000000
11 -342.658020 -1224.011474 -23.875000 0.000000 -85.000000 0.000000 0.000000 0.000000 1.000000 0.000000 -85.000000 1.000000 0 0 0.000000
11 -407.843383 -1227.302001 -23.875000 0.000000 -105.000000 0.000000 0.000000 0.000000 1.000000 0.000000 -105.000000 1.000000 0 0 0.000000
11 -89.793029 -1408.964721 -279.875000 0.000000 178.000000 0.000000 0.000000 0.000000 1.000000 0.000000 178.000000 1.000000 0 0 0.000000
10 -93.621536 -1502.505371 -43.875000 0.000000 147.000000 0.000000 0.000000 0.000000 1.000000 0.000000 147.000000 1.000000 0 0 0.000000
13 -91.053405 -1347.400756 -306.875000 0.000000 176.000000 0.000000 0.000000 0.000000 1.000000 0.000000 176.000000 1.000000 0 0 0.000000
11 -122.094764 -1429.149902 -23.875000 0.000000 136.000000 0.000000 0.000000 0.000000 1.000000 0.000000 136.000000 1.000000 0 0 0.000000
11 310.758422 -1950.028930 -279.875000 0.000000 175.000000 0.000000 0.000000 0.000000 1.000000 0.000000 175.000000 1.000000 0 0 0.000000
11 306.472961 -1998.044311 -279.875000 0.000000 175.000000 0.000000 0.000000 0.000000 1.000000 0.000000 175.000000 1.000000 0 0 0.000000
11 315.262817 -1905.403320 -279.875000 0.000000 175.000000 0.000000 0.000000 0.000000 1.000000 0.000000 175.000000 1.000000 0 0 0.000000
15 385.652008 -1838.319458 -304.875000 0.000000 116.000000 0.000000 0.000000 0.000000 1.000000 0.000000 116.000000 1.000000 0 0 0.000000
15 176.857147 -1735.304321 -240.875000 0.000000 -75.000000 0.000000 0.000000 0.000000 1.000000 0.000000 -75.000000 1.000000 0 0 0.000000
10 -329.893554 -1917.579223 -299.875000 0.000000 -132.000000 0.000000 0.000000 0.000000 1.000000 0.000000 -132.000000 1.000000 0 0 0.000000
13 -0.470076 -1970.477294 -306.875000 0.000000 -89.000000 0.000000 0.000000 0.000000 1.000000 0.000000 -89.000000 1.000000 0 0 0.000000
13 160.966384 -1955.666259 -306.875000 0.000000 -66.000000 0.000000 0.000000 0.000000 1.000000 0.000000 -66.000000 1.000000 0 0 0.000000
15 91.323905 -1765.640014 -240.875000 0.000000 -98.000000 0.000000 0.000000 0.000000 1.000000 0.000000 -98.000000 1.000000 0 0 0.000000
15 8.045311 -1759.562744 -240.875000 0.000000 -96.000000 0.000000 0.000000 0.000000 1.000000 0.000000 -96.000000 1.000000 0 0 0.000000
11 -41.773883 -1694.600219 -215.875000 0.000000 -151.000000 0.000000 0.000000 0.000000 1.000000 0.000000 -151.000000 1.000000 0 0 0.000000
11 -155.191345 -1642.319946 -215.875000 0.000000 2.000000 0.000000 0.000000 0.000000 1.000000 0.000000 2.000000 1.000000 0 0 0.000000
11 -200.162597 -1674.389648 -215.875000 0.000000 20.000000 0.000000 0.000000 0.000000 1.000000 0.000000 20.000000 1.000000 0 0 0.000000
14 173.243270 -1640.951904 -248.875000 0.000000 -3.000000 0.000000 0.000000 0.000000 1.000000 0.000000 -3.000000 1.000000 0 0 0.000000
13 -483.509429 -2454.589843 -306.875000 0.000000 -91.000000 0.000000 0.000000 0.000000 1.000000 0.000000 -91.000000 1.000000 0 0 0.000000
11 -513.710754 -1333.449829 -279.875000 0.000000 89.000000 0.000000 0.000000 0.000000 1.000000 0.000000 89.000000 1.000000 0 0 0.000000
11 -460.114074 -1333.526977 -279.875000 0.000000 89.000000 0.000000 0.000000 0.000000 1.000000 0.000000 89.000000 1.000000 0 0 0.000000
14 -578.392517 -1339.830444 -248.875000 0.000000 -175.000000 0.000000 0.000000 0.000000 1.000000 0.000000 -175.000000 1.000000 0 0 0.000000
15 -544.413879 -1240.802246 -240.875000 0.000000 -86.000000 0.000000 0.000000 0.000000 1.000000 0.000000 -86.000000 1.000000 0 0 0.000000
15 -719.265319 -1228.937866 -240.875000 0.000000 -98.000000 0.000000 0.000000 0.000000 1.000000 0.000000 -98.000000 1.000000 0 0 0.000000
15 -1087.167480 -1663.822387 -354.409271 0.000000 177.000000 0.000000 -0.242535 0.000000 0.970142 0.000000 177.000000 1.000000 0 0 0.000000
15 -809.876770 -1226.375000 -240.875000 0.000000 -112.000000 0.000000 0.000000 0.000000 1.000000 0.000000 -112.000000 1.000000 0 0 0.000000
15 -634.120422 -1225.248901 -240.875000 0.000000 -93.000000 0.000000 0.000000 0.000000 1.000000 0.000000 -93.000000 1.000000 0 0 0.000000
11 -1194.661621 -1634.666992 -343.875000 0.000000 139.000000 0.000000 0.000000 0.000000 1.000000 0.000000 139.000000 1.000000 0 0 0.000000
15 -461.562103 -1254.632202 -304.875000 0.000000 -100.000000 0.000000 0.000000 0.000000 1.000000 0.000000 -100.000000 1.000000 0 0 0.000000
10 -1170.902587 -1695.628906 -363.875000 0.000000 -140.000000 0.000000 0.000000 0.000000 1.000000 0.000000 -140.000000 1.000000 0 0 0.000000
14 -999.994140 -1670.078002 -344.875000 0.000000 178.000000 0.000000 0.000000 0.000000 1.000000 0.000000 178.000000 1.000000 0 0 0.000000
11 -834.851135 -1359.261108 -279.875000 0.000000 -83.000000 0.000000 0.000000 0.000000 1.000000 0.000000 -83.000000 1.000000 0 0 0.000000
11 -887.430236 -1359.369140 -279.875000 0.000000 -91.000000 0.000000 0.000000 0.000000 1.000000 0.000000 -91.000000 1.000000 0 0 0.000000
11 -709.260620 -1022.204162 -279.875000 0.000000 89.000000 0.000000 0.000000 0.000000 1.000000 0.000000 89.000000 1.000000 0 0 0.000000
11 -641.281005 -1019.164001 -279.875000 0.000000 89.000000 0.000000 0.000000 0.000000 1.000000 0.000000 89.000000 1.000000 0 0 0.000000
10 -667.630004 -887.780029 -299.875000 0.000000 -90.000000 0.000000 0.000000 0.000000 1.000000 0.000000 -90.000000 1.000000 0 0 0.000000
11 -809.156860 -515.861633 -279.875000 0.000000 23.000000 0.000000 0.000000 0.000000 1.000000 0.000000 23.000000 1.000000 0 0 0.000000
11 -1007.077209 -244.830993 -279.875000 0.000000 53.000000 0.000000 0.000000 0.000000 1.000000 0.000000 53.000000 1.000000 0 0 0.000000
11 -953.201477 -283.067871 -279.875000 0.000000 142.000000 0.000000 0.000000 0.000000 1.000000 0.000000 142.000000 1.000000 0 0 0.000000
11 -888.706176 -281.098785 -279.875000 0.000000 102.000000 0.000000 0.000000 0.000000 1.000000 0.000000 102.000000 1.000000 0 0 0.000000
11 -838.696655 -249.721435 -279.875000 0.000000 85.000000 0.000000 0.000000 0.000000 1.000000 0.000000 85.000000 1.000000 0 0 0.000000
10 -867.789123 -1554.057006 -326.129486 0.000000 89.000000 0.000000 0.000000 -0.242535 0.970142 0.000000 89.000000 1.000000 0 0 0.000000
14 -925.865173 -222.103927 -312.875000 0.000000 -6.000000 0.000000 0.000000 0.000000 1.000000 0.000000 -6.000000 1.000000 0 0 0.000000
12 -929.887512 -145.933792 -306.875000 0.000000 -1.000000 0.000000 0.000000 0.000000 1.000000 0.000000 -1.000000 1.000000 0 0 0.000000
13 -863.426635 -1468.287475 -309.187103 0.000000 87.000000 0.000000 0.000000 -0.242535 0.970142 0.000000 87.000000 1.000000 0 0 0.000000
10 -862.941467 -1406.710205 -299.863250 0.000000 83.000000 0.000000 0.000000 0.000000 1.000000 0.000000 83.000000 1.000000 0 0 0.000000
11 -70.610687 -2458.449951 -279.875000 0.000000 -92.000000 0.000000 0.000000 0.000000 1.000000 0.000000 -92.000000 1.000000 0 0 0.000000
11 -125.266677 -2450.625488 -279.875000 0.000000 -101.000000 0.000000 0.000000 0.000000 1.000000 0.000000 -101.000000 1.000000 0 0 0.000000
10 -106.825195 -2508.958496 -299.875000 0.000000 -3.000000 0.000000 0.000000 0.000000 1.000000 0.000000 -3.000000 1.000000 0 0 0.000000
11 -429.246276 -1642.515014 -215.875000 0.000000 168.000000 0.000000 0.000000 0.000000 1.000000 0.000000 168.000000 1.000000 0 0 0.000000
15 -573.991821 -1766.703735 -240.875000 0.000000 98.000000 0.000000 0.000000 0.000000 1.000000 0.000000 98.000000 1.000000 0 0 0.000000
11 -424.754516 -1696.267211 -215.875000 0.000000 157.000000 0.000000 0.000000 0.000000 1.000000 0.000000 157.000000 1.000000 0 0 0.000000
11 -542.203430 -1701.208618 -215.875000 0.000000 159.000000 0.000000 0.000000 0.000000 1.000000 0.000000 159.000000 1.000000 0 0 0.000000
15 -659.784729 -1751.958618 -240.875000 0.000000 84.000000 0.000000 0.000000 0.000000 1.000000 0.000000 84.000000 1.000000 0 0 0.000000
14 -648.536926 -1661.736206 -248.875000 0.000000 -154.000000 0.000000 0.000000 0.000000 1.000000 0.000000 -154.000000 1.000000 0 0 0.000000
14 -315.890655 -2543.222412 -312.875000 0.000000 -3.000000 0.000000 0.000000 0.000000 1.000000 0.000000 -3.000000 1.000000 0 0 0.000000
15 55.709754 775.007568 -304.875000 0.000000 -170.000000 0.000000 0.000000 0.000000 1.000000 0.000000 -170.000000 1.000000 0 0 0.000000
15 -20.831747 953.766418 -304.875000 0.000000 -87.000000 0.000000 0.000000 0.000000 1.000000 0.000000 -87.000000 1.000000 0 0 0.000000
15 -103.356513 922.611450 -288.875000 0.000000 -88.000000 0.000000 0.000000 0.000000 1.000000 0.000000 -88.000000 1.000000 0 0 0.000000
15 -194.618972 954.558654 -304.875000 0.000000 -113.000000 0.000000 0.000000 0.000000 1.000000 0.000000 -113.000000 1.000000 0 0 0.000000
15 -305.330017 962.620666 -368.875000 0.000000 -104.000000 0.000000 0.000000 0.000000 1.000000 0.000000 -104.000000 1.000000 0 0 0.000000
15 -467.681304 961.708618 -368.875000 0.000000 -79.000000 0.000000 0.000000 0.000000 1.000000 0.000000 -79.000000 1.000000 0 0 0.000000
15 -376.131927 1063.587280 -368.875000 0.000000 -94.000000 0.000000 0.000000 0.000000 1.000000 0.000000 -94.000000 1.000000 0 0 0.000000
15 -553.218872 979.474731 -304.875000 0.000000 -46.000000 0.000000 0.000000 0.000000 1.000000 0.000000 -46.000000 1.000000 0 0 0.000000
15 -645.735229 978.157165 -304.875000 0.000000 -89.000000 0.000000 0.000000 0.000000 1.000000 0.000000 -89.000000 1.000000 0 0 0.000000
15 -740.048645 966.162475 -304.875000 0.000000 -49.000000 0.000000 0.000000 0.000000 1.000000 0.000000 -49.000000 1.000000 0 0 0.000000
15 -822.221740 939.289672 -304.875000 0.000000 -65.000000 0.000000 0.000000 0.000000 1.000000 0.000000 -65.000000 1.000000 0 0 0.000000
15 -912.506164 943.819641 -304.875000 0.000000 -92.000000 0.000000 0.000000 0.000000 1.000000 0.000000 -92.000000 1.000000 0 0 0.000000
15 -1004.976257 982.753173 -304.875000 0.000000 -103.000000 0.000000 0.000000 0.000000 1.000000 0.000000 -103.000000 1.000000 0 0 0.000000
15 169.926391 -601.593566 -184.875000 0.000000 -76.000000 0.000000 0.000000 0.000000 1.000000 0.000000 -76.000000 1.000000 0 0 0.000000
10 -804.624389 -771.489746 -43.875000 0.000000 32.000000 0.000000 0.000000 0.000000 1.000000 0.000000 32.000000 1.000000 0 0 0.000000
11 101.284950 -548.801147 -199.875000 0.000000 84.000000 0.000000 0.000000 0.000000 1.000000 0.000000 84.000000 1.000000 0 0 0.000000
15 -983.059143 -458.181396 -48.875000 0.000000 87.000000 0.000000 0.000000 0.000000 1.000000 0.000000 87.000000 1.000000 0 0 0.000000
15 -889.482788 -445.767883 -48.875000 0.000000 87.000000 0.000000 0.000000 0.000000 1.000000 0.000000 87.000000 1.000000 0 0 0.000000
11 -943.142150 -522.505126 -23.875000 0.000000 87.000000 0.000000 0.000000 0.000000 1.000000 0.000000 87.000000 1.000000 0 0 0.000000
10 -1053.320068 -802.883666 -43.875000 0.000000 133.000000 0.000000 0.000000 0.000000 1.000000 0.000000 133.000000 1.000000 0 0 0.000000
11 227.825424 -536.037536 -207.875000 0.000000 92.000000 0.000000 0.000000 0.000000 1.000000 0.000000 92.000000 1.000000 0 0 0.000000
10 285.089385 -321.973480 -43.875000 0.000000 -70.000000 0.000000 0.000000 0.000000 1.000000 0.000000 -70.000000 1.000000 0 0 0.000000
11 279.439605 -188.401107 -23.875000 0.000000 -3.000000 0.000000 0.000000 0.000000 1.000000 0.000000 -3.000000 1.000000 0 0 0.000000
15 20.053970 -50.510772 -48.875000 0.000000 -89.000000 0.000000 0.000000 0.000000 1.000000 0.000000 -89.000000 1.000000 0 0 0.000000
13 -96.247009 -248.256790 -50.875000 0.000000 -90.000000 0.000000 0.000000 0.000000 1.000000 0.000000 -90.000000 1.000000 0 0 0.000000
15 -673.570678 -224.089202 -48.875000 0.000000 -91.000000 0.000000 0.000000 0.000000 1.000000 0.000000 -91.000000 1.000000 0 0 0.000000
10 -89.560295 -337.740386 -43.875000 0.000000 89.000000 0.000000 0.000000 0.000000 1.000000 0.000000 89.000000 1.000000 0 0 0.000000
11 -132.672882 -473.499481 -23.875000 0.000000 -133.000000 0.000000 0.000000 0.000000 1.000000 0.000000 -133.000000 1.000000 0 0 0.000000
11 -230.552841 -478.093780 -23.875000 0.000000 7.000000 0.000000 0.000000 0.000000 1.000000 0.000000 7.000000 1.000000 0 0 0.000000
15 -268.904388 -666.525756 -40.875000 0.000000 -79.000000 0.000000 0.000000 0.000000 1.000000 0.000000 -79.000000 1.000000 0 0 0.000000
15 -353.170715 -641.187744 -40.875000 0.000000 -91.000000 0.000000 0.000000 0.000000 1.000000 0.000000 -91.000000 1.000000 0 0 0.000000
15 -438.841735 -674.943359 -48.875000 0.000000 -91.000000 0.000000 0.000000 0.000000 1.000000 0.000000 -91.000000 1.000000 0 0 0.000000
15 -497.937744 -587.936218 -48.875000 0.000000 -93.000000 0.000000 0.000000 0.000000 1.000000 0.000000 -93.000000 1.000000 0 0 0.000000
11 -507.838775 -692.222229 -23.875000 0.000000 134.000000 0.000000 0.000000 0.000000 1.000000 0.000000 134.000000 1.000000 0 0 0.000000
10 -494.886657 -769.668640 -43.875000 0.000000 173.000000 0.000000 0.000000 0.000000 1.000000 0.000000 173.000000 1.000000 0 0 0.000000
15 -462.533416 -659.373474 -272.875000 0.000000 -98.000000 0.000000 0.000000 0.000000 1.000000 0.000000 -98.000000 1.000000 0 0 0.000000
15 -363.508270 -643.184936 -272.875000 0.000000 -47.000000 0.000000 0.000000 0.000000 1.000000 0.000000 -47.000000 1.000000 0 0 0.000000
11 -486.104614 -727.454223 -279.875000 0.000000 5.000000 0.000000 0.000000 0.000000 1.000000 0.000000 5.000000 1.000000 0 0 0.000000
11 -480.391082 -780.773132 -279.875000 0.000000 5.000000 0.000000 0.000000 0.000000 1.000000 0.000000 5.000000 1.000000 0 0 0.000000
10 -539.740966 -720.217224 -299.875000 0.000000 -2.000000 0.000000 0.000000 0.000000 1.000000 0.000000 -2.000000 1.000000 0 0 0.000000
11 -484.112518 -837.824707 -279.875000 0.000000 -178.000000 0.000000 0.000000 0.000000 1.000000 0.000000 -178.000000 1.000000 0 0 0.000000
11 -627.205749 -634.479492 -279.875000 0.000000 40.000000 0.000000 0.000000 0.000000 1.000000 0.000000 40.000000 1.000000 0 0 0.000000
11 -737.777526 -418.148712 -279.875000 0.000000 111.000000 0.000000 0.000000 0.000000 1.000000 0.000000 111.000000 1.000000 0 0 0.000000
14 -43.089923 -1576.255004 -56.875000 0.000000 -133.000000 0.000000 0.000000 0.000000 1.000000 0.000000 -133.000000 1.000000 0 0 0.000000
15 -1032.734130 46.397167 -304.875000 0.000000 94.000000 0.000000 0.000000 0.000000 1.000000 0.000000 94.000000 1.000000 0 0 0.000000
15 -927.260498 53.947200 -304.875000 0.000000 90.000000 0.000000 0.000000 0.000000 1.000000 0.000000 90.000000 1.000000 0 0 0.000000
15 -830.665161 34.601036 -304.875000 0.000000 64.000000 0.000000 0.000000 0.000000 1.000000 0.000000 64.000000 1.000000 0 0 0.000000
11 -933.351745 -11.664031 -279.875000 0.000000 85.000000 0.000000 0.000000 0.000000 1.000000 0.000000 85.000000 1.000000 0 0 0.000000
10 -931.349426 -78.734062 -299.875000 0.000000 86.000000 0.000000 0.000000 0.000000 1.000000 0.000000 86.000000 1.000000 0 0 0.000000
15 709.617309 -83.684204 -304.875000 0.000000 -90.000000 0.000000 0.000000 0.000000 1.000000 0.000000 -90.000000 1.000000 0 0 0.000000
14 791.957214 -186.700012 -248.875000 0.000000 -4.000000 0.000000 0.000000 0.000000 1.000000 0.000000 -4.000000 1.000000 0 0 0.000000
11 782.542053 -126.559173 -215.875000 0.000000 36.000000 0.000000 0.000000 0.000000 1.000000 0.000000 36.000000 1.000000 0 0 0.000000
13 1016.079162 11.606964 -242.875000 0.000000 -37.000000 0.000000 0.000000 0.000000 1.000000 0.000000 -37.000000 1.000000 0 0 0.000000
10 1110.690795 119.277191 -235.875000 0.000000 -56.000000 0.000000 0.000000 0.000000 1.000000 -1.199551 -56.000000 1.000000 0 0 0.000000
15 671.171630 310.159881 -240.875000 0.000000 98.000000 0.000000 0.000000 0.000000 1.000000 0.000000 98.000000 1.000000 0 0 0.000000
15 1086.113525 352.050384 -176.875000 0.000000 66.000000 0.000000 0.000000 0.000000 1.000000 0.000000 66.000000 1.000000 0 0 0.000000
15 1142.763427 505.168457 -176.875000 0.000000 98.000000 0.000000 0.000000 0.000000 1.000000 0.000000 98.000000 1.000000 0 0 0.000000
11 1042.901855 479.265991 -215.875000 0.000000 55.000000 0.000000 0.000000 0.000000 1.000000 0.000000 55.000000 1.000000 0 0 0.000000
11 1065.512817 430.491271 -215.875000 0.000000 18.000000 0.000000 0.000000 0.000000 1.000000 0.000000 18.000000 1.000000 0 0 0.000000
14 1023.108154 560.338012 -110.784286 0.000000 61.000000 0.000000 0.000000 0.141814 0.989893 0.000000 61.000000 1.000000 0 0 0.000000
15 677.276428 720.282897 -304.875000 0.000000 -43.000000 0.000000 0.000000 0.000000 1.000000 0.000000 -43.000000 1.000000 0 0 0.000000
15 775.387207 447.950683 -288.875000 0.000000 15.000000 0.000000 0.000000 0.000000 1.000000 0.000000 15.000000 1.000000 0 0 0.000000
15 686.271545 507.195526 -304.875000 0.000000 -54.000000 0.000000 0.000000 0.000000 1.000000 0.000000 -54.000000 1.000000 0 0 0.000000
15 -242.317840 1488.141601 -304.875000 0.000000 -77.000000 0.000000 0.000000 0.000000 1.000000 0.000000 -77.000000 1.000000 0 0 0.000000
15 739.942504 814.460327 -304.875000 0.000000 -43.000000 0.000000 0.000000 0.000000 1.000000 0.000000 -43.000000 1.000000 0 0 0.000000
15 878.402038 412.776916 -240.875000 0.000000 94.000000 0.000000 0.000000 0.000000 1.000000 0.000000 94.000000 1.000000 0 0 0.000000
15 665.058654 408.598480 -240.875000 0.000000 23.000000 0.000000 0.000000 0.000000 1.000000 0.000000 23.000000 1.000000 0 0 0.000000
9 1108.834350 -47.590511 -251.875000 0.000000 -58.000000 0.000000 0.000000 0.000000 1.000000 0.000000 -58.000000 1.000000 0 0 0.000000
10 1180.235229 1.024734 -235.875000 0.000000 -40.000000 0.000000 0.000000 0.000000 1.000000 0.000000 -40.000000 1.000000 0 0 0.000000
11 1180.175781 67.601104 -215.875000 0.000000 0.000000 0.000000 0.000000 0.000000 1.000000 0.000000 0.000000 1.000000 0 0 0.000000
15 1094.223754 49.135726 -240.875000 0.000000 -9.000000 0.000000 0.000000 0.000000 1.000000 0.000000 -9.000000 1.000000 0 0 0.000000
15 624.218017 227.900329 -240.875000 0.000000 -72.000000 0.000000 0.000000 0.000000 1.000000 0.000000 -72.000000 1.000000 0 0 0.000000
15 519.314270 -72.814346 -304.875000 0.000000 -91.000000 0.000000 0.000000 0.000000 1.000000 0.000000 -91.000000 1.000000 0 0 0.000000
15 605.978637 1197.465942 -304.875000 0.000000 96.000000 0.000000 0.000000 0.000000 1.000000 0.000000 96.000000 1.000000 0 0 0.000000
15 688.300964 1201.293212 -304.875000 0.000000 88.000000 0.000000 0.000000 0.000000 1.000000 0.000000 88.000000 1.000000 0 0 0.000000
15 567.945861 1379.425903 -240.875000 0.000000 -3.000000 0.000000 0.000000 0.000000 1.000000 0.000000 -3.000000 1.000000 0 0 0.000000
13 791.714538 1347.923950 -242.875000 0.000000 -5.000000 0.000000 0.000000 0.000000 1.000000 0.000000 -5.000000 1.000000 0 0 0.000000
15 629.363159 1694.012573 -304.875000 0.000000 99.000000 0.000000 0.000000 0.000000 1.000000 0.000000 99.000000 1.000000 0 0 0.000000
13 473.749114 1441.235839 -242.875000 0.000000 95.000000 0.000000 0.000000 0.000000 1.000000 0.000000 95.000000 1.000000 0 0 0.000000
13 423.214813 1360.405395 -242.875000 0.000000 132.000000 0.000000 0.000000 0.000000 1.000000 0.000000 132.000000 1.000000 0 0 0.000000
10 485.516784 1366.628417 -235.875000 0.000000 81.000000 0.000000 0.000000 0.000000 1.000000 0.000000 81.000000 1.000000 0 0 0.000000
15 718.782775 1714.027221 -304.875000 0.000000 95.000000 0.000000 0.000000 0.000000 1.000000 0.000000 95.000000 1.000000 0 0 0.000000
15 332.503723 1572.411010 -240.875000 0.000000 -178.000000 0.000000 0.000000 0.000000 1.000000 0.000000 -178.000000 1.000000 0 0 0.000000
15 446.050628 1654.578247 -240.875000 0.000000 90.000000 0.000000 0.000000 0.000000 1.000000 0.000000 90.000000 1.000000 0 0 0.000000
10 511.784027 1833.907470 -299.875000 0.000000 10.000000 0.000000 0.000000 0.000000 1.000000 0.000000 10.000000 1.000000 0 0 0.000000
10 409.949523 1904.580078 -235.875000 0.000000 97.000000 0.000000 0.000000 0.000000 1.000000 0.000000 97.000000 1.000000 0 0 0.000000
11 532.565429 646.332031 -263.875000 0.000000 -22.000000 0.000000 0.000000 0.000000 1.000000 0.000000 -22.000000 1.000000 0 0 0.000000
11 520.253417 600.186645 -263.875000 0.000000 -44.000000 0.000000 0.000000 0.000000 1.000000 0.000000 -44.000000 1.000000 0 0 0.000000
11 474.928894 587.973022 -263.875000 0.000000 -66.000000 0.000000 0.000000 0.000000 1.000000 0.000000 -66.000000 1.000000 0 0 0.000000
15 656.181640 619.212524 -304.875000 0.000000 26.000000 0.000000 0.000000 0.000000 1.000000 0.000000 26.000000 1.000000 0 0 0.000000
15 -332.453308 1483.989868 -304.875000 0.000000 -90.000000 0.000000 0.000000 0.000000 1.000000 0.000000 -90.000000 1.000000 0 0 0.000000
15 -420.018981 1484.068969 -304.875000 0.000000 -90.000000 0.000000 0.000000 0.000000 1.000000 0.000000 -90.000000 1.000000 0 0 0.000000
11 -395.373687 1354.835937 -279.875000 0.000000 74.000000 0.000000 0.000000 0.000000 1.000000 0.000000 74.000000 1.000000 0 0 0.000000
15 -508.359680 1484.148315 -304.875000 0.000000 -90.000000 0.000000 0.000000 0.000000 1.000000 0.000000 -90.000000 1.000000 0 0 0.000000
15 -117.984901 1298.930908 -304.875000 0.000000 6.000000 0.000000 0.000000 0.000000 1.000000 0.000000 6.000000 1.000000 0 0 0.000000
10 -403.106079 1417.075195 -299.875000 0.000000 39.000000 0.000000 0.000000 0.000000 1.000000 0.000000 39.000000 1.000000 0 0 0.000000
15 169.123825 1743.021728 -304.875000 0.000000 177.000000 0.000000 0.000000 0.000000 1.000000 0.000000 177.000000 1.000000 0 0 0.000000
15 160.681320 1830.737182 -304.875000 0.000000 177.000000 0.000000 0.000000 0.000000 1.000000 0.000000 177.000000 1.000000 0 0 0.000000
10 96.441436 1701.052246 -299.875000 0.000000 -43.000000 0.000000 0.000000 0.000000 1.000000 0.000000 -43.000000 1.000000 0 0 0.000000
15 -92.042121 1462.344360 -240.875000 0.000000 -91.000000 0.000000 0.000000 0.000000 1.000000 0.000000 -91.000000 1.000000 0 0 0.000000
10 -160.021224 1661.601806 -235.875000 0.000000 -141.000000 0.000000 0.000000 0.000000 1.000000 0.000000 -141.000000 1.000000 0 0 0.000000
15 106.698760 1110.899902 -304.875000 0.000000 86.000000 0.000000 0.000000 0.000000 1.000000 0.000000 86.000000 1.000000 0 0 0.000000
10 -425.466613 1764.166015 -235.875000 0.000000 -84.000000 0.000000 0.000000 0.000000 1.000000 0.000000 -84.000000 1.000000 0 0 0.000000
15 194.968048 1106.271728 -304.875000 0.000000 86.000000 0.000000 0.000000 0.000000 1.000000 0.000000 86.000000 1.000000 0 0 0.000000
