5 624.298339 169.684570 -80.375000 0.000000 73.000000 0.000000 0.000000 0.000000 1.000000 0.000000 73.000000 1.000000 2 0 0.000000
5 682.756042 142.069839 -80.375000 0.000000 49.000000 0.000000 0.000000 0.000000 1.000000 0.000000 49.000000 1.000000 2 0 0.000000
5 551.298095 237.123138 -80.375000 0.000000 -24.000000 0.000000 0.000000 0.000000 1.000000 0.000000 -24.000000 1.000000 2 0 0.000000
5 817.976074 148.677902 -80.375000 0.000000 103.000000 0.000000 0.000000 0.000000 1.000000 0.000000 103.000000 1.000000 2 0 0.000000
15 -118.994384 -1331.921752 157.750000 0.000000 176.000000 0.000000 0.000000 0.000000 1.000000 0.000000 176.000000 1.000000 0 0 0.000000
5 864.124694 170.970138 -80.375000 0.000000 109.000000 0.000000 0.000000 0.000000 1.000000 0.000000 109.000000 1.000000 2 0 0.000000
5 -2038.877441 -980.626159 -303.074951 0.000000 -10.000000 0.000000 0.000000 0.857493 0.514495 0.000000 -10.000000 1.000000 2 0 0.000000
15 -130.553054 -1306.289672 157.350006 0.000000 -136.000000 0.000000 0.000000 0.000000 0.000000 0.000000 -136.000000 1.000000 0 0 0.000000
5 -2137.334716 -744.818969 -298.816345 0.000000 44.000000 0.000000 0.000000 -0.857492 0.514495 0.000000 44.000000 1.000000 2 0 0.000000
5 -2012.351074 -746.296813 -301.279418 0.000000 79.000000 0.000000 0.000000 -0.857492 0.514495 0.000000 79.000000 1.000000 2 0 0.000000
5 -2355.733398 -984.223937 -297.078643 0.000000 -62.000000 0.000000 0.000000 0.857493 0.514495 0.000000 -62.000000 1.000000 2 0 0.000000
13 1542.719970 -1513.882202 189.125000 0.000000 -16.000000 0.000000 0.000000 0.000000 1.000000 0.000000 -16.000000 1.000000 0 0 0.000000
16 733.620178 -177.162689 -80.875000 0.000000 89.000000 0.000000 0.000000 0.000000 1.000000 0.000000 89.000000 1.000000 0 0 0.000000
1 834.182189 -927.537231 -6.067928 0.000000 -84.000000 0.000000 0.000000 0.246153 0.969230 0.000000 -84.000000 1.000000 0 0 0.000000
1 649.681213 -948.951660 -0.629342 0.000000 -92.000000 0.000000 0.000000 0.246153 0.969230 0.000000 -92.000000 1.000000 0 0 0.000000
1 634.642150 -1039.345703 22.327886 0.000000 -141.000000 0.000000 0.000000 0.246153 0.969230 0.000000 -141.000000 1.000000 0 0 0.000000
1 825.518615 -1029.471435 19.820138 0.000000 -62.000000 0.000000 0.000000 0.246153 0.969230 0.000000 -62.000000 1.000000 0 0 0.000000
1 813.488220 -1121.629760 43.225425 0.000000 -92.000000 0.000000 0.000000 0.246153 0.969230 0.000000 -92.000000 1.000000 0 0 0.000000
13 1538.447021 -1566.708618 189.125000 0.000000 -6.000000 0.000000 0.000000 0.000000 1.000000 0.000000 -6.000000 1.000000 0 0 0.000000
13 12.640874 -1606.825317 173.125000 0.000000 -178.000000 0.000000 0.000000 0.000000 1.000000 0.000000 -178.000000 1.000000 0 0 0.000000
11 -323.681884 -1249.518920 72.125000 0.000000 172.000000 0.000000 0.000000 0.000000 1.000000 0.000000 172.000000 1.000000 0 0 0.000000
6 1668.603515 -1607.140380 185.125000 0.000000 90.000000 0.000000 0.000000 0.000000 1.000000 0.000000 90.000000 1.000000 0 0 0.000000
16 -260.573730 -1187.765258 47.125000 0.000000 135.000000 0.000000 0.000000 0.000000 1.000000 0.000000 135.000000 1.000000 0 0 0.000000
13 18.250297 -1501.006835 173.125000 0.000000 -179.000000 0.000000 0.000000 0.000000 1.000000 0.000000 -179.000000 1.000000 0 0 0.000000
13 8.051956 -1553.713867 173.125000 0.000000 179.000000 0.000000 0.000000 0.000000 1.000000 0.000000 179.000000 1.000000 0 0 0.000000
15 -112.647491 -1336.520019 47.125000 0.000000 169.000000 0.000000 0.000000 0.000000 1.000000 0.000000 169.000000 1.000000 0 0 0.000000
11 318.419769 -1751.433959 72.125000 0.000000 -90.000000 0.000000 0.000000 0.000000 1.000000 0.000000 -90.000000 1.000000 0 0 0.000000
15 -240.712783 -1809.927246 264.889556 0.000000 178.000000 0.000000 0.707106 0.000000 0.707106 0.000000 178.000000 1.000000 0 0 0.000000
11 318.419769 -1751.433959 152.250000 0.000000 -90.000000 0.000000 0.000000 0.000000 1.000000 0.000000 -90.000000 1.000000 0 0 0.000000
16 316.181488 -1760.489990 207.375000 0.000000 -95.000000 0.000000 0.000000 0.000000 1.000000 0.000000 -95.000000 1.000000 0 0 0.000000
15 -367.365051 -746.066162 -240.875000 0.000000 -95.000000 0.000000 0.000000 0.000000 1.000000 0.000000 -95.000000 1.000000 0 0 0.000000
4 -232.060409 -299.299987 -240.875000 0.000000 -167.000000 0.000000 0.000000 0.000000 1.000000 0.000000 -167.000000 1.000000 2 0 0.000000
11 -1595.500976 353.353393 -81.246406 0.000000 -179.000000 0.000000 -0.242535 0.000000 0.970142 0.000000 -179.000000 1.000000 0 0 0.000000
10 -1284.520019 359.700988 -75.875000 0.000000 -179.000000 0.000000 0.000000 0.000000 1.000000 0.000000 -179.000000 1.000000 0 0 0.000000
13 -1739.112304 359.196044 -140.899230 0.000000 -1.000000 0.000000 -0.242535 0.000000 0.970142 0.000000 -1.000000 1.000000 0 0 0.000000
16 -1763.390136 360.247528 -78.774230 0.000000 -5.000000 0.000000 0.000000 0.000000 1.000000 0.000000 -5.000000 1.000000 0 0 0.000000
16 -782.716308 370.771545 -80.875000 0.000000 -1.000000 0.000000 0.000000 0.000000 1.000000 0.000000 -1.000000 1.000000 0 0 0.000000
16 -826.059204 372.094482 -80.875000 0.000000 -1.000000 0.000000 0.000000 0.000000 1.000000 0.000000 -1.000000 1.000000 0 0 0.000000
16 -892.077087 373.641784 -80.875000 0.000000 -2.000000 0.000000 0.000000 0.000000 1.000000 0.000000 -2.000000 1.000000 0 0 0.000000
16 -942.307495 375.111785 -80.875000 0.000000 -2.000000 0.000000 0.000000 0.000000 1.000000 0.000000 -2.000000 1.000000 0 0 0.000000
16 -1011.118652 377.116882 -80.875000 0.000000 -2.000000 0.000000 0.000000 0.000000 1.000000 0.000000 -2.000000 1.000000 0 0 0.000000
16 -979.199462 418.998718 -80.875000 0.000000 -2.000000 0.000000 0.000000 0.000000 1.000000 0.000000 -2.000000 1.000000 0 0 0.000000
16 -943.883666 444.226837 -80.875000 0.000000 -2.000000 0.000000 0.000000 0.000000 1.000000 0.000000 -2.000000 1.000000 0 0 0.000000
16 -976.651245 338.796691 -80.875000 0.000000 -2.000000 0.000000 0.000000 0.000000 1.000000 0.000000 -2.000000 1.000000 0 0 0.000000
16 -936.235839 299.698181 -80.875000 0.000000 -2.000000 0.000000 0.000000 0.000000 1.000000 0.000000 -2.000000 1.000000 0 0 0.000000
14 -617.158813 -1034.514282 -576.337463 0.000000 -144.000000 0.000000 0.000000 -0.707106 0.707106 0.000000 -144.000000 1.000000 0 0 0.000000
14 -686.066467 -1295.334960 -504.875000 0.000000 -29.000000 0.000000 0.000000 0.000000 1.000000 0.000000 -29.000000 1.000000 0 0 0.000000
14 1462.216552 -1781.027832 -530.468505 0.000000 175.000000 0.000000 0.447213 0.000000 0.894427 0.000000 175.000000 1.000000 0 0 0.000000
14 1650.135864 -1516.640869 -392.875000 0.000000 -92.000000 0.000000 0.000000 0.000000 1.000000 0.000000 -92.000000 1.000000 0 0 0.000000
1 1442.841918 -1741.033325 -402.933898 0.000000 141.000000 0.000000 -0.419058 0.000000 0.907959 0.000000 141.000000 1.000000 0 0 0.000000
1 1375.471679 -1736.151489 -434.027893 0.000000 138.000000 0.000000 -0.419058 0.000000 0.907959 0.000000 138.000000 1.000000 0 0 0.000000
14 1190.341918 -1300.502685 -248.875000 0.000000 -164.000000 0.000000 0.000000 0.000000 1.000000 0.000000 -164.000000 1.000000 0 0 0.000000
11 1517.380859 -1338.316406 -10.714583 0.000000 177.000000 0.000000 0.423528 0.000000 0.905882 0.000000 177.000000 1.000000 0 0 0.000000
16 1155.611816 -1665.770874 -240.875000 0.000000 79.000000 0.000000 0.000000 0.000000 1.000000 0.000000 79.000000 1.000000 0 0 0.000000
13 1646.976806 -1527.013305 -562.875000 0.000000 0.000000 0.000000 0.000000 0.000000 1.000000 0.000000 0.000000 1.000000 0 0 0.000000
1 1507.824340 -1745.991088 -372.941986 0.000000 150.000000 0.000000 -0.419058 0.000000 0.907959 0.000000 150.000000 1.000000 0 0 0.000000
10 1656.787475 -1323.099243 196.125000 0.000000 85.000000 0.000000 0.000000 0.000000 1.000000 0.000000 85.000000 1.000000 0 0 0.000000
10 1656.787475 -1323.099243 236.250000 0.000000 85.000000 0.000000 0.000000 0.000000 1.000000 0.000000 85.000000 1.000000 0 0 0.000000
12 1652.247802 -1322.716918 269.375000 0.000000 25.000000 0.000000 0.000000 0.000000 1.000000 0.000000 25.000000 1.000000 0 0 0.000000
11 687.715026 -1245.266601 72.125000 0.000000 91.000000 0.000000 0.000000 0.000000 1.000000 0.000000 91.000000 1.000000 0 0 0.000000
1 620.224609 -995.071350 191.472549 0.000000 -93.000000 -152.000000 0.447213 0.000000 -0.894427 0.447213 -93.000000 -0.894427 0 0 0.000000
11 734.463684 -1184.052246 72.125000 0.000000 92.000000 0.000000 0.000000 0.000000 1.000000 0.000000 92.000000 1.000000 0 0 0.000000
11 788.906982 -1231.203857 72.125000 0.000000 -80.000000 0.000000 0.000000 0.000000 1.000000 0.000000 -80.000000 1.000000 0 0 0.000000
13 223.049133 -1382.822631 173.125000 0.000000 -86.000000 0.000000 0.000000 0.000000 1.000000 0.000000 -86.000000 1.000000 0 0 0.000000
10 288.281555 -1423.609008 268.125000 0.000000 -54.000000 0.000000 0.000000 0.000000 1.000000 0.000000 -54.000000 1.000000 0 0 0.000000
1 -282.164398 -778.943603 -303.125000 0.000000 -111.000000 -179.000000 0.000000 0.000000 -1.000000 1.000000 -111.000000 0.000000 0 0 0.000000
4 1647.162109 -1273.073852 -96.875000 0.000000 103.000000 0.000000 0.000000 0.000000 1.000000 0.000000 103.000000 1.000000 2 0 0.000000
10 726.146911 -1335.071899 52.125000 0.000000 51.000000 0.000000 0.000000 0.000000 1.000000 0.000000 51.000000 1.000000 0 0 0.000000
13 1533.616699 -1620.000000 189.125000 0.000000 179.000000 0.000000 0.000000 0.000000 1.000000 0.000000 179.000000 1.000000 0 0 0.000000
14 1621.318359 -1410.447021 183.125000 0.000000 93.000000 0.000000 0.000000 0.000000 1.000000 0.000000 93.000000 1.000000 0 0 0.000000
11 1206.906250 -1479.897094 72.125000 0.000000 96.000000 0.000000 0.000000 0.000000 1.000000 0.000000 96.000000 1.000000 0 0 0.000000
14 1161.913940 -1686.168945 231.125000 0.000000 85.000000 0.000000 0.000000 0.000000 1.000000 0.000000 85.000000 1.000000 0 0 0.000000
16 287.567657 -1411.127685 47.125000 0.000000 100.000000 0.000000 0.000000 0.000000 1.000000 0.000000 100.000000 1.000000 0 0 0.000000
13 -1155.735107 168.298660 -82.875000 0.000000 90.000000 0.000000 0.000000 0.000000 1.000000 0.000000 90.000000 1.000000 0 0 0.000000
11 -1136.034301 34.433662 -55.875000 0.000000 -177.000000 0.000000 0.000000 0.000000 1.000000 0.000000 -177.000000 1.000000 0 0 0.000000
11 -1130.261474 -44.833511 -55.875000 0.000000 12.000000 0.000000 0.000000 0.000000 1.000000 0.000000 12.000000 1.000000 0 0 0.000000
15 -1191.993041 -111.937072 -80.875000 0.000000 39.000000 0.000000 0.000000 0.000000 1.000000 0.000000 39.000000 1.000000 0 0 0.000000
10 -1556.280883 -941.047119 -432.550964 0.000000 -161.000000 0.000000 0.242535 0.000000 0.970142 0.000000 -161.000000 1.000000 0 0 0.000000
15 -1182.924316 -1305.038940 47.125000 0.000000 -50.000000 0.000000 0.000000 0.000000 1.000000 0.000000 -50.000000 1.000000 0 0 0.000000
15 -1272.365844 -1331.510620 47.125000 0.000000 -85.000000 0.000000 0.000000 0.000000 1.000000 0.000000 -85.000000 1.000000 0 0 0.000000
11 -1279.106811 -1266.152099 72.125000 0.000000 -96.000000 0.000000 0.000000 0.000000 1.000000 0.000000 -96.000000 1.000000 0 0 0.000000
15 -124.917549 -1338.581298 47.125000 0.000000 -158.000000 0.000000 0.000000 0.000000 1.000000 0.000000 -158.000000 1.000000 0 0 0.000000
10 -324.240173 -1804.670898 52.125000 0.000000 -92.000000 0.000000 0.000000 0.000000 1.000000 0.000000 -92.000000 1.000000 0 0 0.000000
15 -1058.883911 -119.574066 -80.875000 0.000000 -5.000000 0.000000 0.000000 0.000000 1.000000 0.000000 -5.000000 1.000000 0 0 0.000000
15 -962.294250 -79.716865 -80.875000 0.000000 164.000000 0.000000 0.000000 0.000000 1.000000 0.000000 164.000000 1.000000 0 0 0.000000
10 -1590.983032 -525.250488 -75.875000 0.000000 170.000000 0.000000 0.000000 0.000000 1.000000 -1.125949 170.000000 1.000000 0 0 0.000000
14 -1529.481689 -556.064208 -88.875000 0.000000 -166.000000 0.000000 0.000000 0.000000 1.000000 0.000000 -166.000000 1.000000 0 0 0.000000
15 -1539.766601 -445.192077 -80.875000 0.000000 -58.000000 0.000000 0.000000 0.000000 1.000000 0.000000 -58.000000 1.000000 0 0 0.000000
15 -1538.001831 -437.504302 29.250000 0.000000 -112.000000 0.000000 0.000000 0.000000 1.000000 0.000000 -112.000000 1.000000 0 0 0.000000
15 -1431.775878 -543.705688 -80.875000 0.000000 -149.000000 0.000000 0.000000 0.000000 1.000000 0.000000 -149.000000 1.000000 0 0 0.000000
13 -1531.281005 -429.206970 137.375000 0.000000 4.000000 0.000000 0.000000 0.000000 1.000000 0.000000 4.000000 1.000000 0 0 0.000000
15 -1611.018920 -397.970672 139.375000 0.000000 83.000000 0.000000 0.000000 0.000000 1.000000 0.000000 83.000000 1.000000 0 0 0.000000
15 -1446.483154 -518.507812 29.250000 0.000000 -125.000000 0.000000 0.000000 0.000000 1.000000 0.000000 -125.000000 1.000000 0 0 0.000000
15 -1455.364135 -512.440917 139.375000 0.000000 -134.000000 0.000000 0.000000 0.000000 1.000000 0.000000 -134.000000 1.000000 0 0 0.000000
11 329.834869 -1676.693237 288.125000 0.000000 93.000000 0.000000 0.000000 0.000000 1.000000 0.000000 93.000000 1.000000 0 0 0.000000
6 -81.380012 -1263.650268 41.125000 0.000000 148.000000 0.000000 0.000000 0.000000 1.000000 0.000000 148.000000 1.000000 0 0 0.000000
5 281.916870 -1606.051025 295.125000 0.000000 73.000000 0.000000 0.000000 0.000000 1.000000 0.000000 73.000000 1.000000 0 0 0.000000
3 -213.789321 -1307.500000 111.124992 0.000000 -143.000000 0.000000 0.000000 0.000000 1.000000 0.000000 -143.000000 1.000000 0 0 0.000000
11 251.932449 -1595.094970 288.125000 0.000000 17.000000 0.000000 0.000000 0.000000 1.000000 0.000000 17.000000 1.000000 0 0 0.000000
1 -1074.320556 -1507.767578 239.125000 0.000000 -55.000000 0.000000 0.000000 0.000000 1.000000 0.000000 -55.000000 1.000000 0 0 0.000000
15 -1363.870117 -1297.564941 47.125000 0.000000 92.000000 0.000000 0.000000 0.000000 1.000000 0.000000 92.000000 1.000000 0 0 0.000000
11 -1418.387817 -1451.203491 160.564575 0.000000 106.000000 0.000000 0.707106 0.000000 0.707106 0.000000 106.000000 1.000000 0 0 0.000000
11 -1522.026245 -1462.399414 243.184555 0.000000 -170.000000 0.000000 0.000000 -0.543251 0.839570 0.000000 -170.000000 1.000000 0 0 0.000000
13 -1462.180786 -1344.622192 149.125000 0.000000 179.000000 0.000000 0.000000 0.000000 1.000000 0.000000 179.000000 1.000000 0 0 0.000000
6 -1248.797363 -1842.120239 185.125000 0.000000 -8.000000 0.000000 0.000000 0.000000 1.000000 0.000000 -8.000000 1.000000 0 0 0.000000
3 -1045.847900 -1766.860229 239.125000 0.000000 -90.000000 0.000000 0.000000 0.000000 1.000000 0.000000 -90.000000 1.000000 0 0 0.000000
11 6.663727 -1258.076293 300.125030 0.000000 92.000000 0.000000 0.000000 0.000000 1.000000 0.000000 92.000000 1.000000 0 0 0.000000
15 -1063.402221 -120.093170 29.250000 0.000000 17.000000 0.000000 0.000000 0.000000 1.000000 0.000000 17.000000 1.000000 0 0 0.000000
15 -2266.198242 -739.630676 -336.875000 0.000000 112.000000 0.000000 0.000000 0.000000 1.000000 0.000000 112.000000 1.000000 0 0 0.000000
11 -2089.578125 -787.368652 -311.875000 0.000000 94.000000 0.000000 0.000000 0.000000 1.000000 0.000000 94.000000 1.000000 0 0 0.000000
15 -688.113159 -687.446655 -462.875854 0.000000 -90.000000 0.000000 0.000000 0.000000 1.000000 0.000000 -90.000000 1.000000 0 0 0.000000
15 -590.842407 -688.496032 -462.873962 0.000000 -100.000000 0.000000 0.000000 0.000000 1.000000 0.000000 -100.000000 1.000000 0 0 0.000000
15 -485.225585 -715.809143 -462.873962 0.000000 -98.000000 0.000000 0.000000 0.000000 1.000000 0.000000 -98.000000 1.000000 0 0 0.000000
15 -723.642150 -533.761474 -496.875000 0.000000 10.000000 0.000000 0.000000 0.000000 1.000000 0.000000 10.000000 1.000000 0 0 0.000000
11 -674.469116 -601.425231 -471.875000 0.000000 21.000000 0.000000 0.000000 0.000000 1.000000 0.000000 21.000000 1.000000 0 0 0.000000
14 147.129959 -1052.640136 -408.874969 0.000000 -24.000000 0.000000 0.000000 0.000000 1.000000 0.000000 -24.000000 1.000000 0 0 0.000000
15 -307.992004 -727.507873 -496.875000 0.000000 112.000000 0.000000 0.000000 0.000000 1.000000 0.000000 112.000000 1.000000 0 0 0.000000
14 -347.206390 -767.907775 -328.875000 0.000000 -91.000000 0.000000 0.000000 0.000000 1.000000 0.000000 -91.000000 1.000000 0 0 0.000000
14 -374.375274 -591.968322 -344.875000 0.000000 -59.000000 0.000000 0.000000 0.000000 1.000000 0.000000 -59.000000 1.000000 0 0 0.000000
15 540.735839 -1499.158569 47.125000 0.000000 137.000000 0.000000 0.000000 0.000000 1.000000 0.000000 137.000000 1.000000 0 0 0.000000
3 498.978637 -1627.706298 71.753425 0.000000 175.000000 59.000000 0.000000 0.857492 0.514495 0.000000 175.000000 0.514492 0 0 0.000000
3 457.934387 -1471.850341 47.125000 0.000000 78.000000 0.000000 0.000000 0.000000 1.000000 0.000000 78.000000 1.000000 0 0 0.000000
3 461.962127 -1557.675170 47.125000 0.000000 142.000000 0.000000 0.000000 0.000000 1.000000 0.000000 142.000000 1.000000 0 0 0.000000
3 -244.839965 464.688903 10.865673 0.000000 171.000000 0.000000 0.000000 -0.707106 0.707106 0.000000 171.000000 1.000000 0 0 0.000000
3 -10.473421 449.704742 -4.118460 0.000000 37.000000 0.000000 0.000000 -0.707106 0.707106 0.000000 37.000000 1.000000 0 0 0.000000
3 1.675827 256.976348 -6.799557 0.000000 -170.000000 0.000000 0.000000 0.707106 0.707106 0.000000 -170.000000 1.000000 0 0 0.000000
3 143.482513 446.208709 -7.614493 0.000000 53.000000 0.000000 0.000000 -0.707106 0.707106 0.000000 53.000000 1.000000 0 0 0.000000
3 124.606025 266.098083 -15.921317 0.000000 -44.000000 0.000000 0.000000 0.707106 0.707106 0.000000 -44.000000 1.000000 0 0 0.000000
3 -266.032165 255.905288 -5.728509 0.000000 -47.000000 0.000000 0.000000 0.707106 0.707106 0.000000 -47.000000 1.000000 0 0 0.000000
15 734.191467 -1053.975097 32.646469 0.000000 -89.000000 0.000000 0.000000 0.246153 0.969230 0.000000 -89.000000 1.000000 0 0 0.000000
1 1014.975830 350.898986 15.125000 0.000000 97.000000 0.000000 0.000000 0.000000 1.000000 0.000000 97.000000 1.000000 0 0 0.000000
3 -136.605895 451.757934 -2.065293 0.000000 35.000000 0.000000 0.000000 -0.707106 0.707106 0.000000 35.000000 1.000000 0 0 0.000000
3 -148.283843 259.125000 -8.233366 0.000000 -48.000000 0.000000 0.000000 1.000000 0.000000 0.000000 -48.000000 1.000000 0 0 0.000000
10 -2256.494140 -663.760681 -331.875000 0.000000 -8.000000 0.000000 0.000000 0.000000 1.000000 -2.672883 -8.000000 1.000000 0 0 0.000000
11 -1697.766235 -779.631103 -377.929626 0.000000 105.000000 0.000000 0.242535 0.000000 0.970142 0.000000 105.000000 1.000000 0 0 0.000000
15 -2280.028320 -584.140747 -336.875000 0.000000 1.000000 0.000000 0.000000 0.000000 1.000000 0.000000 1.000000 1.000000 0 0 0.000000
11 -2315.602294 -662.081176 -311.875000 0.000000 8.000000 0.000000 0.000000 0.000000 1.000000 0.000000 8.000000 1.000000 0 0 0.000000
2 -1878.741210 -915.004516 -351.935882 0.000000 -77.000000 0.000000 0.242535 0.000000 0.970142 0.000000 -77.000000 1.000000 2 0 0.000000
3 -678.462524 -1157.816528 -496.875000 0.000000 34.000000 0.000000 0.000000 0.000000 1.000000 0.000000 34.000000 1.000000 0 0 0.000000
6 534.067504 424.944732 -86.875000 0.000000 -56.000000 0.000000 0.000000 0.000000 1.000000 0.000000 -56.000000 1.000000 0 0 0.000000
3 -647.182128 -1237.181884 -496.875000 0.000000 -6.000000 0.000000 0.000000 0.000000 1.000000 0.000000 -6.000000 1.000000 0 0 0.000000
3 -699.854675 -1300.806152 -421.750000 0.000000 2.000000 -54.000000 0.000000 0.000000 1.000000 0.000000 2.000000 0.576679 0 0 0.000000
5 -434.042358 -405.850463 -377.925628 0.000000 30.000000 44.000000 0.000000 -0.800000 0.600000 0.000000 30.000000 0.600000 2 0 0.000000
15 1620.915161 -1535.295898 -384.875000 0.000000 -73.000000 0.000000 0.000000 0.000000 1.000000 0.000000 -73.000000 1.000000 0 0 0.000000
4 1680.875000 -1543.126098 -247.699829 0.000000 84.000000 -90.000000 -1.000000 0.000000 0.000000 -1.000000 84.000000 0.000000 1 0 0.000000
3 1243.947753 -1617.795288 -210.874969 0.000000 -145.000000 0.000000 0.000000 0.000000 1.000000 0.000000 -145.000000 1.000000 0 0 0.000000
5 1438.423950 -1263.125000 23.475891 0.000000 -18.000000 77.000000 0.000000 -1.000000 0.000000 0.000000 -18.000000 0.000000 2 0 0.000000
10 -2258.530029 -213.736541 -251.055297 0.000000 -42.000000 0.000000 0.000000 -0.242535 0.970142 0.000000 -42.000000 1.000000 0 0 0.000000
3 267.467834 292.874786 -80.875000 0.000000 -17.000000 0.000000 0.000000 0.000000 1.000000 0.000000 -17.000000 1.000000 0 0 0.000000
4 -29.908950 349.559387 96.875000 0.000000 178.000000 180.000000 0.000000 0.000000 -1.000000 0.000000 178.000000 0.000000 2 0 0.000000
5 -137.589065 -676.587707 32.754631 0.000000 72.000000 -29.000000 -0.707106 -0.707106 0.000000 -0.707106 72.000000 0.000000 2 0 0.000000
3 -748.593383 -442.839782 -496.875000 0.000000 -175.000000 -53.000000 0.000000 0.000000 1.000000 0.000000 -175.000000 0.600000 0 0 0.000000
4 189.894241 -288.328887 222.505661 0.000000 -9.000000 0.000000 0.000000 0.707106 0.707106 0.000000 -9.000000 1.000000 2 0 0.000000
3 -11.506229 -250.900405 205.077194 0.000000 -148.000000 0.000000 0.000000 0.707106 0.707106 0.000000 -148.000000 1.000000 0 0 0.000000
3 10.306148 -167.733840 175.125000 0.000000 -177.000000 0.000000 0.000000 0.000000 1.000000 0.000000 -177.000000 1.000000 0 0 0.000000
1 118.275894 -122.057830 196.118942 0.000000 121.000000 0.000000 0.000000 -0.707106 0.707106 0.000000 121.000000 1.000000 0 0 0.000000
16 604.255187 -384.164459 -80.875000 0.000000 -173.000000 0.000000 0.000000 0.000000 1.000000 0.000000 -173.000000 1.000000 0 0 0.000000
3 578.862548 400.862152 634.511047 0.000000 5.000000 0.000000 0.000000 0.316227 0.948683 0.000000 5.000000 1.000000 0 0 0.000000
11 -1330.652709 -366.921295 8.125000 0.000000 -85.000000 0.000000 0.000000 0.000000 1.000000 0.000000 -85.000000 1.000000 0 0 0.000000
3 507.654266 402.078643 634.105590 0.000000 -90.000000 0.000000 0.000000 0.316227 0.948683 0.000000 -90.000000 1.000000 0 0 0.000000
5 840.609741 232.875000 640.994628 0.000000 121.000000 -179.000000 0.000000 -1.000000 0.000000 0.285625 121.000000 -0.831744 2 0 0.000000
14 580.103454 313.866760 630.087341 0.000000 5.000000 0.000000 0.000000 -0.316227 0.948683 0.000000 5.000000 1.000000 0 0 0.000000
5 834.438720 -1173.483398 106.962211 0.000000 83.000000 0.000000 -0.857605 0.000000 0.514308 0.000000 83.000000 1.000000 2 0 0.000000
11 654.783203 215.235107 632.125000 0.000000 144.000000 0.000000 0.000000 0.000000 1.000000 0.000000 144.000000 1.000000 0 0 0.000000
5 650.759216 -1196.326416 84.977653 0.000000 -88.000000 0.000000 0.857492 0.000000 0.514495 0.000000 -88.000000 1.000000 2 0 0.000000
11 251.295989 -1550.639526 288.125000 0.000000 5.000000 0.000000 0.000000 0.000000 1.000000 0.000000 5.000000 1.000000 0 0 0.000000
11 251.943145 -1641.095214 288.125000 0.000000 8.000000 0.000000 0.000000 0.000000 1.000000 0.000000 8.000000 1.000000 0 0 0.000000
5 308.056335 -1610.031738 295.125000 0.000000 66.000000 0.000000 0.000000 0.000000 1.000000 0.000000 66.000000 1.000000 0 0 0.000000
5 332.411315 -1624.056396 325.250000 0.000000 42.000000 0.000000 0.000000 0.000000 1.000000 0.000000 42.000000 1.000000 0 0 0.000000
5 298.564086 -1643.664306 343.250000 0.000000 -31.000000 0.000000 0.000000 0.000000 1.000000 0.000000 -31.000000 1.000000 0 0 0.000000
6 -211.605209 -772.466491 -86.875000 0.000000 -108.000000 0.000000 0.000000 0.000000 1.000000 0.000000 -108.000000 1.000000 0 0 0.000000
5 -272.875000 -704.345947 53.959884 0.000000 54.000000 60.000000 1.000000 0.000000 0.000000 1.000000 54.000000 0.000000 2 0 0.000000
14 -198.691085 -681.375976 135.125000 0.000000 87.000000 0.000000 0.000000 0.000000 1.000000 0.000000 87.000000 1.000000 0 0 0.000000
11 -1330.507080 -353.317687 88.250000 0.000000 88.000000 0.000000 0.000000 0.000000 1.000000 0.000000 88.000000 1.000000 0 0 0.000000
6 -1064.278076 -437.962554 -86.875000 0.000000 90.000000 0.000000 0.000000 0.000000 1.000000 0.000000 90.000000 1.000000 0 0 0.000000
11 -2120.673828 -856.940185 -311.875000 0.000000 179.000000 0.000000 0.000000 0.000000 1.000000 0.000000 179.000000 1.000000 0 0 0.000000
4 284.747314 -1530.866943 398.714691 0.000000 -11.000000 174.000000 -0.496138 0.000000 -0.868243 -0.496138 -11.000000 -0.868243 0 0 0.000000
14 -2407.026123 -936.765625 -344.875000 0.000000 -91.000000 0.000000 0.000000 0.000000 1.000000 0.000000 -91.000000 1.000000 0 0 0.000000
3 -1548.694091 -767.988342 -405.145446 0.000000 14.000000 0.000000 0.127572 -0.850486 0.510291 0.000000 14.000000 1.000000 0 0 0.000000
3 -1567.786254 -858.456848 -432.174621 0.000000 -2.000000 0.000000 0.242535 0.000000 0.970142 0.000000 -2.000000 1.000000 0 0 0.000000
3 -1620.688842 -939.304199 -418.948974 0.000000 -6.000000 0.000000 0.242535 0.000000 0.970142 0.000000 -6.000000 1.000000 0 0 0.000000
6 -902.322204 -608.504516 -502.875000 0.000000 63.000000 0.000000 0.000000 0.000000 1.000000 0.000000 63.000000 1.000000 0 0 0.000000
3 -751.653503 -423.469665 -421.750000 0.000000 49.000000 32.000000 0.000000 0.000000 1.000000 0.000000 49.000000 0.600000 0 0 0.000000
5 -424.503784 -501.673004 -375.498840 0.000000 39.000000 6.000000 -0.707106 -0.707106 0.000000 -0.707106 39.000000 0.000000 2 0 0.000000
6 1199.017211 -1740.010864 -502.875000 0.000000 -137.000000 0.000000 0.000000 0.000000 1.000000 0.000000 -137.000000 1.000000 0 0 0.000000
10 15.062694 -1259.730834 360.250030 0.000000 85.000000 0.000000 0.000000 0.000000 1.000000 0.000000 85.000000 1.000000 0 0 0.000000
10 -128.261474 -1252.796142 280.125030 0.000000 0.000000 0.000000 0.000000 0.000000 1.000000 0.000000 0.000000 1.000000 0 0 0.000000
10 132.629226 -1265.064331 280.125030 0.000000 89.000000 0.000000 0.000000 0.000000 1.000000 0.000000 89.000000 1.000000 0 0 0.000000
4 -1648.875000 -1655.147583 167.309967 0.000000 102.000000 89.000000 1.000000 0.000000 0.000000 1.000000 102.000000 0.000000 2 0 0.000000
14 -1582.795288 -1806.729003 15.125887 0.000000 -163.000000 0.000000 0.000000 0.000000 1.000000 0.000000 -163.000000 1.000000 0 0 0.000000
14 -815.293029 283.825683 -88.875000 0.000000 3.000000 0.000000 0.000000 0.000000 1.000000 0.000000 3.000000 1.000000 0 0 0.000000
5 277.856781 -1513.586791 263.125000 0.000000 10.000000 0.000000 0.000000 0.000000 1.000000 0.000000 10.000000 1.000000 0 0 0.000000
11 1664.945312 -1462.846923 -359.875000 0.000000 -80.000000 0.000000 0.000000 0.000000 1.000000 0.000000 -80.000000 1.000000 0 0 0.000000
15 1195.425903 -1526.830444 -240.875000 0.000000 -84.000000 0.000000 0.000000 0.000000 1.000000 0.000000 -84.000000 1.000000 0 0 0.000000
11 1152.056640 -1595.127685 -215.875000 0.000000 100.000000 0.000000 0.000000 0.000000 1.000000 0.000000 100.000000 1.000000 0 0 0.000000
14 -1042.253417 -1877.909057 143.125000 0.000000 -102.000000 0.000000 0.000000 0.000000 1.000000 0.000000 -102.000000 1.000000 0 0 0.000000
13 -1082.489501 -1717.614013 149.125000 0.000000 0.000000 0.000000 0.000000 0.000000 1.000000 0.000000 0.000000 1.000000 0 0 0.000000
15 -1130.116821 -1746.573852 273.125000 0.000000 4.000000 0.000000 0.000000 0.000000 1.000000 0.000000 4.000000 1.000000 0 0 0.000000
15 -1129.026000 -1831.809936 273.125000 0.000000 5.000000 0.000000 0.000000 0.000000 1.000000 0.000000 5.000000 1.000000 0 0 0.000000
14 -1618.351318 -126.424736 103.125022 0.000000 83.000000 0.000000 0.000000 0.000000 1.000000 0.000000 83.000000 1.000000 0 0 0.000000
14 -1574.149902 -320.231170 239.125000 0.000000 49.000000 0.000000 0.000000 0.000000 1.000000 0.000000 49.000000 1.000000 0 0 0.000000
11 -525.953552 322.879791 -55.875000 0.000000 -1.000000 0.000000 0.000000 0.000000 1.000000 0.000000 -1.000000 1.000000 0 0 0.000000
11 -269.733886 402.199218 -55.875000 0.000000 177.000000 0.000000 0.000000 0.000000 1.000000 0.000000 177.000000 1.000000 0 0 0.000000
11 -31.619653 332.585845 -55.875000 0.000000 -173.000000 0.000000 0.000000 0.000000 1.000000 0.000000 -173.000000 1.000000 0 0 0.000000
14 282.988311 465.846435 -88.875000 0.000000 83.000000 0.000000 0.000000 0.000000 1.000000 0.000000 83.000000 1.000000 0 0 0.000000
15 283.983795 393.299133 -69.750000 0.000000 -63.000000 0.000000 0.000000 0.000000 1.000000 0.000000 -63.000000 1.000000 0 0 0.000000
11 205.025634 400.917785 -55.875000 0.000000 54.000000 0.000000 0.000000 0.000000 1.000000 0.000000 54.000000 1.000000 0 0 0.000000
10 225.632675 472.440734 -64.750000 0.000000 82.000000 0.000000 0.000000 0.000000 1.000000 -6.135412 82.000000 1.000000 0 0 0.000000
10 -619.517517 476.535980 -75.875000 0.000000 44.000000 0.000000 0.000000 0.000000 1.000000 -7.879333 44.000000 1.000000 0 0 0.000000
15 -1652.544311 421.027465 -115.757240 0.000000 -171.000000 0.000000 -0.242535 0.000000 0.970142 0.000000 -171.000000 1.000000 0 0 0.000000
15 -1662.360961 284.218841 -118.211402 0.000000 4.000000 0.000000 -0.242535 0.000000 0.970142 0.000000 4.000000 1.000000 0 0 0.000000
15 1169.099243 -1339.095092 -496.875000 0.000000 174.000000 0.000000 0.000000 0.000000 1.000000 0.000000 174.000000 1.000000 0 0 0.000000
14 1160.806396 -1662.237792 -344.875000 0.000000 -116.000000 0.000000 0.000000 0.000000 1.000000 0.000000 -116.000000 1.000000 0 0 0.000000
11 -1522.454345 -1508.006713 213.673950 0.000000 -44.000000 0.000000 0.000000 -0.543251 0.839570 0.000000 -44.000000 1.000000 0 0 0.000000
16 770.110473 215.263183 15.125000 0.000000 36.000000 0.000000 0.000000 0.000000 1.000000 0.000000 36.000000 1.000000 0 0 0.000000
11 796.233032 -29.259597 -55.875000 0.000000 -40.000000 0.000000 0.000000 0.000000 1.000000 0.000000 -40.000000 1.000000 0 0 0.000000
11 748.828369 -30.744010 -55.875000 0.000000 -103.000000 0.000000 0.000000 0.000000 1.000000 0.000000 -103.000000 1.000000 0 0 0.000000
11 694.613159 -31.586463 -55.875000 0.000000 -83.000000 0.000000 0.000000 0.000000 1.000000 0.000000 -83.000000 1.000000 0 0 0.000000
11 644.813476 -32.311336 -55.875000 0.000000 -99.000000 0.000000 0.000000 0.000000 1.000000 0.000000 -99.000000 1.000000 0 0 0.000000
15 901.209655 292.602539 15.125000 0.000000 177.000000 0.000000 0.000000 0.000000 1.000000 0.000000 177.000000 1.000000 0 0 0.000000
15 -713.097839 -1077.849365 -462.875671 0.000000 -26.000000 0.000000 0.000000 0.000000 1.000000 0.000000 -26.000000 1.000000 0 0 0.000000
15 -589.850952 -1090.567626 -462.874389 0.000000 -157.000000 0.000000 0.000000 0.000000 1.000000 0.000000 -157.000000 1.000000 0 0 0.000000
15 -484.781402 -1039.791015 -462.874389 0.000000 -110.000000 0.000000 0.000000 0.000000 1.000000 0.000000 -110.000000 1.000000 0 0 0.000000
9 632.886901 501.072418 596.125000 0.000000 -83.000000 0.000000 0.000000 0.000000 1.000000 0.000000 -83.000000 1.000000 0 0 0.000000
14 742.317871 256.579986 407.125152 0.000000 98.000000 0.000000 0.000000 0.000000 1.000000 0.000000 98.000000 1.000000 0 0 0.000000
14 -576.416931 -436.546844 103.125000 0.000000 -94.000000 0.000000 0.000000 0.000000 1.000000 0.000000 -94.000000 1.000000 0 0 0.000000
9 183.501800 -185.559127 164.125000 0.000000 51.000000 0.000000 0.000000 0.000000 1.000000 0.000000 51.000000 1.000000 1 0 0.000000
11 1471.599731 -1340.785888 10.689516 0.000000 -9.000000 0.000000 0.423528 0.000000 0.905882 0.000000 -9.000000 1.000000 0 0 0.000000
11 1483.071899 -1279.552124 -23.875000 0.000000 -7.000000 0.000000 0.000000 0.000000 1.000000 0.000000 -7.000000 1.000000 0 0 0.000000
10 1579.658935 -1364.033325 -58.428924 0.000000 94.000000 0.000000 0.423528 0.000000 0.905882 -3.919111 94.000000 1.000000 2 0 0.000000
15 1137.841430 -1518.247680 47.125000 0.000000 -115.000000 0.000000 0.000000 0.000000 1.000000 0.000000 -115.000000 1.000000 0 0 0.000000
11 1138.058959 -1591.208862 72.125000 0.000000 140.000000 0.000000 0.000000 0.000000 1.000000 0.000000 140.000000 1.000000 0 0 0.000000
10 -138.019134 -247.806396 -235.875000 0.000000 16.000000 0.000000 0.000000 0.000000 1.000000 -54.273326 16.000000 1.000000 0 0 0.000000
13 -113.653091 -183.583663 -242.875000 0.000000 -71.000000 0.000000 0.000000 0.000000 1.000000 0.000000 -71.000000 1.000000 0 0 0.000000
11 -131.325256 -115.412940 -215.875000 0.000000 61.000000 0.000000 0.000000 0.000000 1.000000 0.000000 61.000000 1.000000 0 0 0.000000
14 -254.705810 -146.158493 -248.875000 0.000000 112.000000 0.000000 0.000000 0.000000 1.000000 0.000000 112.000000 1.000000 0 0 0.000000
14 -1436.380249 -1854.913330 423.125000 0.000000 -8.000000 0.000000 0.000000 0.000000 1.000000 0.000000 -8.000000 1.000000 0 0 0.000000
11 1247.988403 -1420.274780 102.125015 0.000000 0.000000 0.000000 0.000000 0.000000 1.000000 0.000000 0.000000 1.000000 0 0 0.000000
15 -242.480590 -1813.680786 111.125000 0.000000 -103.000000 0.000000 0.000000 0.000000 1.000000 0.000000 -103.000000 1.000000 0 0 0.000000
11 211.953964 -1843.944946 72.125000 0.000000 -3.000000 0.000000 0.000000 0.000000 1.000000 0.000000 -3.000000 1.000000 0 0 0.000000
11 215.066390 -1795.134155 72.125000 0.000000 -4.000000 0.000000 0.000000 0.000000 1.000000 0.000000 -4.000000 1.000000 0 0 0.000000
9 -195.494171 -276.655853 4.125000 0.000000 -86.000000 0.000000 0.000000 0.000000 1.000000 0.000000 -86.000000 1.000000 1 0 0.000000
3 -172.279067 -1574.104003 239.125000 0.000000 -4.000000 0.000000 0.000000 0.000000 1.000000 0.000000 -4.000000 1.000000 0 0 0.000000
13 272.435089 -1766.596191 293.125000 0.000000 4.000000 0.000000 0.000000 0.000000 1.000000 0.000000 4.000000 1.000000 0 0 0.000000
6 324.454284 -1501.586791 257.125000 0.000000 -2.000000 0.000000 0.000000 0.000000 1.000000 0.000000 -2.000000 1.000000 0 0 0.000000
14 284.138488 -1386.806640 383.125000 0.000000 -43.000000 0.000000 0.000000 0.000000 1.000000 0.000000 -43.000000 1.000000 0 0 0.000000
13 268.309051 -1274.641235 325.125000 0.000000 96.000000 0.000000 0.000000 0.000000 1.000000 0.000000 96.000000 1.000000 0 0 0.000000
11 145.797470 -1748.048950 264.125000 0.000000 -173.000000 0.000000 0.000000 0.000000 1.000000 0.000000 -173.000000 1.000000 0 0 0.000000
15 -225.371826 -1698.191894 47.125000 0.000000 171.000000 0.000000 0.000000 0.000000 1.000000 0.000000 171.000000 1.000000 0 0 0.000000
11 -199.074905 -1630.930908 72.125000 0.000000 168.000000 0.000000 0.000000 0.000000 1.000000 0.000000 168.000000 1.000000 0 0 0.000000
11 146.794799 -1700.099731 264.125000 0.000000 177.000000 0.000000 0.000000 0.000000 1.000000 0.000000 177.000000 1.000000 0 0 0.000000
15 -232.860290 -1812.459228 221.250000 0.000000 -173.000000 0.000000 0.000000 0.000000 1.000000 0.000000 -173.000000 1.000000 0 0 0.000000
5 -1409.291870 -1263.125000 365.748138 0.000000 -11.000000 80.000000 0.000000 -1.000000 0.000000 0.000000 -11.000000 0.000000 2 0 0.000000
10 -1281.479980 -1305.960937 424.125000 0.000000 -8.000000 0.000000 0.000000 0.000000 1.000000 -330.000000 -8.000000 1.000000 0 0 0.000000
15 -1577.938354 -1573.315551 188.918807 0.000000 95.000000 0.000000 0.000000 -0.557836 0.829951 0.000000 95.000000 1.000000 0 0 0.000000
11 -1626.796875 -1504.426513 216.125000 0.000000 -99.000000 0.000000 0.000000 0.000000 1.000000 0.000000 -99.000000 1.000000 0 0 0.000000
3 -163.939849 -1415.793212 175.125000 0.000000 -164.000000 0.000000 0.000000 0.000000 1.000000 0.000000 -164.000000 1.000000 0 0 0.000000
14 -306.896881 -1804.994140 323.375000 0.000000 -178.000000 0.000000 0.000000 0.000000 1.000000 0.000000 -178.000000 1.000000 0 0 0.000000
3 -157.131423 -1500.923950 175.125000 0.000000 -166.000000 0.000000 0.000000 0.000000 1.000000 0.000000 -166.000000 1.000000 0 0 0.000000
13 -97.544700 -1744.454956 422.412200 0.000000 -172.000000 0.000000 0.000000 -0.447213 0.894427 0.000000 -172.000000 1.000000 0 0 0.000000
13 -299.518737 -1696.800903 277.125000 0.000000 -178.000000 0.000000 0.000000 0.000000 1.000000 0.000000 -178.000000 1.000000 0 0 0.000000
