15 -1.951126 -749.817626 239.225006 0.000000 151.000000 0.000000 0.000000 0.000000 0.000000 0.000000 151.000000 1.000000 0 0 0.000000
15 141.449951 -619.116210 239.225006 0.000000 124.000000 0.000000 0.000000 0.000000 0.000000 0.000000 124.000000 1.000000 0 0 0.000000
11 1303.815917 -177.003692 88.125000 0.000000 -24.000000 0.000000 0.000000 0.000000 1.000000 0.000000 -24.000000 1.000000 0 0 0.000000
7 1128.177124 -1632.688232 137.125000 0.000000 -36.000000 0.000000 0.000000 0.000000 1.000000 0.000000 -36.000000 1.000000 2 0 0.000000
6 -893.911010 489.186004 137.125000 0.000000 -91.000000 0.000000 0.000000 0.000000 1.000000 0.000000 -91.000000 1.000000 0 0 0.000000
16 -934.212524 427.186218 143.125000 0.000000 -116.000000 0.000000 0.000000 0.000000 1.000000 0.000000 -116.000000 1.000000 0 0 0.000000
16 -137.344116 1048.619750 143.125000 0.000000 -178.000000 0.000000 0.000000 0.000000 1.000000 0.000000 -178.000000 1.000000 0 0 0.000000
16 -851.814636 439.997314 143.125000 0.000000 -87.000000 0.000000 0.000000 0.000000 1.000000 0.000000 -87.000000 1.000000 0 0 0.000000
16 607.944274 -1423.859863 47.125000 0.000000 56.000000 0.000000 0.000000 0.000000 1.000000 0.000000 56.000000 1.000000 0 0 0.000000
16 -593.962280 -137.351455 264.139038 0.000000 97.000000 0.000000 0.707106 0.000000 0.707106 0.000000 97.000000 1.000000 0 0 0.000000
15 490.440490 -1518.899902 47.125000 0.000000 4.000000 0.000000 0.000000 0.000000 1.000000 0.000000 4.000000 1.000000 0 0 0.000000
9 -916.816772 -1526.131591 100.125000 0.000000 0.000000 0.000000 0.000000 0.000000 1.000000 0.000000 0.000000 1.000000 2 0 0.000000
9 207.212661 1574.788208 68.125000 0.000000 89.000000 0.000000 0.000000 0.000000 1.000000 0.000000 89.000000 1.000000 2 0 0.000000
11 727.735107 989.102172 146.220062 0.000000 -75.000000 0.000000 0.316227 0.000000 0.948683 0.000000 -75.000000 1.000000 0 0 0.000000
11 714.950500 1088.185913 150.481597 0.000000 34.000000 0.000000 0.316227 0.000000 0.948683 0.000000 34.000000 1.000000 0 0 0.000000
16 682.945800 991.853454 133.816482 0.000000 -61.000000 0.000000 0.316227 0.000000 0.948683 0.000000 -61.000000 1.000000 0 0 0.000000
11 723.280334 1023.208496 147.704986 0.000000 -172.000000 0.000000 0.316227 0.000000 0.948683 0.000000 -172.000000 1.000000 0 0 0.000000
15 1062.290283 1077.041748 47.125000 0.000000 157.000000 0.000000 0.000000 0.000000 1.000000 0.000000 157.000000 1.000000 0 0 0.000000
6 -834.346374 79.684722 137.125000 0.000000 104.000000 0.000000 0.000000 0.000000 1.000000 0.000000 104.000000 1.000000 0 0 0.000000
12 -917.615417 -1302.095214 109.125000 0.000000 92.000000 0.000000 0.000000 0.000000 1.000000 0.000000 92.000000 1.000000 2 0 0.000000
6 881.354064 1002.858154 65.347068 0.000000 -55.000000 0.000000 0.316227 0.000000 0.948683 0.000000 -55.000000 1.000000 0 0 0.000000
16 -611.029663 -120.875000 276.800109 0.000000 109.000000 0.000000 0.000000 1.000000 0.000000 0.000000 109.000000 1.000000 0 0 0.000000
15 977.696655 976.906616 79.125000 0.000000 -52.000000 0.000000 0.000000 0.000000 1.000000 0.000000 -52.000000 1.000000 0 0 0.000000
11 725.656188 1042.283691 146.913024 0.000000 -5.000000 0.000000 0.316227 0.000000 0.948683 0.000000 -5.000000 1.000000 0 0 0.000000
11 720.942077 1067.547607 148.484405 0.000000 169.000000 0.000000 0.316227 0.000000 0.948683 0.000000 169.000000 1.000000 0 0 0.000000
15 1040.741210 1004.156066 47.125000 0.000000 166.000000 0.000000 0.000000 0.000000 1.000000 0.000000 166.000000 1.000000 0 0 0.000000
15 985.311462 1007.410278 47.125000 0.000000 -177.000000 0.000000 0.000000 0.000000 1.000000 0.000000 -177.000000 1.000000 0 0 0.000000
15 994.441467 1097.238403 47.125000 0.000000 142.000000 0.000000 0.000000 0.000000 1.000000 0.000000 142.000000 1.000000 0 0 0.000000
15 969.021667 1080.286499 79.125000 0.000000 9.000000 0.000000 0.000000 0.000000 1.000000 0.000000 9.000000 1.000000 0 0 0.000000
12 872.710632 1076.327148 76.894882 0.000000 5.000000 0.000000 0.316227 0.000000 0.948683 0.000000 5.000000 1.000000 0 0 0.000000
15 1037.451049 1080.854492 79.125000 0.000000 169.000000 0.000000 0.000000 0.000000 1.000000 0.000000 169.000000 1.000000 0 0 0.000000
14 -916.322204 -1396.824340 103.125000 0.000000 89.000000 0.000000 0.000000 0.000000 1.000000 0.000000 89.000000 1.000000 1 0 0.000000
15 -1048.977294 -1313.934936 111.124992 0.000000 88.000000 0.000000 0.000000 0.000000 1.000000 0.000000 88.000000 1.000000 2 0 0.000000
15 1054.377197 1020.537597 189.250000 0.000000 174.000000 0.000000 0.000000 0.000000 1.000000 0.000000 174.000000 1.000000 0 0 0.000000
15 1108.344360 1074.494018 47.125000 0.000000 148.000000 0.000000 0.000000 0.000000 1.000000 0.000000 148.000000 1.000000 0 0 0.000000
15 1093.104003 1090.219116 189.250000 0.000000 153.000000 0.000000 0.000000 0.000000 1.000000 0.000000 153.000000 1.000000 0 0 0.000000
15 1037.273193 1010.474182 189.250000 0.000000 163.000000 0.000000 0.000000 0.000000 1.000000 0.000000 163.000000 1.000000 0 0 0.000000
4 -1012.057617 -1615.837158 111.125000 0.000000 -165.000000 0.000000 0.000000 0.000000 1.000000 0.000000 -165.000000 1.000000 0 0 0.000000
10 -826.951354 -1357.715698 116.125000 0.000000 33.000000 0.000000 0.000000 0.000000 1.000000 0.000000 33.000000 1.000000 2 0 0.000000
10 -808.313659 -1415.820922 116.125000 0.000000 1.000000 0.000000 0.000000 0.000000 1.000000 0.000000 1.000000 1.000000 2 0 0.000000
10 -823.001647 -1474.044433 116.125000 0.000000 -29.000000 0.000000 0.000000 0.000000 1.000000 0.000000 -29.000000 1.000000 2 0 0.000000
5 -759.167663 -1510.081420 111.125000 0.000000 54.000000 0.000000 0.000000 0.000000 1.000000 0.000000 54.000000 1.000000 0 0 0.000000
3 -1018.899475 -1447.371093 111.124992 0.000000 137.000000 0.000000 0.000000 0.000000 1.000000 0.000000 137.000000 1.000000 0 0 0.000000
8 -1061.553955 -1537.174072 116.125000 0.000000 160.000000 0.000000 0.000000 0.000000 1.000000 0.000000 160.000000 1.000000 0 0 0.000000
11 -762.176513 -1297.192871 136.125000 0.000000 24.000000 0.000000 0.000000 0.000000 1.000000 0.000000 24.000000 1.000000 2 0 0.000000
13 -851.322387 -1593.542846 119.250000 0.000000 -2.000000 0.000000 0.000000 0.000000 1.000000 0.000000 -2.000000 1.000000 2 0 0.000000
15 1086.777587 1004.432373 47.125000 0.000000 165.000000 0.000000 0.000000 0.000000 1.000000 0.000000 165.000000 1.000000 0 0 0.000000
11 -736.302429 -1637.206787 136.125000 0.000000 -73.000000 0.000000 0.000000 0.000000 1.000000 0.000000 -73.000000 1.000000 2 0 0.000000
1 -883.960998 -1455.993408 111.125000 0.000000 -138.000000 0.000000 0.000000 0.000000 1.000000 0.000000 -138.000000 1.000000 0 0 0.000000
14 617.320434 -1527.035766 65.212585 0.000000 -81.000000 0.000000 0.000000 0.707106 0.707106 0.000000 -81.000000 1.000000 0 0 0.000000
13 668.529357 -1490.364135 45.125000 0.000000 -178.000000 0.000000 0.000000 0.000000 1.000000 0.000000 -178.000000 1.000000 0 0 0.000000
13 661.552307 -1469.947998 105.250000 0.000000 -179.000000 0.000000 0.000000 0.000000 1.000000 0.000000 -179.000000 1.000000 0 0 0.000000
11 -334.730865 611.236511 168.125000 0.000000 3.000000 0.000000 0.000000 0.000000 1.000000 0.000000 3.000000 1.000000 0 0 0.000000
16 -175.467971 1436.593994 263.125000 0.000000 168.000000 0.000000 0.000000 0.000000 1.000000 0.000000 168.000000 1.000000 0 0 0.000000
15 -161.079086 541.686462 143.125000 0.000000 -5.000000 0.000000 0.000000 0.000000 1.000000 0.000000 -5.000000 1.000000 0 0 0.000000
11 1027.471801 179.008911 72.125000 0.000000 -178.000000 0.000000 0.000000 0.000000 1.000000 0.000000 -178.000000 1.000000 0 0 0.000000
11 28.940057 360.457794 72.125000 0.000000 -90.000000 0.000000 0.000000 0.000000 1.000000 0.000000 -90.000000 1.000000 0 0 0.000000
15 -152.072937 454.954254 151.125000 0.000000 -26.000000 0.000000 0.000000 0.000000 1.000000 0.000000 -26.000000 1.000000 0 0 0.000000
11 671.408569 -1554.251831 104.125000 0.000000 -162.000000 0.000000 0.000000 0.000000 1.000000 0.000000 -162.000000 1.000000 0 0 0.000000
15 -177.758941 687.745666 143.125000 0.000000 -3.000000 0.000000 0.000000 0.000000 1.000000 0.000000 -3.000000 1.000000 0 0 0.000000
13 558.210815 -303.047180 173.125000 0.000000 -89.000000 0.000000 0.000000 0.000000 1.000000 0.000000 -89.000000 1.000000 0 0 0.000000
11 -34.645401 361.386383 72.125000 0.000000 -90.000000 0.000000 0.000000 0.000000 1.000000 0.000000 -90.000000 1.000000 0 0 0.000000
16 715.402526 -163.644393 87.125000 0.000000 -57.000000 0.000000 0.000000 0.000000 1.000000 0.000000 -57.000000 1.000000 0 0 0.000000
15 -164.383987 538.608642 259.125061 0.000000 2.000000 0.000000 0.000000 0.000000 1.000000 0.000000 2.000000 1.000000 0 0 0.000000
11 644.182373 558.986206 72.125000 0.000000 -174.000000 0.000000 0.000000 0.000000 1.000000 0.000000 -174.000000 1.000000 0 0 0.000000
11 648.731811 621.486694 72.125000 0.000000 -174.000000 0.000000 0.000000 0.000000 1.000000 0.000000 -174.000000 1.000000 0 0 0.000000
11 642.659851 679.796264 72.125000 0.000000 176.000000 0.000000 0.000000 0.000000 1.000000 0.000000 176.000000 1.000000 0 0 0.000000
10 1097.298095 181.175765 52.125000 0.000000 -178.000000 0.000000 0.000000 0.000000 1.000000 0.000000 -178.000000 1.000000 0 0 0.000000
13 -39.739017 771.174621 149.125000 0.000000 89.000000 0.000000 0.000000 0.000000 1.000000 0.000000 89.000000 1.000000 0 0 0.000000
13 -109.805572 743.426025 149.125000 0.000000 110.000000 0.000000 0.000000 0.000000 1.000000 0.000000 110.000000 1.000000 0 0 0.000000
1 -83.572395 667.964721 103.125000 0.000000 163.000000 0.000000 0.000000 0.000000 1.000000 0.000000 163.000000 1.000000 0 0 0.000000
13 170.104888 445.365020 77.125000 0.000000 -90.000000 0.000000 0.000000 0.000000 1.000000 0.000000 -90.000000 1.000000 0 0 0.000000
13 240.921051 444.755859 77.125000 0.000000 -92.000000 0.000000 0.000000 0.000000 1.000000 0.000000 -92.000000 1.000000 0 0 0.000000
16 -162.538131 1358.385375 263.125000 0.000000 -171.000000 0.000000 0.000000 0.000000 1.000000 0.000000 -171.000000 1.000000 0 0 0.000000
10 -878.692382 896.941650 148.125000 0.000000 89.000000 0.000000 0.000000 0.000000 1.000000 0.000000 89.000000 1.000000 0 0 0.000000
14 -86.756744 1484.769409 287.125000 0.000000 93.000000 0.000000 0.000000 0.000000 1.000000 0.000000 93.000000 1.000000 0 0 0.000000
16 25.343496 299.176574 47.125000 0.000000 73.000000 0.000000 0.000000 0.000000 1.000000 0.000000 73.000000 1.000000 0 0 0.000000
14 -162.937774 1199.588867 284.208984 0.000000 -119.000000 0.000000 0.000000 0.406138 0.913811 0.000000 -119.000000 1.000000 0 0 0.000000
1 379.302978 -1361.041015 47.125000 0.000000 60.000000 0.000000 0.000000 0.000000 1.000000 0.000000 60.000000 1.000000 0 0 0.000000
1 221.114791 -1363.504150 87.125000 0.000000 88.000000 0.000000 0.000000 0.000000 1.000000 0.000000 88.000000 1.000000 0 0 0.000000
7 1369.350952 -1448.730590 185.125000 0.000000 -71.000000 0.000000 0.000000 0.000000 1.000000 0.000000 -71.000000 1.000000 0 0 0.000000
5 815.125000 -1498.034912 216.752792 0.000000 127.000000 88.000000 1.000000 0.000000 0.000000 1.000000 127.000000 0.000000 0 0 0.000000
15 220.478164 -608.194702 239.125015 0.000000 -92.000000 0.000000 0.000000 0.000000 1.000000 0.000000 -92.000000 1.000000 0 0 0.000000
14 1475.637695 -1375.531005 39.125000 0.000000 26.000000 0.000000 0.000000 0.000000 1.000000 0.000000 26.000000 1.000000 0 0 0.000000
13 1273.261230 -1502.966308 45.125000 0.000000 86.000000 0.000000 0.000000 0.000000 1.000000 0.000000 86.000000 1.000000 0 0 0.000000
13 1269.356445 -1454.907592 45.125000 0.000000 -84.000000 0.000000 0.000000 0.000000 1.000000 0.000000 -84.000000 1.000000 0 0 0.000000
15 -58.685771 -829.781921 239.125015 0.000000 158.000000 0.000000 0.000000 0.000000 1.000000 0.000000 158.000000 1.000000 0 0 0.000000
13 1268.164428 -1606.067016 45.125000 0.000000 -9.000000 0.000000 0.000000 0.000000 1.000000 0.000000 -9.000000 1.000000 0 0 0.000000
13 1277.031372 -1335.557617 45.125000 0.000000 3.000000 0.000000 0.000000 0.000000 1.000000 0.000000 3.000000 1.000000 0 0 0.000000
16 1805.491210 -1417.570190 175.125000 0.000000 112.000000 0.000000 0.000000 0.000000 1.000000 0.000000 112.000000 1.000000 0 0 0.000000
11 248.715011 -537.008911 264.125000 0.000000 -50.000000 0.000000 0.000000 0.000000 1.000000 0.000000 -50.000000 1.000000 0 0 0.000000
6 205.770690 -1129.057006 233.125000 0.000000 176.000000 0.000000 0.000000 0.000000 1.000000 0.000000 176.000000 1.000000 1 0 0.000000
11 829.101440 -1553.731201 72.125000 0.000000 179.000000 0.000000 0.000000 0.000000 1.000000 0.000000 179.000000 1.000000 0 0 0.000000
11 822.058959 -1386.685180 72.125000 0.000000 -178.000000 0.000000 0.000000 0.000000 1.000000 0.000000 -178.000000 1.000000 0 0 0.000000
13 74.374893 -487.060150 233.125381 0.000000 -92.000000 0.000000 0.000000 0.000000 1.000000 0.000000 -92.000000 1.000000 0 0 0.000000
13 -1.149691 -481.186523 237.125000 0.000000 -89.000000 0.000000 0.000000 0.000000 1.000000 0.000000 -89.000000 1.000000 0 0 0.000000
11 1753.284790 -1420.210205 200.125000 0.000000 -1.000000 0.000000 0.000000 0.000000 1.000000 0.000000 -1.000000 1.000000 0 0 0.000000
13 -110.353431 -685.749145 233.125030 0.000000 0.000000 0.000000 0.000000 0.000000 1.000000 0.000000 0.000000 1.000000 0 0 0.000000
13 -128.909393 -613.284423 237.125000 0.000000 0.000000 0.000000 0.000000 0.000000 1.000000 0.000000 0.000000 1.000000 0 0 0.000000
16 -15.866106 -95.901077 47.125000 0.000000 85.000000 0.000000 0.000000 0.000000 1.000000 0.000000 85.000000 1.000000 0 0 0.000000
11 1744.914306 -1466.011230 200.125000 0.000000 0.000000 0.000000 0.000000 0.000000 1.000000 0.000000 0.000000 1.000000 0 0 0.000000
14 -215.814392 -654.719055 391.125793 0.000000 171.000000 0.000000 0.000000 0.000000 1.000000 0.000000 171.000000 1.000000 0 0 0.000000
13 -293.317840 1071.824340 141.125000 0.000000 0.000000 0.000000 0.000000 0.000000 1.000000 0.000000 0.000000 1.000000 0 0 0.000000
16 185.028137 -526.622558 239.125000 0.000000 -84.000000 0.000000 0.000000 0.000000 1.000000 0.000000 -84.000000 1.000000 0 0 0.000000
11 1751.163940 -1510.357910 200.125000 0.000000 0.000000 0.000000 0.000000 0.000000 1.000000 0.000000 0.000000 1.000000 0 0 0.000000
14 -535.995788 1063.723632 139.125000 0.000000 119.000000 0.000000 0.000000 0.000000 1.000000 0.000000 119.000000 1.000000 0 0 0.000000
13 -291.905487 1001.361145 141.125000 0.000000 0.000000 0.000000 0.000000 0.000000 1.000000 0.000000 0.000000 1.000000 0 0 0.000000
14 1827.040405 -1488.770141 167.125000 0.000000 -31.000000 0.000000 0.000000 0.000000 1.000000 0.000000 -31.000000 1.000000 0 0 0.000000
13 -374.943786 439.806884 221.125000 0.000000 -91.000000 0.000000 0.000000 0.000000 1.000000 0.000000 -91.000000 1.000000 0 0 0.000000
3 682.996032 -1435.981201 54.193557 0.000000 178.000000 0.000000 0.000000 -0.707106 0.707106 0.000000 178.000000 1.000000 0 0 0.000000
11 1227.779296 -1473.639526 72.125000 0.000000 1.000000 0.000000 0.000000 0.000000 1.000000 0.000000 1.000000 1.000000 0 0 0.000000
15 1024.424926 -1713.192016 47.125000 0.000000 -90.000000 0.000000 0.000000 0.000000 1.000000 0.000000 -90.000000 1.000000 0 0 0.000000
15 -43.755599 -1089.780883 47.125000 0.000000 81.000000 0.000000 0.000000 0.000000 1.000000 0.000000 81.000000 1.000000 0 0 0.000000
16 1513.471679 -852.262756 175.125000 0.000000 -96.000000 0.000000 0.000000 0.000000 1.000000 0.000000 -96.000000 1.000000 0 0 0.000000
15 1006.156311 -1186.756835 47.125000 0.000000 -89.000000 0.000000 0.000000 0.000000 1.000000 0.000000 -89.000000 1.000000 0 0 0.000000
15 48.968921 -1105.951049 47.125000 0.000000 88.000000 0.000000 0.000000 0.000000 1.000000 0.000000 88.000000 1.000000 0 0 0.000000
11 949.339172 -208.851806 200.125000 0.000000 0.000000 0.000000 0.000000 0.000000 1.000000 0.000000 0.000000 1.000000 0 0 0.000000
15 922.599975 210.807022 47.125000 0.000000 11.000000 0.000000 0.000000 0.000000 1.000000 0.000000 11.000000 1.000000 0 0 0.000000
15 932.970275 141.588531 47.125000 0.000000 11.000000 0.000000 0.000000 0.000000 1.000000 0.000000 11.000000 1.000000 0 0 0.000000
11 999.881469 -207.354751 200.125000 0.000000 1.000000 0.000000 0.000000 0.000000 1.000000 0.000000 1.000000 1.000000 0 0 0.000000
11 1183.149658 -1474.540405 72.125000 0.000000 -1.000000 0.000000 0.000000 0.000000 1.000000 0.000000 -1.000000 1.000000 0 0 0.000000
13 -487.284088 -223.375228 253.125000 0.000000 93.000000 0.000000 0.000000 0.000000 1.000000 0.000000 93.000000 1.000000 0 0 0.000000
14 771.141479 1033.146484 103.084594 0.000000 8.000000 0.000000 0.316227 0.000000 0.948683 0.000000 8.000000 1.000000 0 0 0.000000
11 -438.962738 -165.721572 262.000549 0.000000 93.000000 0.000000 0.000000 0.447213 0.894427 0.000000 93.000000 1.000000 0 0 0.000000
13 52.562740 -10.936686 45.125000 0.000000 -89.000000 0.000000 0.000000 0.000000 1.000000 0.000000 -89.000000 1.000000 0 0 0.000000
10 1229.528320 -1468.524414 132.250000 0.000000 93.000000 0.000000 0.000000 0.000000 1.000000 -345.395385 93.000000 1.000000 0 0 0.000000
11 578.970703 1068.043334 168.125000 0.000000 4.000000 0.000000 0.000000 0.000000 1.000000 0.000000 4.000000 1.000000 0 0 0.000000
11 578.498535 1013.985717 168.125000 0.000000 -1.000000 0.000000 0.000000 0.000000 1.000000 0.000000 -1.000000 1.000000 0 0 0.000000
1 356.844085 1256.317260 79.125000 0.000000 -2.000000 0.000000 0.000000 0.000000 1.000000 0.000000 -2.000000 1.000000 0 0 0.000000
11 -803.424499 -64.079841 208.125000 0.000000 -100.000000 0.000000 0.000000 0.000000 1.000000 0.000000 -100.000000 1.000000 0 0 0.000000
13 -42.181938 -5.250638 45.125000 0.000000 -96.000000 0.000000 0.000000 0.000000 1.000000 0.000000 -96.000000 1.000000 0 0 0.000000
1 1110.564331 -1305.890747 108.741058 0.000000 54.000000 0.000000 -0.707106 0.000000 0.707106 0.000000 54.000000 1.000000 0 0 0.000000
14 991.317077 -1320.882202 215.125000 0.000000 111.000000 0.000000 0.000000 0.000000 1.000000 0.000000 111.000000 1.000000 0 0 0.000000
14 1050.796875 -1819.865356 39.125000 0.000000 178.000000 0.000000 0.000000 0.000000 1.000000 0.000000 178.000000 1.000000 0 0 0.000000
10 1498.649414 -1779.474487 180.125000 0.000000 84.000000 0.000000 0.000000 0.000000 1.000000 0.000000 84.000000 1.000000 0 0 0.000000
6 1191.325561 -636.499572 169.125000 0.000000 2.000000 0.000000 0.000000 0.000000 1.000000 0.000000 2.000000 1.000000 0 0 0.000000
7 1174.624633 -163.124771 302.926300 0.000000 179.000000 -71.000000 0.000000 -1.000000 0.000000 0.000000 179.000000 0.316227 2 0 0.000000
7 1174.396240 -163.124771 242.536163 0.000000 179.000000 -89.000000 0.000000 -1.000000 0.000000 0.000000 179.000000 0.000000 2 0 0.000000
5 -1.097908 -706.237304 535.094665 0.000000 -21.000000 -93.000000 0.000000 0.770961 -0.636881 0.000000 -21.000000 0.000000 2 0 0.000000
5 879.328063 -1343.125000 205.233840 0.000000 143.000000 -53.000000 0.000000 -1.000000 0.000000 0.000000 143.000000 0.000000 2 0 0.000000
5 -9.449621 -671.793762 570.280883 0.000000 -24.000000 -99.000000 0.000000 0.581237 -0.813733 0.000000 -24.000000 0.000000 2 0 0.000000
16 161.072525 -525.264587 575.125000 0.000000 88.000000 0.000000 0.000000 0.000000 1.000000 0.000000 88.000000 1.000000 0 0 0.000000
9 -239.877807 -826.847412 228.125000 0.000000 -105.000000 0.000000 0.000000 0.000000 1.000000 0.000000 -105.000000 1.000000 1 0 0.000000
5 815.125000 -1429.621582 243.007003 0.000000 -99.000000 -82.000000 1.000000 0.000000 0.000000 1.000000 -99.000000 0.000000 2 0 0.000000
11 534.989501 1224.599609 168.125000 0.000000 88.000000 0.000000 0.000000 0.000000 1.000000 0.000000 88.000000 1.000000 0 0 0.000000
13 565.338012 1624.012207 157.125000 0.000000 90.000000 0.000000 0.000000 0.000000 1.000000 0.000000 90.000000 1.000000 0 0 0.000000
15 974.295227 1002.736694 47.125000 0.000000 -171.000000 0.000000 0.000000 0.000000 1.000000 0.000000 -171.000000 1.000000 0 0 0.000000
15 969.104125 1076.494506 47.125000 0.000000 -174.000000 0.000000 0.000000 0.000000 1.000000 0.000000 -174.000000 1.000000 0 0 0.000000
11 -193.914398 -582.285827 536.125549 0.000000 -174.000000 0.000000 0.000000 0.000000 1.000000 0.000000 -174.000000 1.000000 0 0 0.000000
9 -168.778747 -653.835937 516.125000 0.000000 173.000000 0.000000 0.000000 0.000000 1.000000 0.000000 173.000000 1.000000 1 0 0.000000
15 -529.340942 279.968688 143.125000 0.000000 91.000000 0.000000 0.000000 0.000000 1.000000 0.000000 91.000000 1.000000 0 0 0.000000
5 815.125000 -1462.583007 172.091781 0.000000 107.000000 96.000000 1.000000 0.000000 0.000000 1.000000 107.000000 0.000000 2 0 0.000000
16 -126.351913 -603.442626 483.123962 0.000000 -137.000000 0.000000 0.000000 0.000000 1.000000 0.000000 -137.000000 1.000000 0 0 0.000000
13 1312.591796 -1185.961914 198.935623 0.000000 -96.000000 0.000000 -0.447213 0.000000 0.894427 0.000000 -96.000000 1.000000 0 0 0.000000
16 -146.006393 -698.022705 575.125000 0.000000 -165.000000 0.000000 0.000000 0.000000 1.000000 0.000000 -165.000000 1.000000 0 0 0.000000
15 -499.997680 748.277221 143.125000 0.000000 96.000000 0.000000 0.000000 0.000000 1.000000 0.000000 96.000000 1.000000 0 0 0.000000
13 1467.609008 -953.395812 173.125000 0.000000 90.000000 0.000000 0.000000 0.000000 1.000000 0.000000 90.000000 1.000000 0 0 0.000000
16 -137.304473 -585.866455 565.365661 0.000000 127.000000 0.000000 -0.756823 0.000000 0.653619 0.000000 127.000000 1.000000 0 0 0.000000
16 496.487304 1308.681884 275.125000 0.000000 106.000000 0.000000 0.000000 0.000000 1.000000 0.000000 106.000000 1.000000 0 0 0.000000
5 64.538375 -615.652465 569.747802 0.000000 57.000000 -97.000000 -0.581237 0.000000 -0.813733 -1.000000 57.000000 0.000000 2 0 0.000000
13 -46.583068 -500.423217 481.126037 0.000000 168.000000 0.000000 0.000000 0.000000 1.000000 0.000000 168.000000 1.000000 0 0 0.000000
13 1396.164062 -1200.459350 213.125000 0.000000 -87.000000 0.000000 0.000000 0.000000 1.000000 0.000000 -87.000000 1.000000 0 0 0.000000
1 938.238708 -1308.875000 107.938072 0.000000 127.000000 0.000000 0.707106 0.000000 0.707106 0.000000 127.000000 1.000000 0 0 0.000000
15 -593.957519 741.546447 143.125000 0.000000 93.000000 0.000000 0.000000 0.000000 1.000000 0.000000 93.000000 1.000000 0 0 0.000000
15 -778.612182 145.688522 175.125000 0.000000 89.000000 0.000000 0.000000 0.000000 1.000000 0.000000 89.000000 1.000000 0 0 0.000000
13 1082.222290 -1181.149414 85.125000 0.000000 -92.000000 0.000000 0.000000 0.000000 1.000000 0.000000 -92.000000 1.000000 0 0 0.000000
13 1328.482177 -1353.673583 45.125000 0.000000 -178.000000 0.000000 0.000000 0.000000 1.000000 0.000000 -178.000000 1.000000 0 0 0.000000
13 1327.201171 -1403.688476 45.125000 0.000000 -176.000000 0.000000 0.000000 0.000000 1.000000 0.000000 -176.000000 1.000000 0 0 0.000000
13 1239.295288 -1181.205810 162.287368 0.000000 -103.000000 0.000000 -0.447213 0.000000 0.894427 0.000000 -103.000000 1.000000 0 0 0.000000
13 1162.605224 -1181.045043 123.942337 0.000000 -99.000000 0.000000 -0.447213 0.000000 0.894427 0.000000 -99.000000 1.000000 0 0 0.000000
16 1391.146240 -1348.027709 47.125000 0.000000 -178.000000 0.000000 0.000000 0.000000 1.000000 0.000000 -178.000000 1.000000 0 0 0.000000
11 501.440643 1458.525146 232.125000 0.000000 94.000000 0.000000 0.000000 0.000000 1.000000 0.000000 94.000000 1.000000 0 0 0.000000
15 -692.315246 145.365966 175.126373 0.000000 91.000000 0.000000 0.000000 0.000000 1.000000 0.000000 91.000000 1.000000 0 0 0.000000
5 911.125000 -1310.290893 163.922592 0.000000 99.000000 98.000000 1.000000 0.000000 0.000000 1.000000 99.000000 0.000000 2 0 0.000000
11 -919.133178 -46.124446 168.125000 0.000000 -132.000000 0.000000 0.000000 0.000000 1.000000 0.000000 -132.000000 1.000000 0 0 0.000000
11 -937.598815 289.300720 168.125000 0.000000 -90.000000 0.000000 0.000000 0.000000 1.000000 0.000000 -90.000000 1.000000 0 0 0.000000
11 1266.171875 -1649.902832 72.125000 0.000000 -75.000000 0.000000 0.000000 0.000000 1.000000 0.000000 -75.000000 1.000000 0 0 0.000000
11 1265.412597 -1290.995727 72.125000 0.000000 81.000000 0.000000 0.000000 0.000000 1.000000 0.000000 81.000000 1.000000 0 0 0.000000
13 1542.494384 -953.661010 173.125000 0.000000 87.000000 0.000000 0.000000 0.000000 1.000000 0.000000 87.000000 1.000000 0 0 0.000000
15 502.053955 -1415.188842 47.125000 0.000000 179.000000 0.000000 0.000000 0.000000 1.000000 0.000000 179.000000 1.000000 0 0 0.000000
9 1459.781616 -1560.373413 36.125000 0.000000 14.000000 0.000000 0.000000 0.000000 1.000000 0.000000 14.000000 1.000000 0 0 0.000000
11 -854.071655 289.317657 168.125000 0.000000 -90.000000 0.000000 0.000000 0.000000 1.000000 0.000000 -90.000000 1.000000 0 0 0.000000
11 506.875885 -799.021057 72.125000 0.000000 93.000000 0.000000 0.000000 0.000000 1.000000 0.000000 93.000000 1.000000 0 0 0.000000
15 -1022.129150 -342.464385 239.125000 0.000000 -177.000000 0.000000 0.000000 0.000000 1.000000 0.000000 -177.000000 1.000000 0 0 0.000000
10 -1073.284790 -608.607421 284.125000 0.000000 87.000000 0.000000 0.000000 0.000000 1.000000 0.000000 87.000000 1.000000 2 0 0.000000
10 -1169.721801 -611.789611 284.125000 0.000000 87.000000 0.000000 0.000000 0.000000 1.000000 0.000000 87.000000 1.000000 0 0 0.000000
14 -915.538818 -763.811340 343.125000 0.000000 -133.000000 0.000000 0.000000 0.000000 1.000000 0.000000 -133.000000 1.000000 1 0 0.000000
11 -1147.607788 -768.042419 344.125000 0.000000 -90.000000 0.000000 0.000000 0.000000 1.000000 0.000000 -90.000000 1.000000 0 0 0.000000
1 -1215.920166 -758.638671 239.125000 0.000000 -91.000000 0.000000 0.000000 0.000000 1.000000 0.000000 -91.000000 1.000000 0 0 0.000000
15 -896.942138 189.718719 143.125000 0.000000 -90.000000 0.000000 0.000000 0.000000 1.000000 0.000000 -90.000000 1.000000 0 0 0.000000
16 98.800712 -714.304870 483.126129 0.000000 45.000000 0.000000 0.000000 0.000000 1.000000 0.000000 45.000000 1.000000 0 0 0.000000
5 1.703323 -748.664001 561.476196 0.000000 -50.000000 0.000000 0.000000 -0.756822 0.653619 0.000000 -50.000000 1.000000 2 0 0.000000
5 1.379649 -738.904724 483.125671 0.000000 -121.000000 0.000000 0.000000 0.000000 1.000000 0.000000 -121.000000 1.000000 2 0 0.000000
14 1130.262207 790.951354 199.126449 0.000000 -110.000000 0.000000 0.000000 0.000000 1.000000 0.000000 -110.000000 1.000000 1 0 0.000000
11 21.491743 1137.067993 200.125000 0.000000 94.000000 0.000000 0.000000 0.000000 1.000000 0.000000 94.000000 1.000000 0 0 0.000000
11 106.239105 1134.447021 200.125000 0.000000 89.000000 0.000000 0.000000 0.000000 1.000000 0.000000 89.000000 1.000000 0 0 0.000000
11 178.295959 1138.860351 200.125000 0.000000 89.000000 0.000000 0.000000 0.000000 1.000000 0.000000 89.000000 1.000000 0 0 0.000000
11 244.707870 1138.911010 200.125000 0.000000 89.000000 0.000000 0.000000 0.000000 1.000000 0.000000 89.000000 1.000000 0 0 0.000000
11 308.613800 1142.991821 200.125000 0.000000 91.000000 0.000000 0.000000 0.000000 1.000000 0.000000 91.000000 1.000000 0 0 0.000000
11 380.039581 1142.139404 200.125000 0.000000 88.000000 0.000000 0.000000 0.000000 1.000000 0.000000 88.000000 1.000000 0 0 0.000000
11 -751.938781 -96.377143 208.125000 0.000000 -136.000000 0.000000 0.000000 0.000000 1.000000 0.000000 -136.000000 1.000000 0 0 0.000000
11 1531.646484 -1714.649902 200.125000 0.000000 93.000000 0.000000 0.000000 0.000000 1.000000 0.000000 93.000000 1.000000 0 0 0.000000
11 1472.878417 -1715.674804 200.125000 0.000000 93.000000 0.000000 0.000000 0.000000 1.000000 0.000000 93.000000 1.000000 0 0 0.000000
5 1403.256347 -269.095672 146.920425 0.000000 33.000000 0.000000 0.707106 0.000000 0.707106 0.000000 33.000000 1.000000 0 0 0.000000
13 1269.315185 -271.522247 149.492034 0.000000 -1.000000 0.000000 -0.707106 0.000000 0.707106 0.000000 -1.000000 1.000000 0 0 0.000000
4 1226.967407 -110.506164 47.125000 0.000000 -4.000000 0.000000 0.000000 0.000000 1.000000 0.000000 -4.000000 1.000000 2 0 0.000000
4 1226.160644 -219.730468 47.125000 0.000000 -35.000000 0.000000 0.000000 0.000000 1.000000 0.000000 -35.000000 1.000000 2 0 0.000000
11 1432.212890 -191.763458 88.125000 0.000000 -85.000000 0.000000 0.000000 0.000000 1.000000 0.000000 -85.000000 1.000000 2 0 0.000000
14 1404.740600 -303.700927 299.125000 0.000000 -1.000000 0.000000 0.000000 0.000000 1.000000 0.000000 -1.000000 1.000000 1 0 0.000000
16 1268.770019 -236.187896 296.194396 0.000000 -155.000000 0.000000 0.000000 0.316227 0.948683 0.000000 -155.000000 1.000000 0 0 0.000000
16 1319.247680 -236.824981 296.406768 0.000000 -91.000000 0.000000 0.000000 0.316227 0.948683 0.000000 -91.000000 1.000000 0 0 0.000000
16 1368.983154 -233.315780 295.237030 0.000000 -75.000000 0.000000 0.000000 0.316227 0.948683 0.000000 -75.000000 1.000000 0 0 0.000000
13 1265.541503 -77.453613 145.718246 0.000000 -1.000000 0.000000 -0.707106 0.000000 0.707106 0.000000 -1.000000 1.000000 0 0 0.000000
14 -641.122375 -40.683406 311.125000 0.000000 -177.000000 0.000000 0.000000 0.000000 1.000000 0.000000 -177.000000 1.000000 1 0 0.000000
16 1101.994018 -198.370605 175.125000 0.000000 -82.000000 0.000000 0.000000 0.000000 1.000000 0.000000 -82.000000 1.000000 0 0 0.000000
11 1095.916992 -327.026489 200.125000 0.000000 -91.000000 0.000000 0.000000 0.000000 1.000000 0.000000 -91.000000 1.000000 0 0 0.000000
11 1536.621215 -1585.171875 200.125000 0.000000 92.000000 0.000000 0.000000 0.000000 1.000000 0.000000 92.000000 1.000000 0 0 0.000000
11 -1040.378417 676.123901 168.125000 0.000000 177.000000 0.000000 0.000000 0.000000 1.000000 0.000000 177.000000 1.000000 0 0 0.000000
16 -1045.073242 637.448364 178.728454 0.000000 176.000000 0.000000 0.000000 0.707106 0.707106 0.000000 176.000000 1.000000 0 0 0.000000
1 -1105.944946 706.617431 143.125000 0.000000 49.000000 0.000000 0.000000 0.000000 1.000000 0.000000 49.000000 1.000000 0 0 0.000000
14 -1202.249389 630.005676 135.125000 0.000000 -83.000000 0.000000 0.000000 0.000000 1.000000 0.000000 -83.000000 1.000000 0 0 0.000000
1 -1108.846557 635.873474 143.125000 0.000000 -3.000000 0.000000 0.000000 0.000000 1.000000 0.000000 -3.000000 1.000000 0 0 0.000000
16 -958.472717 510.936950 143.125000 0.000000 121.000000 0.000000 0.000000 0.000000 1.000000 0.000000 121.000000 1.000000 0 0 0.000000
1 388.000000 1540.000000 79.125000 0.000000 450.000000 0.000000 0.000000 0.000000 1.000000 0.000000 450.000000 0.000000 0 0 0.000000
15 -1086.436401 -430.578308 239.125015 0.000000 164.000000 0.000000 0.000000 0.000000 1.000000 0.000000 164.000000 1.000000 0 0 0.000000
14 472.913024 1595.388305 199.125000 0.000000 -26.000000 0.000000 0.000000 0.000000 1.000000 0.000000 -26.000000 1.000000 0 0 0.000000
11 -459.473052 -712.533813 264.125000 0.000000 -178.000000 0.000000 0.000000 0.000000 1.000000 0.000000 -178.000000 1.000000 0 0 0.000000
11 1095.291870 -253.758819 200.125000 0.000000 -91.000000 0.000000 0.000000 0.000000 1.000000 0.000000 -91.000000 1.000000 0 0 0.000000
11 1051.960937 -203.871505 200.125000 0.000000 -2.000000 0.000000 0.000000 0.000000 1.000000 0.000000 -2.000000 1.000000 0 0 0.000000
11 -919.133178 -46.124446 248.250000 0.000000 -132.000000 0.000000 0.000000 0.000000 1.000000 0.000000 -132.000000 1.000000 0 0 0.000000
13 358.551696 1621.098510 165.125000 0.000000 92.000000 0.000000 0.000000 0.000000 1.000000 0.000000 92.000000 1.000000 0 0 0.000000
11 -453.434692 -664.123657 264.125000 0.000000 171.000000 0.000000 0.000000 0.000000 1.000000 0.000000 171.000000 1.000000 0 0 0.000000
11 -450.764739 -547.710388 264.125000 0.000000 179.000000 0.000000 0.000000 0.000000 1.000000 0.000000 179.000000 1.000000 0 0 0.000000
15 -948.508544 48.047176 143.125000 0.000000 56.000000 0.000000 0.000000 0.000000 1.000000 0.000000 56.000000 1.000000 0 0 0.000000
13 -484.675598 -606.991638 237.125000 0.000000 -178.000000 0.000000 0.000000 0.000000 1.000000 0.000000 -178.000000 1.000000 0 0 0.000000
11 -446.460388 -503.562896 264.125000 0.000000 168.000000 0.000000 0.000000 0.000000 1.000000 0.000000 168.000000 1.000000 0 0 0.000000
16 131.411849 -609.583679 483.125671 0.000000 -6.000000 0.000000 0.000000 0.000000 1.000000 0.000000 -6.000000 1.000000 0 0 0.000000
16 105.146354 -607.695495 523.250671 0.000000 -54.000000 0.000000 0.000000 0.000000 1.000000 0.000000 -54.000000 1.000000 0 0 0.000000
14 -32.134994 -415.619415 519.125000 0.000000 83.000000 0.000000 0.000000 0.000000 1.000000 0.000000 83.000000 1.000000 0 0 0.000000
14 -13.706145 -588.688049 567.125000 0.000000 -66.000000 0.000000 0.000000 0.000000 1.000000 0.000000 -66.000000 1.000000 0 0 0.000000
11 577.075439 -882.009155 112.125000 0.000000 85.000000 0.000000 0.000000 0.000000 1.000000 0.000000 85.000000 1.000000 0 0 0.000000
13 563.421203 -988.061645 141.125000 0.000000 90.000000 0.000000 0.000000 0.000000 1.000000 0.000000 90.000000 1.000000 0 0 0.000000
11 503.637481 -983.933227 160.125000 0.000000 94.000000 0.000000 0.000000 0.000000 1.000000 0.000000 94.000000 1.000000 0 0 0.000000
15 -590.344177 277.656982 143.125000 0.000000 85.000000 0.000000 0.000000 0.000000 1.000000 0.000000 85.000000 1.000000 0 0 0.000000
15 -590.344177 277.656982 253.250000 0.000000 85.000000 0.000000 0.000000 0.000000 1.000000 0.000000 85.000000 1.000000 0 0 0.000000
14 -1188.519653 -408.175476 235.125000 0.000000 -64.000000 0.000000 0.000000 0.000000 1.000000 0.000000 -64.000000 1.000000 0 0 0.000000
15 -528.550964 275.195831 253.250000 0.000000 93.000000 0.000000 0.000000 0.000000 1.000000 0.000000 93.000000 1.000000 0 0 0.000000
11 563.684692 1096.082275 248.250000 0.000000 17.000000 0.000000 0.000000 0.000000 1.000000 0.000000 17.000000 1.000000 0 1 0.000000
14 363.940887 1620.096191 219.250000 0.000000 94.000000 0.000000 0.000000 0.000000 1.000000 0.000000 94.000000 1.000000 0 2 0.000000
