9 -5108.971679 1956.303955 -59.875000 0.000000 174.000000 0.000000 0.000000 0.000000 1.000000 0.000000 174.000000 1.000000 2 0 0.000000
6 -4371.923339 2206.809326 -54.875000 0.000000 5.000000 0.000000 0.000000 0.000000 1.000000 0.000000 5.000000 1.000000 0 0 0.000000
16 -4375.475097 1846.491210 -48.875000 0.000000 -54.000000 0.000000 0.000000 0.000000 1.000000 0.000000 -54.000000 1.000000 0 0 0.000000
15 -10053.902343 3803.118652 -2990.686279 0.000000 95.000000 0.000000 0.000000 0.099503 0.995037 0.000000 95.000000 1.000000 2 0 0.000000
16 -4353.083496 2275.383544 -48.875000 0.000000 42.000000 0.000000 0.000000 0.000000 1.000000 0.000000 42.000000 1.000000 0 0 0.000000
9 -10062.100585 4652.083496 -3003.875000 0.000000 157.000000 0.000000 0.000000 0.000000 1.000000 0.000000 157.000000 1.000000 27 0 0.000000
9 -7568.925292 1345.628540 1028.125000 0.000000 90.000000 0.000000 0.000000 0.000000 1.000000 0.000000 90.000000 1.000000 27 0 0.000000
12 -9261.524414 4281.866210 -2986.875000 0.000000 173.000000 0.000000 0.000000 0.000000 1.000000 0.000000 173.000000 1.000000 1 0 0.000000
6 -6607.606933 1106.517822 1033.125000 0.000000 -89.000000 0.000000 0.000000 0.000000 1.000000 0.000000 -89.000000 1.000000 0 0 0.000000
15 -10167.720703 4720.082031 -2991.985595 0.000000 16.000000 0.000000 -0.559472 0.000000 0.828848 0.000000 16.000000 1.000000 2 0 0.000000
15 -9564.630859 4669.703125 -2992.875000 0.000000 -1.000000 0.000000 0.000000 0.000000 1.000000 0.000000 -1.000000 1.000000 2 0 0.000000
14 -9553.053710 4518.454101 -2616.875000 0.000000 -78.000000 0.000000 0.000000 0.000000 1.000000 0.000000 -78.000000 1.000000 1 0 0.000000
10 -10116.408203 4250.014648 -2987.875000 0.000000 87.000000 0.000000 0.000000 0.000000 1.000000 0.000000 87.000000 1.000000 2 0 0.000000
16 -9501.687500 5022.983398 -2776.875000 0.000000 175.000000 0.000000 0.000000 0.000000 1.000000 0.000000 175.000000 1.000000 2 0 0.000000
10 -10190.534179 4257.648437 -2987.875000 0.000000 89.000000 0.000000 0.000000 0.000000 1.000000 0.000000 89.000000 1.000000 2 0 0.000000
15 -9573.020507 4744.184082 -2992.875000 0.000000 0.000000 0.000000 0.000000 0.000000 1.000000 0.000000 0.000000 1.000000 2 0 0.000000
11 -10117.552734 4206.434570 -2967.875000 0.000000 88.000000 0.000000 0.000000 0.000000 1.000000 0.000000 88.000000 1.000000 2 0 0.000000
10 -10181.815429 4064.140380 -2987.875000 0.000000 90.000000 0.000000 0.000000 0.000000 1.000000 0.000000 90.000000 1.000000 2 0 0.000000
16 -9484.603515 4139.142089 -2736.875000 0.000000 -2.000000 0.000000 0.000000 0.000000 1.000000 0.000000 -2.000000 1.000000 2 0 0.000000
11 -9639.146484 4841.757812 -2967.875000 0.000000 -2.000000 0.000000 0.000000 0.000000 1.000000 0.000000 -2.000000 1.000000 2 0 0.000000
15 -10164.979492 4822.169433 -2990.135498 0.000000 0.000000 0.000000 -0.559472 0.000000 0.828848 0.000000 0.000000 1.000000 2 0 0.000000
16 -9500.635742 3883.021972 -2992.875000 0.000000 0.000000 0.000000 0.000000 0.000000 1.000000 0.000000 0.000000 1.000000 0 0 0.000000
15 -9562.038085 4821.417480 -2992.875000 0.000000 -1.000000 0.000000 0.000000 0.000000 1.000000 0.000000 -1.000000 1.000000 2 0 0.000000
16 -9712.187500 3877.624511 -2800.875000 0.000000 -138.000000 0.000000 0.000000 0.000000 1.000000 0.000000 -138.000000 1.000000 0 0 0.000000
14 -10151.541015 3884.966308 -2780.970214 0.000000 175.000000 0.000000 -0.566528 0.000000 0.824041 0.000000 175.000000 1.000000 1 0 0.000000
14 -9721.460937 4210.746093 -3000.875000 0.000000 125.000000 0.000000 0.000000 0.000000 1.000000 0.000000 125.000000 1.000000 1 0 0.000000
15 -9530.312500 4389.333496 -2736.875000 0.000000 -101.000000 0.000000 0.000000 0.000000 1.000000 0.000000 -101.000000 1.000000 0 0 0.000000
14 -9498.342773 4518.126464 -2744.875000 0.000000 18.000000 0.000000 0.000000 0.000000 1.000000 0.000000 18.000000 1.000000 1 0 0.000000
11 -10088.938476 3867.115234 -2713.868652 0.000000 -92.000000 0.000000 -0.566528 0.000000 0.824041 0.000000 -92.000000 1.000000 2 0 0.000000
10 -10119.810546 4142.041992 -2987.875000 0.000000 90.000000 0.000000 0.000000 0.000000 1.000000 0.000000 90.000000 1.000000 2 0 0.000000
10 -9989.479492 4836.987304 -2987.875000 0.000000 177.000000 0.000000 0.000000 0.000000 1.000000 0.000000 177.000000 1.000000 2 0 0.000000
10 -10086.562500 4513.663085 -2987.875000 0.000000 88.000000 0.000000 0.000000 0.000000 1.000000 0.000000 88.000000 1.000000 2 0 0.000000
10 -10185.625000 4141.797363 -2987.875000 0.000000 90.000000 0.000000 0.000000 0.000000 1.000000 0.000000 90.000000 1.000000 1 0 0.000000
10 -10118.039062 4064.908447 -2987.875000 0.000000 90.000000 0.000000 0.000000 0.000000 1.000000 0.000000 90.000000 1.000000 2 0 0.000000
13 -9520.994140 4825.968261 -2778.875000 0.000000 0.000000 0.000000 0.000000 0.000000 1.000000 0.000000 0.000000 1.000000 2 0 0.000000
10 -9434.448242 5017.549804 -2771.875000 0.000000 175.000000 0.000000 0.000000 0.000000 1.000000 0.000000 175.000000 1.000000 2 0 0.000000
16 -9478.181640 4524.564941 -2744.875000 0.000000 16.000000 0.000000 0.000000 0.000000 1.000000 0.000000 16.000000 1.000000 0 0 0.000000
11 -10187.913085 4207.664550 -2967.875000 0.000000 88.000000 0.000000 0.000000 0.000000 1.000000 0.000000 88.000000 1.000000 2 0 0.000000
16 -8623.968750 2494.996093 -3632.875000 0.000000 -91.000000 0.000000 0.000000 0.000000 1.000000 0.000000 -91.000000 1.000000 0 0 0.000000
9 -8487.846679 2210.085449 -3643.875000 0.000000 -119.000000 0.000000 0.000000 0.000000 1.000000 0.000000 -119.000000 1.000000 25 0 0.000000
16 -8600.200195 2086.430908 143.125000 0.000000 -108.000000 0.000000 0.000000 0.000000 1.000000 0.000000 -108.000000 1.000000 0 0 0.000000
10 -9992.892578 2337.187744 532.125000 0.000000 7.000000 0.000000 0.000000 0.000000 1.000000 0.000000 7.000000 1.000000 2 0 0.000000
11 -9897.709960 3761.767822 -2963.451171 0.000000 47.000000 0.000000 0.000000 0.099503 0.995037 0.000000 47.000000 1.000000 2 0 0.000000
11 -10027.969726 3495.298095 -2831.875000 0.000000 -41.000000 0.000000 0.000000 0.000000 1.000000 0.000000 -41.000000 1.000000 2 0 0.000000
16 -8648.804687 2143.772949 143.125000 0.000000 -143.000000 0.000000 0.000000 0.000000 1.000000 0.000000 -143.000000 1.000000 0 0 0.000000
9 -9915.107421 3499.179199 -2971.875000 0.000000 -53.000000 0.000000 0.000000 0.000000 1.000000 0.000000 -53.000000 1.000000 26 0 0.000000
15 -9914.070312 2415.750732 527.125000 0.000000 136.000000 0.000000 0.000000 0.000000 1.000000 0.000000 136.000000 1.000000 2 0 0.000000
16 -8622.760742 2396.499023 -3632.875000 0.000000 -90.000000 0.000000 0.000000 0.000000 1.000000 0.000000 -90.000000 1.000000 0 0 0.000000
10 -9970.791992 3497.561035 -2851.875000 0.000000 -1.000000 0.000000 0.000000 0.000000 1.000000 0.000000 -1.000000 1.000000 0 0 0.000000
10 -9907.881835 3695.493896 -2851.875000 0.000000 90.000000 0.000000 0.000000 0.000000 1.000000 0.000000 90.000000 1.000000 0 0 0.000000
15 -10194.664062 2417.158691 207.125000 0.000000 126.000000 0.000000 0.000000 0.000000 1.000000 0.000000 126.000000 1.000000 0 0 0.000000
9 -10234.728515 2325.248291 516.125000 0.000000 -179.000000 0.000000 0.000000 0.000000 1.000000 0.000000 -179.000000 1.000000 6 0 0.000000
14 -10075.747070 3501.243408 -2969.098876 0.000000 -90.000000 0.000000 0.000000 0.099503 0.995037 0.000000 -90.000000 1.000000 1 0 0.000000
10 -9754.938476 2310.131835 532.125000 0.000000 -5.000000 0.000000 0.000000 0.000000 1.000000 0.000000 -5.000000 1.000000 2 0 0.000000
16 -8593.748046 2148.349853 143.125000 0.000000 -137.000000 0.000000 0.000000 0.000000 1.000000 0.000000 -137.000000 1.000000 0 0 0.000000
16 -8641.895507 2102.492431 143.125000 0.000000 -137.000000 0.000000 0.000000 0.000000 1.000000 0.000000 -137.000000 1.000000 0 0 0.000000
13 -9929.520507 3566.039794 -2952.750000 0.000000 1.000000 0.000000 0.000000 0.000000 1.000000 0.000000 1.000000 1.000000 0 0 0.000000
10 -9907.792968 3589.113281 -2851.875000 0.000000 90.000000 0.000000 0.000000 0.000000 1.000000 0.000000 90.000000 1.000000 0 0 0.000000
9 -10500.200195 4182.085937 -3003.875000 0.000000 -24.000000 0.000000 0.000000 0.000000 1.000000 0.000000 -24.000000 1.000000 26 0 0.000000
16 -8542.348632 2202.638183 143.125000 0.000000 -114.000000 0.000000 0.000000 0.000000 1.000000 0.000000 -114.000000 1.000000 0 0 0.000000
16 -8515.632812 2254.607177 143.125000 0.000000 -44.000000 0.000000 0.000000 0.000000 1.000000 0.000000 -44.000000 1.000000 0 0 0.000000
10 -9992.562500 3747.020019 -2851.875000 0.000000 160.000000 0.000000 0.000000 0.000000 1.000000 0.000000 160.000000 1.000000 0 0 0.000000
14 -10103.320312 3507.309082 -2864.875000 0.000000 -143.000000 0.000000 0.000000 0.000000 1.000000 0.000000 -143.000000 1.000000 1 0 0.000000
15 -10274.597656 2415.811767 527.125000 0.000000 137.000000 0.000000 0.000000 0.000000 1.000000 0.000000 137.000000 1.000000 2 0 0.000000
15 -10098.789062 2415.054443 527.125000 0.000000 137.000000 0.000000 0.000000 0.000000 1.000000 0.000000 137.000000 1.000000 2 0 0.000000
15 -10008.119140 2415.729980 527.125000 0.000000 136.000000 0.000000 0.000000 0.000000 1.000000 0.000000 136.000000 1.000000 2 0 0.000000
15 -9809.572265 2411.535400 527.125000 0.000000 136.000000 0.000000 0.000000 0.000000 1.000000 0.000000 136.000000 1.000000 2 0 0.000000
12 -9938.842773 3658.978271 -2978.372314 0.000000 89.000000 0.000000 0.000000 0.099503 0.995037 0.000000 89.000000 1.000000 2 0 0.000000
15 -9722.504882 2390.568359 527.125000 0.000000 31.000000 0.000000 0.000000 0.000000 1.000000 0.000000 31.000000 1.000000 2 0 0.000000
10 -10054.875000 3588.883056 -2965.862792 0.000000 86.000000 0.000000 0.000000 0.099503 0.995037 0.000000 86.000000 1.000000 0 0 0.000000
15 -10192.103515 2413.740722 527.125000 0.000000 126.000000 0.000000 0.000000 0.000000 1.000000 0.000000 126.000000 1.000000 2 0 0.000000
13 -9874.179687 2332.798583 525.125000 0.000000 -1.000000 0.000000 0.000000 0.000000 1.000000 0.000000 -1.000000 1.000000 2 0 0.000000
11 -10084.942382 2338.516601 552.125000 0.000000 178.000000 0.000000 0.000000 0.000000 1.000000 0.000000 178.000000 1.000000 2 0 0.000000
16 -8667.257812 2541.568603 -3632.875000 0.000000 104.000000 0.000000 0.000000 0.000000 1.000000 0.000000 104.000000 1.000000 0 0 0.000000
10 -9998.765625 3501.143798 -2957.088867 0.000000 -90.000000 0.000000 0.000000 0.099503 0.995037 0.000000 -90.000000 1.000000 2 0 0.000000
13 -4292.403808 2284.353027 -50.875000 0.000000 -179.000000 0.000000 0.000000 0.000000 1.000000 0.000000 -179.000000 1.000000 0 0 0.000000
10 -9906.451171 3501.027832 -2851.875000 0.000000 1.000000 0.000000 0.000000 0.000000 1.000000 0.000000 1.000000 1.000000 0 0 0.000000
12 -10086.488281 3623.148193 -2858.875000 0.000000 85.000000 0.000000 0.000000 0.000000 1.000000 0.000000 85.000000 1.000000 2 0 0.000000
10 -10097.779296 3648.839111 -2971.858398 0.000000 62.000000 0.000000 0.000000 0.099503 0.995037 0.000000 62.000000 1.000000 0 0 0.000000
9 -8714.143554 2041.760131 132.125000 0.000000 -178.000000 0.000000 0.000000 0.000000 1.000000 0.000000 -178.000000 1.000000 25 0 0.000000
9 -8596.579101 2204.419433 -2495.840332 0.000000 -41.000000 0.000000 -0.999462 0.000000 0.032769 0.000000 -41.000000 1.000000 25 0 0.000000
11 -9966.993164 3746.192871 -2961.893798 0.000000 74.000000 0.000000 0.000000 0.099503 0.995037 0.000000 74.000000 1.000000 2 0 0.000000
10 -10016.019531 3645.131591 -2971.487548 0.000000 109.000000 0.000000 0.000000 0.099503 0.995037 0.000000 109.000000 1.000000 0 0 0.000000
16 -8622.745117 2445.941406 -3632.875000 0.000000 -90.000000 0.000000 0.000000 0.000000 1.000000 0.000000 -90.000000 1.000000 0 0 0.000000
5 -8607.248046 2198.565917 -3632.875000 0.000000 -88.000000 0.000000 0.000000 0.000000 1.000000 0.000000 -88.000000 1.000000 1 0 0.000000
16 -8624.230468 2569.071289 -3632.875000 0.000000 90.000000 0.000000 0.000000 0.000000 1.000000 0.000000 90.000000 1.000000 0 0 0.000000
16 -8576.286132 2538.354492 -3632.875000 0.000000 66.000000 0.000000 0.000000 0.000000 1.000000 0.000000 66.000000 1.000000 0 0 0.000000
15 -10081.650390 3742.400146 -2656.875000 0.000000 74.000000 0.000000 0.000000 0.000000 1.000000 0.000000 74.000000 1.000000 2 0 0.000000
10 -10094.007812 3730.077148 -2851.875000 0.000000 82.000000 0.000000 0.000000 0.000000 1.000000 0.000000 82.000000 1.000000 0 0 0.000000
9 -5702.608398 3731.127685 -635.875000 0.000000 0.000000 0.000000 0.000000 0.000000 1.000000 0.000000 0.000000 1.000000 3 0 0.000000
13 -6969.583984 3276.973876 -882.875000 0.000000 88.000000 0.000000 0.000000 0.000000 1.000000 0.000000 88.000000 1.000000 2 0 0.000000
9 -7202.771972 1782.422485 1028.125000 0.000000 178.000000 0.000000 0.000000 0.000000 1.000000 0.000000 178.000000 1.000000 4 0 0.000000
15 -7953.003417 2478.138671 1039.125000 0.000000 91.000000 0.000000 0.000000 0.000000 1.000000 0.000000 91.000000 1.000000 0 0 0.000000
10 -7316.487304 1771.321166 1044.125000 0.000000 170.000000 0.000000 0.000000 0.000000 1.000000 0.000000 170.000000 1.000000 0 0 0.000000
9 -8026.783203 2356.264404 1028.125000 0.000000 95.000000 0.000000 0.000000 0.000000 1.000000 0.000000 95.000000 1.000000 4 0 0.000000
16 -7845.405273 2280.580566 1039.125000 0.000000 -54.000000 0.000000 0.000000 0.000000 1.000000 0.000000 -54.000000 1.000000 0 0 0.000000
16 -7725.812988 2211.046386 1039.125000 0.000000 -91.000000 0.000000 0.000000 0.000000 1.000000 0.000000 -91.000000 1.000000 0 0 0.000000
10 -7378.903808 1755.608032 1044.125000 0.000000 -92.000000 0.000000 0.000000 0.000000 1.000000 0.000000 -92.000000 1.000000 0 0 0.000000
9 -5192.323242 3671.418701 -59.875000 0.000000 13.000000 0.000000 0.000000 0.000000 1.000000 0.000000 13.000000 1.000000 3 0 0.000000
16 -6361.366210 3545.554931 -624.875000 0.000000 -137.000000 0.000000 0.000000 0.000000 1.000000 0.000000 -137.000000 1.000000 2 0 0.000000
14 -7699.807617 1742.085205 1031.125000 0.000000 -167.000000 0.000000 0.000000 0.000000 1.000000 0.000000 -167.000000 1.000000 1 0 0.000000
16 -7769.001464 2191.314453 1039.125000 0.000000 -53.000000 0.000000 0.000000 0.000000 1.000000 0.000000 -53.000000 1.000000 0 0 0.000000
16 -7867.102539 2138.195068 1039.125000 0.000000 0.000000 0.000000 0.000000 0.000000 1.000000 0.000000 0.000000 1.000000 0 0 0.000000
16 -7729.964843 2146.014404 1039.125000 0.000000 -51.000000 0.000000 0.000000 0.000000 1.000000 0.000000 -51.000000 1.000000 0 0 0.000000
16 -7725.700195 2278.151611 1039.125000 0.000000 -91.000000 0.000000 0.000000 0.000000 1.000000 0.000000 -91.000000 1.000000 0 0 0.000000
16 -7817.673828 2142.436523 1039.125000 0.000000 0.000000 0.000000 0.000000 0.000000 1.000000 0.000000 0.000000 1.000000 0 0 0.000000
9 -7747.711425 2163.261230 1068.250000 0.000000 -47.000000 0.000000 0.000000 0.000000 1.000000 0.000000 -47.000000 1.000000 5 0 0.000000
9 -8232.492187 2098.161132 1028.499877 0.000000 -17.000000 0.000000 0.000000 0.279999 0.959999 0.000000 -17.000000 1.000000 5 0 0.000000
15 -5707.383300 3555.860107 -608.875000 0.000000 90.000000 0.000000 0.000000 0.000000 1.000000 0.000000 90.000000 1.000000 2 0 0.000000
14 -2840.312255 1626.618408 -136.875000 0.000000 -174.000000 0.000000 0.000000 0.000000 1.000000 0.000000 -174.000000 1.000000 1 0 0.000000
13 -7587.884277 2502.683593 -3610.875000 0.000000 -179.000000 0.000000 0.000000 0.000000 1.000000 0.000000 -179.000000 1.000000 0 0 0.000000
13 -9878.603515 3023.675537 205.125000 0.000000 -88.000000 0.000000 0.000000 0.000000 1.000000 0.000000 -88.000000 1.000000 2 0 0.000000
1 -8173.561523 2360.426269 955.714172 0.000000 -51.000000 0.000000 0.000000 0.279999 0.959999 0.000000 -51.000000 1.000000 1 0 0.000000
1 -8171.646972 2996.311035 770.247741 0.000000 84.000000 0.000000 0.000000 0.279999 0.959999 0.000000 84.000000 1.000000 1 0 0.000000
13 -10266.074218 3033.861572 205.125000 0.000000 -94.000000 0.000000 0.000000 0.000000 1.000000 0.000000 -94.000000 1.000000 2 0 0.000000
13 -7040.761718 3277.554931 -882.875000 0.000000 91.000000 0.000000 0.000000 0.000000 1.000000 0.000000 91.000000 1.000000 2 0 0.000000
1 -8363.346679 3301.544921 681.221191 0.000000 91.000000 0.000000 0.000000 0.279999 0.959999 0.000000 91.000000 1.000000 1 0 0.000000
6 -6791.798339 2989.605468 -886.875000 0.000000 -56.000000 0.000000 0.000000 0.000000 1.000000 0.000000 -56.000000 1.000000 0 0 0.000000
8 -9659.186523 3675.111083 556.818847 0.000000 -88.000000 0.000000 -0.033314 0.000000 0.999444 0.000000 -88.000000 1.000000 0 0 0.000000
13 -7868.674804 2514.299804 -3618.875000 0.000000 1.000000 0.000000 0.000000 0.000000 1.000000 0.000000 1.000000 1.000000 0 0 0.000000
10 -7462.189453 1745.751831 1044.125000 0.000000 -103.000000 0.000000 0.000000 0.000000 1.000000 0.000000 -103.000000 1.000000 0 0 0.000000
10 -7522.278808 1749.352905 1044.125000 0.000000 -103.000000 0.000000 0.000000 0.000000 1.000000 0.000000 -103.000000 1.000000 0 0 0.000000
1 -8362.805664 2655.887695 869.537902 0.000000 87.000000 0.000000 0.000000 0.279999 0.959999 0.000000 87.000000 1.000000 1 0 0.000000
15 -8095.549804 2360.137695 1103.125000 0.000000 171.000000 0.000000 0.000000 0.000000 1.000000 0.000000 171.000000 1.000000 0 0 0.000000
14 -8754.084960 2027.238525 -3640.875000 0.000000 -69.000000 0.000000 0.000000 0.000000 1.000000 0.000000 -69.000000 1.000000 1 0 0.000000
16 -7883.820800 2328.502929 1039.125000 0.000000 -58.000000 0.000000 0.000000 0.000000 1.000000 0.000000 -58.000000 1.000000 0 0 0.000000
13 -9713.579101 2998.594482 205.125000 0.000000 -97.000000 0.000000 0.000000 0.000000 1.000000 0.000000 -97.000000 1.000000 2 0 0.000000
16 -7805.712890 2240.319824 1039.125000 0.000000 -54.000000 0.000000 0.000000 0.000000 1.000000 0.000000 -54.000000 1.000000 0 0 0.000000
10 -8106.162109 2517.222900 -3619.875000 0.000000 0.000000 0.000000 0.000000 0.000000 1.000000 0.000000 0.000000 1.000000 0 0 0.000000
14 -6733.390136 4407.104003 -3384.875000 0.000000 -111.000000 0.000000 0.000000 0.000000 1.000000 0.000000 -111.000000 1.000000 1 0 0.000000
15 -2075.172119 1210.921142 15.125000 0.000000 104.000000 0.000000 0.000000 0.000000 1.000000 0.000000 104.000000 1.000000 2 0 0.000000
1 -8358.202148 2112.617675 1027.991699 0.000000 161.000000 0.000000 0.000000 0.279999 0.959999 0.000000 161.000000 1.000000 1 0 0.000000
13 -2697.861816 1572.364624 -108.434043 0.000000 118.000000 0.000000 0.000000 0.164398 0.986393 0.000000 118.000000 1.000000 2 0 0.000000
15 -4693.971191 2172.401123 -48.375000 0.000000 149.000000 0.000000 0.000000 0.000000 1.000000 0.000000 149.000000 1.000000 0 0 0.000000
15 -5240.563476 2157.407470 -48.875000 0.000000 -1.000000 0.000000 0.000000 0.000000 1.000000 0.000000 -1.000000 1.000000 2 0 0.000000
15 -5240.195800 2258.149658 -48.875000 0.000000 -1.000000 0.000000 0.000000 0.000000 1.000000 0.000000 -1.000000 1.000000 2 0 0.000000
15 -5244.940429 1859.473632 -48.875000 0.000000 1.000000 0.000000 0.000000 0.000000 1.000000 0.000000 1.000000 1.000000 2 0 0.000000
16 -4342.285156 2056.003417 -48.875000 0.000000 0.000000 0.000000 0.000000 0.000000 1.000000 0.000000 0.000000 1.000000 0 0 0.000000
16 -5333.014160 1842.886230 -48.875000 0.000000 -76.000000 0.000000 0.000000 0.000000 1.000000 0.000000 -76.000000 1.000000 2 0 0.000000
15 -5177.089843 3561.079101 -48.875000 0.000000 0.000000 0.000000 0.000000 0.000000 1.000000 0.000000 0.000000 1.000000 0 0 0.000000
6 -3375.556884 2051.654296 -54.875000 0.000000 2.000000 0.000000 0.000000 0.000000 1.000000 0.000000 2.000000 1.000000 2 0 0.000000
10 -5398.798339 2990.718017 -43.875000 0.000000 109.000000 0.000000 0.000000 0.000000 1.000000 0.000000 109.000000 1.000000 2 0 0.000000
15 -4640.889648 1983.446411 -48.875000 0.000000 162.000000 0.000000 0.000000 0.000000 1.000000 0.000000 162.000000 1.000000 0 0 0.000000
15 -4640.185058 2090.348876 -48.375000 0.000000 151.000000 0.000000 0.000000 0.000000 1.000000 0.000000 151.000000 1.000000 0 0 0.000000
15 -5240.873535 2065.566894 -48.875000 0.000000 -1.000000 0.000000 0.000000 0.000000 1.000000 0.000000 -1.000000 1.000000 2 0 0.000000
15 -5245.024902 1965.976684 -48.875000 0.000000 -3.000000 0.000000 0.000000 0.000000 1.000000 0.000000 -3.000000 1.000000 2 0 0.000000
15 -4826.256835 2045.533447 -48.875000 0.000000 -88.000000 0.000000 0.000000 0.000000 1.000000 0.000000 -88.000000 1.000000 0 0 0.000000
10 -3288.466308 2098.902343 148.125000 0.000000 -178.000000 0.000000 0.000000 0.000000 1.000000 0.000000 -178.000000 1.000000 2 0 0.000000
14 -4210.412109 2064.540283 -56.875000 0.000000 87.000000 0.000000 0.000000 0.000000 1.000000 0.000000 87.000000 1.000000 1 0 0.000000
13 -4300.312500 1832.880981 -50.875000 0.000000 -1.000000 0.000000 0.000000 0.000000 1.000000 0.000000 -1.000000 1.000000 2 0 0.000000
10 -3298.468994 2018.099731 148.125000 0.000000 -177.000000 0.000000 0.000000 0.000000 1.000000 0.000000 -177.000000 1.000000 2 0 0.000000
9 -1409.323364 1613.895141 4.125000 0.000000 94.000000 0.000000 0.000000 0.000000 1.000000 0.000000 94.000000 1.000000 1 0 0.000000
1 -1441.003662 1498.685791 271.125000 0.000000 77.000000 0.000000 0.000000 0.000000 1.000000 0.000000 77.000000 1.000000 0 0 0.000000
14 -3319.432617 2261.072998 -56.875000 0.000000 14.000000 0.000000 0.000000 0.000000 1.000000 0.000000 14.000000 1.000000 1 0 0.000000
9 -1406.617187 2337.902587 4.125000 0.000000 75.000000 0.000000 0.000000 0.000000 1.000000 0.000000 75.000000 1.000000 0 0 0.000000
14 -3328.882080 1857.278198 -56.875000 0.000000 -85.000000 0.000000 0.000000 0.000000 1.000000 0.000000 -85.000000 1.000000 1 0 0.000000
13 -2269.939941 2084.317871 13.125000 0.000000 -174.000000 0.000000 0.000000 0.000000 1.000000 0.000000 -174.000000 1.000000 2 0 0.000000
13 -2460.487304 2032.018310 20.432201 0.000000 -177.000000 0.000000 0.152057 0.000000 0.988371 0.000000 -177.000000 1.000000 2 0 0.000000
10 -1967.206787 2201.822265 20.125000 0.000000 62.000000 0.000000 0.000000 0.000000 1.000000 0.000000 62.000000 1.000000 2 0 0.000000
10 -1710.913940 2270.149658 20.125000 0.000000 78.000000 0.000000 0.000000 0.000000 1.000000 0.000000 78.000000 1.000000 0 0 0.000000
10 -1838.569335 2215.727539 20.125000 0.000000 75.000000 0.000000 0.000000 0.000000 1.000000 0.000000 75.000000 1.000000 2 0 0.000000
15 -1510.821166 1176.824340 271.125000 0.000000 80.000000 0.000000 0.000000 0.000000 1.000000 0.000000 80.000000 1.000000 0 0 0.000000
16 -2732.099365 1983.289672 61.141746 0.000000 -132.000000 0.000000 0.152057 0.000000 0.988371 0.000000 -132.000000 1.000000 2 0 0.000000
10 -2610.243408 2057.960449 48.933139 0.000000 0.000000 0.000000 0.152057 0.000000 0.988371 0.000000 0.000000 1.000000 2 0 0.000000
11 -2921.170654 2225.316650 116.306564 0.000000 86.000000 0.000000 0.152057 0.000000 0.988371 0.000000 86.000000 1.000000 2 0 0.000000
13 -2460.700195 2092.906494 20.464952 0.000000 -177.000000 0.000000 0.152057 0.000000 0.988371 0.000000 -177.000000 1.000000 2 0 0.000000
11 -2913.489746 1888.449951 115.124885 0.000000 -8.000000 0.000000 0.152057 0.000000 0.988371 0.000000 -8.000000 1.000000 2 0 0.000000
16 -2850.181152 2130.779785 79.308174 0.000000 106.000000 0.000000 0.152057 0.000000 0.988371 0.000000 106.000000 1.000000 2 0 0.000000
10 -3090.893554 2216.185791 122.879318 0.000000 1.000000 0.000000 0.152057 0.000000 0.988371 0.000000 1.000000 1.000000 2 0 0.000000
14 -2908.874511 1864.255371 162.249893 0.000000 -23.000000 0.000000 0.000000 0.000000 1.000000 0.000000 -23.000000 1.000000 1 0 0.000000
10 -3071.488281 1894.622192 119.893890 0.000000 0.000000 0.000000 0.152057 0.000000 0.988371 0.000000 0.000000 1.000000 2 0 0.000000
16 -3320.211914 2050.887695 -48.875000 0.000000 0.000000 0.000000 0.000000 0.000000 1.000000 0.000000 0.000000 1.000000 2 0 0.000000
16 -4360.945312 2056.790283 -48.875000 0.000000 0.000000 0.000000 0.000000 0.000000 1.000000 0.000000 0.000000 1.000000 2 0 0.000000
11 -5339.804687 1916.683227 -23.875000 0.000000 -76.000000 0.000000 0.000000 0.000000 1.000000 0.000000 -76.000000 1.000000 2 0 0.000000
14 -5360.112304 3413.783447 -56.875000 0.000000 -88.000000 0.000000 0.000000 0.000000 1.000000 0.000000 -88.000000 1.000000 1 0 0.000000
11 -3427.379638 1371.387573 -71.875000 0.000000 179.000000 0.000000 0.000000 0.000000 1.000000 0.000000 179.000000 1.000000 2 0 0.000000
14 -3158.673339 1076.945434 -136.875000 0.000000 10.000000 0.000000 0.000000 0.000000 1.000000 0.000000 10.000000 1.000000 1 0 0.000000
13 -6666.873046 3781.920410 -3482.875000 0.000000 -88.000000 0.000000 0.000000 0.000000 1.000000 0.000000 -88.000000 1.000000 0 0 0.000000
15 -5370.750000 1202.793823 207.125000 0.000000 -93.000000 0.000000 0.000000 0.000000 1.000000 0.000000 -93.000000 1.000000 2 0 0.000000
14 -9721.049804 2214.211425 199.125000 0.000000 3.000000 0.000000 0.000000 0.000000 1.000000 0.000000 3.000000 1.000000 1 0 0.000000
3 -1519.989990 1207.499267 15.125000 0.000000 87.000000 0.000000 0.000000 0.000000 1.000000 0.000000 87.000000 1.000000 2 0 0.000000
9 -9923.107421 3040.752441 196.125000 0.000000 -90.000000 0.000000 0.000000 0.000000 1.000000 0.000000 -90.000000 1.000000 6 0 0.000000
16 -9112.814453 2215.980712 143.125000 0.000000 -179.000000 0.000000 0.000000 0.000000 1.000000 0.000000 -179.000000 1.000000 2 0 0.000000
15 -10297.539062 1143.558349 -48.875000 0.000000 178.000000 0.000000 0.000000 0.000000 1.000000 0.000000 178.000000 1.000000 0 0 0.000000
15 -5247.369140 989.550659 1039.125000 0.000000 -165.000000 0.000000 0.000000 0.000000 1.000000 0.000000 -165.000000 1.000000 0 0 0.000000
14 -8543.103515 2078.228759 135.125000 0.000000 -92.000000 0.000000 0.000000 0.000000 1.000000 0.000000 -92.000000 1.000000 1 0 0.000000
9 -10272.410156 1359.555419 260.125000 0.000000 174.000000 0.000000 0.000000 0.000000 1.000000 0.000000 174.000000 1.000000 22 0 0.000000
6 -10255.598632 1065.494018 265.125000 0.000000 -88.000000 0.000000 0.000000 0.000000 1.000000 0.000000 -88.000000 1.000000 0 0 0.000000
13 -7261.504394 2503.247314 -3610.875000 0.000000 0.000000 0.000000 0.000000 0.000000 1.000000 0.000000 0.000000 1.000000 0 0 0.000000
15 -7255.827636 4654.613281 -3058.770507 0.000000 89.000000 0.000000 0.124034 0.000000 0.992277 0.000000 89.000000 1.000000 2 0 0.000000
10 -5209.188964 1211.712890 212.125000 0.000000 0.000000 0.000000 0.000000 0.000000 1.000000 0.000000 0.000000 1.000000 2 0 0.000000
7 -9626.359375 3814.283447 562.413085 0.000000 -175.000000 0.000000 -0.033314 0.000000 0.999444 0.000000 -175.000000 1.000000 2 0 0.000000
13 -9790.653320 3013.103271 205.125000 0.000000 -97.000000 0.000000 0.000000 0.000000 1.000000 0.000000 -97.000000 1.000000 2 0 0.000000
13 -10190.308593 3026.102783 205.125000 0.000000 -94.000000 0.000000 0.000000 0.000000 1.000000 0.000000 -94.000000 1.000000 2 0 0.000000
1 -3109.930908 1352.145996 -96.875000 0.000000 -1.000000 0.000000 0.000000 0.000000 1.000000 0.000000 -1.000000 1.000000 1 0 0.000000
16 -5171.754882 1010.448913 1039.125000 0.000000 171.000000 0.000000 0.000000 0.000000 1.000000 0.000000 171.000000 1.000000 0 0 0.000000
14 -9721.049804 2214.211425 199.125000 0.000000 3.000000 0.000000 0.000000 0.000000 1.000000 0.000000 3.000000 1.000000 1 0 0.000000
9 -8889.438476 2043.369750 132.125000 0.000000 -75.000000 0.000000 0.000000 0.000000 1.000000 0.000000 -75.000000 1.000000 7 0 0.000000
13 -9961.500976 3031.704101 205.125000 0.000000 -94.000000 0.000000 0.000000 0.000000 1.000000 0.000000 -94.000000 1.000000 2 0 0.000000
13 -10118.062500 3029.128173 205.125000 0.000000 -94.000000 0.000000 0.000000 0.000000 1.000000 0.000000 -94.000000 1.000000 2 0 0.000000
6 -10249.853515 1600.175781 265.125000 0.000000 91.000000 0.000000 0.000000 0.000000 1.000000 0.000000 91.000000 1.000000 0 0 0.000000
13 -6673.403320 3511.608398 -3506.875000 0.000000 -89.000000 0.000000 0.000000 0.000000 1.000000 0.000000 -89.000000 1.000000 0 0 0.000000
9 -8724.545898 2363.555419 132.125000 0.000000 -177.000000 0.000000 0.000000 0.000000 1.000000 0.000000 -177.000000 1.000000 7 0 0.000000
2 -8201.603515 3801.282714 652.552490 0.000000 97.000000 0.000000 -0.235702 -0.235702 0.942809 0.000000 97.000000 1.000000 2 0 0.000000
15 -6648.278808 4466.195800 -3408.875000 0.000000 -6.000000 0.000000 0.000000 0.000000 1.000000 0.000000 -6.000000 1.000000 2 0 0.000000
9 -6632.348144 2555.760742 -3603.875000 0.000000 14.000000 0.000000 0.000000 0.000000 1.000000 0.000000 14.000000 1.000000 8 0 0.000000
6 -8483.894531 2034.929443 -3638.875000 0.000000 -124.000000 0.000000 0.000000 0.000000 1.000000 0.000000 -124.000000 1.000000 0 0 0.000000
13 -6673.134765 3072.509765 -3554.875000 0.000000 -87.000000 0.000000 0.000000 0.000000 1.000000 0.000000 -87.000000 1.000000 0 0 0.000000
13 -6669.091308 2857.861328 -3578.875000 0.000000 89.000000 0.000000 0.000000 0.000000 1.000000 0.000000 89.000000 1.000000 0 0 0.000000
15 -7310.209960 4355.570800 -3056.875000 0.000000 -111.000000 0.000000 0.000000 0.000000 1.000000 0.000000 -111.000000 1.000000 2 0 0.000000
13 -10039.943359 3033.145751 205.125000 0.000000 -94.000000 0.000000 0.000000 0.000000 1.000000 0.000000 -94.000000 1.000000 2 0 0.000000
15 -9023.146484 2331.240478 143.125000 0.000000 90.000000 0.000000 0.000000 0.000000 1.000000 0.000000 90.000000 1.000000 0 0 0.000000
15 -4951.208984 1350.499267 -432.875000 0.000000 178.000000 0.000000 0.000000 0.000000 1.000000 0.000000 178.000000 1.000000 2 0 0.000000
13 -6675.167968 4327.849121 -3434.875000 0.000000 89.000000 0.000000 0.000000 0.000000 1.000000 0.000000 89.000000 1.000000 0 0 0.000000
6 -8529.030273 2377.366699 137.125000 0.000000 91.000000 0.000000 0.000000 0.000000 1.000000 0.000000 91.000000 1.000000 2 0 0.000000
13 -6893.292968 2505.158691 -3602.875000 0.000000 0.000000 0.000000 0.000000 0.000000 1.000000 0.000000 0.000000 1.000000 0 0 0.000000
15 -7269.549804 4633.403808 -3057.055175 0.000000 80.000000 0.000000 0.124034 0.000000 0.992277 0.000000 80.000000 1.000000 2 0 0.000000
13 -6654.466308 4088.188232 -3458.875000 0.000000 -87.000000 0.000000 0.000000 0.000000 1.000000 0.000000 -87.000000 1.000000 0 0 0.000000
9 -7280.237304 4690.540527 -3067.875000 0.000000 -149.000000 0.000000 0.000000 0.000000 1.000000 0.000000 -149.000000 1.000000 1 0 0.000000
13 -6675.203613 3275.906738 -3530.875000 0.000000 -86.000000 0.000000 0.000000 0.000000 1.000000 0.000000 -86.000000 1.000000 0 0 0.000000
3 -1403.565307 1377.424316 15.125000 0.000000 87.000000 0.000000 0.000000 0.000000 1.000000 0.000000 87.000000 1.000000 2 0 0.000000
14 -5197.051757 1002.276672 207.125000 0.000000 -12.000000 0.000000 0.000000 0.000000 1.000000 0.000000 -12.000000 1.000000 1 0 0.000000
15 -6646.200195 4568.505371 -3408.875000 0.000000 3.000000 0.000000 0.000000 0.000000 1.000000 0.000000 3.000000 1.000000 2 0 0.000000
3 -1485.329345 1378.742675 15.125000 0.000000 87.000000 0.000000 0.000000 0.000000 1.000000 0.000000 87.000000 1.000000 2 0 0.000000
3 -1509.773803 1635.845947 15.125000 0.000000 -175.000000 0.000000 0.000000 0.000000 1.000000 0.000000 -175.000000 1.000000 0 0 0.000000
9 -1407.878417 1078.992187 4.125000 0.000000 -92.000000 0.000000 0.000000 0.000000 1.000000 0.000000 -92.000000 1.000000 16 0 0.000000
9 -1404.932006 1789.283203 4.125000 0.000000 -75.000000 0.000000 0.000000 0.000000 1.000000 0.000000 -75.000000 1.000000 16 0 0.000000
15 -2160.063476 1288.459350 15.125000 0.000000 109.000000 0.000000 0.000000 0.000000 1.000000 0.000000 109.000000 1.000000 2 0 0.000000
10 -2945.190673 1634.587280 -123.875000 0.000000 -173.000000 0.000000 0.000000 0.000000 1.000000 0.000000 -173.000000 1.000000 2 0 0.000000
10 -4798.356445 1348.299072 -43.875000 0.000000 -2.000000 0.000000 0.000000 0.000000 1.000000 0.000000 -2.000000 1.000000 2 0 0.000000
10 -3062.044921 1065.793823 -123.875000 0.000000 171.000000 0.000000 0.000000 0.000000 1.000000 0.000000 171.000000 1.000000 2 0 0.000000
1 -2812.532226 1352.923950 -96.875000 0.000000 0.000000 0.000000 0.000000 0.000000 1.000000 0.000000 0.000000 1.000000 1 0 0.000000
1 -3488.073242 1356.422729 -96.875000 0.000000 -178.000000 0.000000 0.000000 0.000000 1.000000 0.000000 -178.000000 1.000000 2 0 0.000000
9 -7071.750976 1624.711791 1028.125000 0.000000 166.000000 0.000000 0.000000 0.000000 1.000000 0.000000 166.000000 1.000000 19 0 0.000000
6 -1423.399414 1454.218994 9.125000 0.000000 93.000000 0.000000 0.000000 0.000000 1.000000 0.000000 93.000000 1.000000 0 0 0.000000
1 -2945.507568 1352.215209 -96.875000 0.000000 0.000000 0.000000 0.000000 0.000000 1.000000 0.000000 0.000000 1.000000 1 0 0.000000
9 -5124.570800 1344.078979 -59.875000 0.000000 -7.000000 0.000000 0.000000 0.000000 1.000000 0.000000 -7.000000 1.000000 17 0 0.000000
10 -2094.448242 1554.391601 20.125000 0.000000 -144.000000 0.000000 0.000000 0.000000 1.000000 0.000000 -144.000000 1.000000 2 0 0.000000
6 -4890.526367 1345.780883 -54.875000 0.000000 -179.000000 0.000000 0.000000 0.000000 1.000000 0.000000 -179.000000 1.000000 2 0 0.000000
15 -2259.663330 1434.373535 15.124998 0.000000 -156.000000 0.000000 0.000000 0.000000 1.000000 0.000000 -156.000000 1.000000 2 0 0.000000
14 -2224.496337 1492.713500 7.125000 0.000000 -168.000000 0.000000 0.000000 0.000000 1.000000 0.000000 -168.000000 1.000000 1 0 0.000000
15 -2208.669189 1440.829345 26.250001 0.000000 -125.000000 0.000000 0.000000 0.000000 1.000000 0.000000 -125.000000 1.000000 1 0 0.000000
14 -6704.986328 1623.705810 1031.125000 0.000000 147.000000 0.000000 0.000000 0.000000 1.000000 0.000000 147.000000 1.000000 1 0 0.000000
15 -5143.424804 1076.229980 226.250000 0.000000 15.000000 0.000000 0.000000 0.000000 1.000000 0.000000 15.000000 1.000000 2 0 0.000000
15 -5058.801269 1198.963867 503.619720 0.000000 94.000000 0.000000 0.000000 -0.270745 0.962650 0.000000 94.000000 1.000000 0 0 0.000000
15 -5134.560058 1085.985839 457.066101 0.000000 15.000000 0.000000 -0.270745 0.000000 0.962650 0.000000 15.000000 1.000000 0 0 0.000000
1 -3024.024902 1354.107788 -96.875000 0.000000 -3.000000 0.000000 0.000000 0.000000 1.000000 0.000000 -3.000000 1.000000 1 0 0.000000
10 -5191.702636 1350.231811 859.634826 0.000000 -1.000000 0.000000 0.566528 0.000000 0.824041 0.000000 -1.000000 1.000000 0 0 0.000000
1 -3262.502441 1352.586181 -96.875000 0.000000 -177.000000 0.000000 0.000000 0.000000 1.000000 0.000000 -177.000000 1.000000 2 0 0.000000
14 -5060.526367 1181.671875 605.744750 0.000000 -58.000000 0.000000 0.000000 0.000000 1.000000 0.000000 -58.000000 1.000000 1 0 0.000000
15 -5385.962890 1671.420166 1039.125000 0.000000 -6.000000 0.000000 0.000000 0.000000 1.000000 0.000000 -6.000000 1.000000 2 0 0.000000
16 -5171.722656 1045.795898 1039.125000 0.000000 174.000000 0.000000 0.000000 0.000000 1.000000 0.000000 174.000000 1.000000 2 0 0.000000
1 -3062.690673 1352.499145 -96.875000 0.000000 0.000000 0.000000 0.000000 0.000000 1.000000 0.000000 0.000000 1.000000 1 0 0.000000
15 -5063.762695 1237.921997 1024.414550 0.000000 171.000000 0.000000 -0.707106 0.000000 0.707106 0.000000 171.000000 1.000000 2 0 0.000000
9 -6097.895507 1077.464355 1012.125000 0.000000 -91.000000 0.000000 0.000000 0.000000 1.000000 0.000000 -91.000000 1.000000 18 0 0.000000
15 -5087.453125 1542.588134 1000.724060 0.000000 179.000000 0.000000 -0.707106 0.000000 0.707106 0.000000 179.000000 1.000000 2 0 0.000000
9 -4898.068847 1607.530395 -59.875000 0.000000 88.000000 0.000000 0.000000 0.000000 1.000000 0.000000 88.000000 1.000000 17 0 0.000000
15 -5387.664550 1426.879150 -17.494640 0.000000 89.000000 0.000000 0.000000 0.316227 0.948683 0.000000 89.000000 1.000000 2 0 0.000000
15 -5279.024414 1443.414916 -48.875000 0.000000 176.000000 0.000000 0.000000 0.000000 1.000000 0.000000 176.000000 1.000000 2 0 0.000000
15 -5271.580566 1402.238769 -48.875000 0.000000 118.000000 0.000000 0.000000 0.000000 1.000000 0.000000 118.000000 1.000000 0 0 0.000000
15 -5063.966308 1343.071289 1024.210571 0.000000 170.000000 0.000000 -0.707106 0.000000 0.707106 0.000000 170.000000 1.000000 2 0 0.000000
15 -5342.161132 1520.994262 121.800331 0.000000 -156.000000 0.000000 0.000000 0.316227 0.948683 0.000000 -156.000000 1.000000 2 0 0.000000
14 -11050.391601 1706.580200 335.125000 0.000000 114.000000 0.000000 0.000000 0.000000 1.000000 0.000000 114.000000 1.000000 1 0 0.000000
14 -10680.267578 3405.239501 560.125000 0.000000 89.000000 0.000000 0.000000 0.000000 1.000000 0.000000 89.000000 1.000000 1 0 0.000000
9 -10688.415039 3263.930908 557.125000 0.000000 -18.000000 0.000000 0.000000 0.000000 1.000000 0.000000 -18.000000 1.000000 24 0 0.000000
15 -10539.791015 4107.549316 -2736.875000 0.000000 -87.000000 0.000000 0.000000 0.000000 1.000000 0.000000 -87.000000 1.000000 2 0 0.000000
9 -10985.171875 3191.629150 196.125000 0.000000 -121.000000 0.000000 0.000000 0.000000 1.000000 0.000000 -121.000000 1.000000 24 0 0.000000
14 -5239.204589 968.118408 1031.125000 0.000000 -95.000000 0.000000 0.000000 0.000000 1.000000 0.000000 -95.000000 1.000000 1 0 0.000000
14 -10938.725585 3892.421630 648.125000 0.000000 170.000000 0.000000 0.000000 0.000000 1.000000 0.000000 170.000000 1.000000 1 0 0.000000
15 -5077.946289 1439.633300 1010.231018 0.000000 175.000000 0.000000 -0.707106 0.000000 0.707106 0.000000 175.000000 1.000000 2 0 0.000000
9 -10977.603515 1619.595092 196.125000 0.000000 175.000000 0.000000 0.000000 0.000000 1.000000 0.000000 175.000000 1.000000 22 0 0.000000
15 -5077.698242 1145.489013 1010.479003 0.000000 -179.000000 0.000000 -0.707106 0.000000 0.707106 0.000000 -179.000000 1.000000 2 0 0.000000
9 -5535.066894 1370.261230 1028.125000 0.000000 -110.000000 0.000000 0.000000 0.000000 1.000000 0.000000 -110.000000 1.000000 18 0 0.000000
9 -7464.123046 1567.204833 1028.125000 0.000000 -1.000000 0.000000 0.000000 0.000000 1.000000 0.000000 -1.000000 1.000000 21 0 0.000000
6 -10688.215820 2887.563232 562.125000 0.000000 -87.000000 0.000000 0.000000 0.000000 1.000000 0.000000 -87.000000 1.000000 0 0 0.000000
16 -4342.285156 2056.003417 -8.750000 0.000000 0.000000 0.000000 0.000000 0.000000 1.000000 0.000000 0.000000 1.000000 0 1 0.000000
15 -10087.621093 4628.442871 -2992.875000 0.000000 45.000000 0.000000 0.000000 0.000000 1.000000 0.000000 45.000000 1.000000 2 1 0.000000
10 -10086.562500 4513.663085 -2947.750000 0.000000 88.000000 0.000000 0.000000 0.000000 1.000000 0.000000 88.000000 1.000000 2 1 0.000000
14 -9556.296875 4480.317382 -2605.750000 0.000000 -82.000000 0.000000 0.000000 0.000000 1.000000 0.000000 -82.000000 1.000000 1 1 0.000000
13 -9520.994140 4825.968261 -2718.750000 0.000000 0.000000 0.000000 0.000000 0.000000 1.000000 0.000000 0.000000 1.000000 2 1 0.000000
14 -4201.212402 2062.055908 -45.750000 0.000000 88.000000 0.000000 0.000000 0.000000 1.000000 0.000000 88.000000 1.000000 1 1 0.000000
13 -6599.051269 2565.533447 -3584.750000 0.000000 10.000000 0.000000 0.000000 0.000000 1.000000 0.000000 10.000000 1.000000 2 1 0.000000
16 -6361.366210 3545.554931 -584.750000 0.000000 -137.000000 0.000000 0.000000 0.000000 1.000000 0.000000 -137.000000 1.000000 2 1 0.000000
13 -6969.583984 3276.973876 -822.750000 0.000000 88.000000 0.000000 0.000000 0.000000 1.000000 0.000000 88.000000 1.000000 2 1 0.000000
13 -7040.761718 3277.554931 -822.750000 0.000000 91.000000 0.000000 0.000000 0.000000 1.000000 0.000000 91.000000 1.000000 2 1 0.000000
15 -2291.017822 1417.828369 125.250000 0.000000 -168.000000 0.000000 0.000000 0.000000 1.000000 0.000000 -168.000000 1.000000 0 1 0.000000
10 -5398.798339 2990.718017 -3.750000 0.000000 109.000000 0.000000 0.000000 0.000000 1.000000 0.000000 109.000000 1.000000 2 1 0.000000
16 -3320.211914 2050.887695 -8.750000 0.000000 0.000000 0.000000 0.000000 0.000000 1.000000 0.000000 0.000000 1.000000 2 1 0.000000
15 -1411.982299 1101.993652 25.250001 0.000000 -90.000000 0.000000 0.000000 0.000000 1.000000 0.000000 -90.000000 1.000000 2 1 0.000000
10 -2964.016113 1357.046997 -61.750000 0.000000 178.000000 0.000000 0.000000 0.000000 1.000000 0.000000 178.000000 1.000000 2 1 0.000000
9 -7291.903808 4264.549316 -3067.875000 0.000000 -114.000000 0.000000 0.000000 0.000000 1.000000 0.000000 -114.000000 1.000000 9 1 0.000000
10 -5209.188964 1211.712890 252.250000 0.000000 0.000000 0.000000 0.000000 0.000000 1.000000 0.000000 0.000000 1.000000 2 1 0.000000
10 -2094.448242 1554.391601 60.250000 0.000000 -144.000000 0.000000 0.000000 0.000000 1.000000 0.000000 -144.000000 1.000000 2 1 0.000000
10 -3062.044921 1065.793823 -83.750000 0.000000 171.000000 0.000000 0.000000 0.000000 1.000000 0.000000 171.000000 1.000000 2 1 0.000000
10 -2945.190673 1634.587280 -83.750000 0.000000 -173.000000 0.000000 0.000000 0.000000 1.000000 0.000000 -173.000000 1.000000 2 1 0.000000
10 -4777.841308 1347.437744 -3.750000 0.000000 -2.000000 0.000000 0.000000 0.000000 1.000000 0.000000 -2.000000 1.000000 2 1 0.000000
10 -3053.319091 1352.748901 -61.750000 0.000000 179.000000 0.000000 0.000000 0.000000 1.000000 0.000000 179.000000 1.000000 2 1 0.000000
15 -7096.828125 1632.819946 1049.250000 0.000000 136.000000 0.000000 0.000000 0.000000 1.000000 0.000000 136.000000 1.000000 2 1 0.000000
16 -5171.722656 1045.795898 1079.250000 0.000000 174.000000 0.000000 0.000000 0.000000 1.000000 0.000000 174.000000 1.000000 2 1 0.000000
9 -7385.408203 1565.860351 1038.250000 0.000000 -1.000000 0.000000 0.000000 0.000000 1.000000 0.000000 -1.000000 1.000000 20 1 0.000000
9 -6775.445800 1622.124389 1039.250000 0.000000 169.000000 0.000000 0.000000 0.000000 1.000000 0.000000 169.000000 1.000000 19 1 0.000000
16 -4342.285156 2056.003417 31.375000 0.000000 0.000000 0.000000 0.000000 0.000000 1.000000 0.000000 0.000000 1.000000 0 2 0.000000
10 -10086.562500 4513.663085 -2907.625000 0.000000 88.000000 0.000000 0.000000 0.000000 1.000000 0.000000 88.000000 1.000000 2 2 0.000000
16 -6361.366210 3545.554931 -544.625000 0.000000 -137.000000 0.000000 0.000000 0.000000 1.000000 0.000000 -137.000000 1.000000 2 2 0.000000
16 -3320.211914 2050.887695 31.375000 0.000000 0.000000 0.000000 0.000000 0.000000 1.000000 0.000000 0.000000 1.000000 2 2 0.000000
16 -5171.722656 1045.795898 1119.375000 0.000000 174.000000 0.000000 0.000000 0.000000 1.000000 0.000000 174.000000 1.000000 2 2 0.000000
10 -3062.044921 1065.793823 -43.625000 0.000000 171.000000 0.000000 0.000000 0.000000 1.000000 0.000000 171.000000 1.000000 2 2 0.000000
9 -7294.487304 4200.225097 -3057.750000 0.000000 -112.000000 0.000000 0.000000 0.000000 1.000000 0.000000 -112.000000 1.000000 10 2 0.000000
10 -2945.190673 1634.587280 -43.625000 0.000000 -173.000000 0.000000 0.000000 0.000000 1.000000 0.000000 -173.000000 1.000000 2 2 0.000000
10 -4741.208496 1345.940917 36.375000 0.000000 -2.000000 0.000000 0.000000 0.000000 1.000000 0.000000 -2.000000 1.000000 2 2 0.000000
10 -3017.941406 1326.802734 -21.624998 0.000000 -26.000000 0.000000 0.000000 0.000000 1.000000 0.000000 -26.000000 1.000000 2 2 0.000000
10 -5209.188964 1211.712890 292.375000 0.000000 0.000000 0.000000 0.000000 0.000000 1.000000 0.000000 0.000000 1.000000 2 2 0.000000
10 -10086.562500 4513.663085 -2867.500000 0.000000 88.000000 0.000000 0.000000 0.000000 1.000000 0.000000 88.000000 1.000000 2 3 0.000000
16 -6361.366210 3545.554931 -504.500000 0.000000 -137.000000 0.000000 0.000000 0.000000 1.000000 0.000000 -137.000000 1.000000 0 3 0.000000
10 -4726.257812 1310.170776 76.500000 0.000000 -29.000000 0.000000 0.000000 0.000000 1.000000 0.000000 -29.000000 1.000000 2 3 0.000000
16 -3320.211914 2050.887695 71.500000 0.000000 0.000000 0.000000 0.000000 0.000000 1.000000 0.000000 0.000000 1.000000 2 3 0.000000
9 -7294.797363 4135.765625 -3047.625000 0.000000 -98.000000 0.000000 0.000000 0.000000 1.000000 0.000000 -98.000000 1.000000 11 3 0.000000
10 -10086.562500 4513.663085 -2827.375000 0.000000 88.000000 0.000000 0.000000 0.000000 1.000000 0.000000 88.000000 1.000000 2 4 0.000000
9 -7288.034667 4057.832763 -3037.500000 0.000000 -89.000000 0.000000 0.000000 0.000000 1.000000 0.000000 -89.000000 1.000000 12 4 0.000000
10 -10086.562500 4513.663085 -2787.250000 0.000000 88.000000 0.000000 0.000000 0.000000 1.000000 0.000000 88.000000 1.000000 2 5 0.000000
9 -7274.625488 3992.229980 -3027.375000 0.000000 -90.000000 0.000000 0.000000 0.000000 1.000000 0.000000 -90.000000 1.000000 15 5 0.000000
10 -10086.562500 4513.663085 -2747.125000 0.000000 88.000000 0.000000 0.000000 0.000000 1.000000 0.000000 88.000000 1.000000 2 6 0.000000
9 -7218.714355 4049.361816 -3017.250000 0.000000 45.000000 0.000000 0.000000 0.000000 1.000000 0.000000 45.000000 1.000000 13 6 0.000000
10 -10086.562500 4513.663085 -2707.000000 0.000000 88.000000 0.000000 0.000000 0.000000 1.000000 0.000000 88.000000 1.000000 2 7 0.000000
9 -7194.758300 4108.653808 -3007.125000 0.000000 58.000000 0.000000 0.000000 0.000000 1.000000 0.000000 58.000000 1.000000 14 7 0.000000
9 -4363.966796 2048.472900 60.500000 0.000000 88.000000 0.000000 0.000000 0.000000 1.000000 0.000000 88.000000 1.000000 2 9 0.000000
10 -10086.562500 4513.663085 -2666.875000 0.000000 88.000000 0.000000 0.000000 0.000000 1.000000 0.000000 88.000000 1.000000 2 15 0.000000
6 -10099.736328 4520.237304 -2637.750000 0.000000 91.000000 0.000000 0.000000 0.000000 1.000000 0.000000 91.000000 1.000000 2 18 0.000000
15 -8648.834960 2260.218017 -2474.715332 0.000000 131.000000 0.000000 0.000000 0.000000 1.000000 0.000000 131.000000 1.000000 2 60 0.000000
15 -8675.777343 2152.229980 -2474.715332 0.000000 -148.000000 0.000000 0.000000 0.000000 1.000000 0.000000 -148.000000 1.000000 2 70 0.000000
