15 935.046630 1548.936401 -172.375000 0.000000 98.000000 0.000000 0.000000 0.000000 1.000000 0.000000 98.000000 1.000000 0 0 0.000000
11 1031.517333 1539.928344 -147.375000 0.000000 72.000000 0.000000 0.000000 0.000000 1.000000 0.000000 72.000000 1.000000 0 0 0.000000
11 991.455078 1544.485961 -147.774993 0.000000 94.000000 0.000000 0.000000 0.000000 0.000000 0.000000 94.000000 1.000000 0 0 0.000000
11 859.311096 1530.750244 -147.774993 0.000000 -89.000000 0.000000 0.000000 0.000000 0.000000 0.000000 -89.000000 1.000000 0 0 0.000000
11 880.463134 1541.314086 -147.774993 0.000000 91.000000 0.000000 0.000000 0.000000 0.000000 0.000000 91.000000 1.000000 0 0 0.000000
10 1396.648071 1883.163818 -123.228782 0.000000 -177.000000 0.000000 -0.373128 0.000000 0.927779 0.000000 -177.000000 1.000000 0 0 0.000000
15 0.130798 1826.332031 -172.375000 0.000000 110.000000 0.000000 0.000000 0.000000 1.000000 0.000000 110.000000 1.000000 0 0 0.000000
15 347.941314 1834.791015 -172.375000 0.000000 83.000000 0.000000 0.000000 0.000000 1.000000 0.000000 83.000000 1.000000 0 0 0.000000
15 -104.896026 1838.009033 -172.375000 0.000000 134.000000 0.000000 0.000000 0.000000 1.000000 0.000000 134.000000 1.000000 0 0 0.000000
10 936.493530 1412.396484 -167.375000 0.000000 93.000000 0.000000 0.000000 0.000000 1.000000 0.000000 93.000000 1.000000 0 0 0.000000
15 455.042266 1826.864868 -172.375000 0.000000 -97.000000 0.000000 0.000000 0.000000 1.000000 0.000000 -97.000000 1.000000 0 0 0.000000
13 2684.558105 1818.607543 269.625000 0.000000 89.000000 0.000000 0.000000 0.000000 1.000000 0.000000 89.000000 1.000000 0 0 0.000000
15 456.556671 1827.933105 -62.150001 0.000000 -89.000000 0.000000 0.000000 0.000000 0.000000 0.000000 -89.000000 1.000000 0 1 0.000000
13 198.404647 1561.360473 -174.375000 0.000000 84.000000 0.000000 0.000000 0.000000 1.000000 0.000000 84.000000 1.000000 0 0 0.000000
11 145.017105 1714.317871 -147.375000 0.000000 91.000000 0.000000 0.000000 0.000000 1.000000 0.000000 91.000000 1.000000 0 0 0.000000
10 140.787460 1366.156005 -167.375000 0.000000 101.000000 0.000000 0.000000 0.000000 1.000000 0.000000 101.000000 1.000000 0 0 0.000000
13 2682.780761 1999.890991 269.625000 0.000000 -148.000000 0.000000 0.000000 0.000000 1.000000 0.000000 -148.000000 1.000000 0 0 0.000000
13 2592.919921 1979.912963 269.625000 0.000000 113.000000 0.000000 0.000000 0.000000 1.000000 0.000000 113.000000 1.000000 0 0 0.000000
14 2446.787109 2034.176757 391.725006 0.000000 101.000000 0.000000 0.000000 0.000000 1.000000 0.000000 101.000000 1.000000 1 0 0.000000
15 2473.075927 1870.493164 271.625000 0.000000 -168.000000 0.000000 0.000000 0.000000 1.000000 0.000000 -168.000000 1.000000 0 0 0.000000
11 2662.499267 1913.498901 296.625000 0.000000 62.000000 0.000000 0.000000 0.000000 1.000000 0.000000 62.000000 1.000000 0 2 0.000000
11 2662.499267 1913.498901 377.250000 0.000000 62.000000 0.000000 0.000000 0.000000 1.000000 0.000000 62.000000 1.000000 0 3 0.000000
10 2658.552490 1907.156250 437.875000 0.000000 20.000000 0.000000 0.000000 0.000000 1.000000 0.000000 20.000000 1.000000 0 0 0.000000
11 2530.360595 1743.669555 296.625000 0.000000 117.000000 0.000000 0.000000 0.000000 1.000000 0.000000 117.000000 1.000000 0 2 0.000000
11 2535.796875 1737.782958 377.250000 0.000000 161.000000 0.000000 0.000000 0.000000 1.000000 0.000000 161.000000 1.000000 0 3 0.000000
10 2537.399414 1733.611450 437.475006 0.000000 151.000000 0.000000 0.000000 0.000000 0.000000 0.000000 151.000000 1.000000 0 0 0.000000
11 2519.269775 1798.901733 296.625000 0.000000 149.000000 0.000000 0.000000 0.000000 1.000000 0.000000 149.000000 1.000000 0 0 0.000000
11 1127.208129 1293.576782 56.125000 0.000000 -177.000000 0.000000 0.000000 0.000000 1.000000 0.000000 -177.000000 1.000000 0 0 0.000000
11 1142.894042 1381.712524 56.125000 0.000000 178.000000 0.000000 0.000000 0.000000 1.000000 0.000000 178.000000 1.000000 0 0 0.000000
11 1139.620971 1342.451904 136.250000 0.000000 174.000000 0.000000 0.000000 0.000000 1.000000 0.000000 174.000000 1.000000 0 0 0.000000
16 -794.141113 381.616668 271.125000 0.000000 9.000000 0.000000 0.000000 0.000000 1.000000 0.000000 9.000000 1.000000 0 0 0.000000
14 2083.228759 766.621948 23.125000 0.000000 -88.000000 0.000000 0.000000 0.000000 1.000000 0.000000 -88.000000 1.000000 1 0 0.000000
16 646.167236 1973.487426 -172.875000 0.000000 156.000000 0.000000 0.000000 0.000000 1.000000 0.000000 156.000000 1.000000 0 0 0.000000
11 605.209716 1971.262207 -147.875000 0.000000 10.000000 0.000000 0.000000 0.000000 1.000000 0.000000 10.000000 1.000000 0 0 0.000000
11 617.083679 1916.492797 -147.875000 0.000000 -176.000000 0.000000 0.000000 0.000000 1.000000 0.000000 -176.000000 1.000000 0 0 0.000000
11 694.396484 1920.670898 -147.875000 0.000000 -176.000000 0.000000 0.000000 0.000000 1.000000 0.000000 -176.000000 1.000000 0 0 0.000000
11 747.326721 1967.133422 -147.875000 0.000000 171.000000 0.000000 0.000000 0.000000 1.000000 0.000000 171.000000 1.000000 0 0 0.000000
11 -1588.877075 436.864868 296.125000 0.000000 -9.000000 0.000000 0.000000 0.000000 1.000000 0.000000 -9.000000 1.000000 0 0 0.000000
11 -1581.858886 436.781036 376.250000 0.000000 3.000000 0.000000 0.000000 0.000000 1.000000 0.000000 3.000000 1.000000 0 0 0.000000
11 -1585.071777 434.873840 456.375000 0.000000 3.000000 0.000000 0.000000 0.000000 1.000000 0.000000 3.000000 1.000000 0 0 0.000000
11 -1587.164916 427.534759 376.250000 0.000000 0.000000 0.000000 0.000000 0.000000 1.000000 0.000000 0.000000 1.000000 0 0 0.000000
15 -1040.741210 941.406127 271.125000 0.000000 -24.000000 0.000000 0.000000 0.000000 1.000000 0.000000 -24.000000 1.000000 0 0 0.000000
11 -1059.356323 447.859222 296.125000 0.000000 -2.000000 0.000000 0.000000 0.000000 1.000000 0.000000 -2.000000 1.000000 0 0 0.000000
16 -937.314758 912.015930 271.125000 0.000000 138.000000 0.000000 0.000000 0.000000 1.000000 0.000000 138.000000 1.000000 0 0 0.000000
16 537.612548 -1239.158447 279.125000 0.000000 36.000000 0.000000 0.000000 0.000000 1.000000 0.000000 36.000000 1.000000 0 0 0.000000
11 459.910522 -1211.625610 304.125000 0.000000 120.000000 0.000000 0.000000 0.000000 1.000000 0.000000 120.000000 1.000000 0 0 0.000000
10 1875.592285 1586.490234 276.125000 0.000000 109.000000 0.000000 0.000000 0.000000 1.000000 0.000000 109.000000 1.000000 0 0 0.000000
13 2017.776000 1693.627685 269.125000 0.000000 64.000000 0.000000 0.000000 0.000000 1.000000 0.000000 64.000000 1.000000 0 0 0.000000
11 1953.268554 1636.319824 296.125000 0.000000 87.000000 0.000000 0.000000 0.000000 1.000000 0.000000 87.000000 1.000000 0 0 0.000000
11 1953.268554 1636.319824 376.250000 0.000000 87.000000 0.000000 0.000000 0.000000 1.000000 0.000000 87.000000 1.000000 0 0 0.000000
11 2114.238525 1608.634399 296.125000 0.000000 -40.000000 0.000000 0.000000 0.000000 1.000000 0.000000 -40.000000 1.000000 0 0 0.000000
14 2325.046630 1683.744628 391.125000 0.000000 -44.000000 0.000000 0.000000 0.000000 1.000000 0.000000 -44.000000 1.000000 1 0 0.000000
15 90.905616 1828.105224 -172.875000 0.000000 -89.000000 0.000000 0.000000 0.000000 1.000000 0.000000 -89.000000 1.000000 0 0 0.000000
15 175.300262 1817.599121 -172.875000 0.000000 -89.000000 0.000000 0.000000 0.000000 1.000000 0.000000 -89.000000 1.000000 0 0 0.000000
15 259.182739 1821.439331 -172.875000 0.000000 -89.000000 0.000000 0.000000 0.000000 1.000000 0.000000 -89.000000 1.000000 0 0 0.000000
15 -1024.147827 713.272705 271.125000 0.000000 130.000000 0.000000 0.000000 0.000000 1.000000 0.000000 130.000000 1.000000 0 0 0.000000
11 475.152709 1038.555419 56.125000 0.000000 -17.000000 0.000000 0.000000 0.000000 1.000000 0.000000 -17.000000 1.000000 0 0 0.000000
14 573.516601 116.818084 -180.875000 0.000000 176.000000 0.000000 0.000000 0.000000 1.000000 0.000000 176.000000 1.000000 1 0 0.000000
13 933.961181 377.552856 -174.875000 0.000000 91.000000 0.000000 0.000000 0.000000 1.000000 0.000000 91.000000 1.000000 0 0 0.000000
10 921.635253 614.898254 -167.875000 0.000000 91.000000 0.000000 0.000000 0.000000 1.000000 0.000000 91.000000 1.000000 0 0 0.000000
15 1014.626770 210.572891 -172.875000 0.000000 -55.000000 0.000000 0.000000 0.000000 1.000000 0.000000 -55.000000 1.000000 0 0 0.000000
15 922.424133 201.215209 -172.875000 0.000000 -78.000000 0.000000 0.000000 0.000000 1.000000 0.000000 -78.000000 1.000000 0 0 0.000000
15 835.824890 213.306228 -172.875000 0.000000 -114.000000 0.000000 0.000000 0.000000 1.000000 0.000000 -114.000000 1.000000 0 0 0.000000
14 668.398681 229.248565 -180.875000 0.000000 86.000000 0.000000 0.000000 0.000000 1.000000 0.000000 86.000000 1.000000 1 0 0.000000
6 -1366.714111 835.325500 25.125000 0.000000 -102.000000 0.000000 0.000000 0.000000 1.000000 0.000000 -102.000000 1.000000 0 0 0.000000
11 743.703674 226.353729 -148.176956 0.000000 45.000000 0.000000 0.000000 0.707106 0.707106 0.000000 45.000000 1.000000 0 0 0.000000
6 466.013580 -1287.949340 273.125000 0.000000 -93.000000 0.000000 0.000000 0.000000 1.000000 0.000000 -93.000000 1.000000 0 0 0.000000
4 -935.177246 2024.918823 271.125000 0.000000 33.000000 0.000000 0.000000 0.000000 1.000000 0.000000 33.000000 1.000000 0 0 0.000000
6 -789.467224 1949.973388 265.125000 0.000000 1.000000 0.000000 0.000000 0.000000 1.000000 0.000000 1.000000 1.000000 0 0 0.000000
4 -935.256774 1851.977416 271.125000 0.000000 -14.000000 0.000000 0.000000 0.000000 1.000000 0.000000 -14.000000 1.000000 0 0 0.000000
15 -1027.766601 835.235229 271.125000 0.000000 20.000000 0.000000 0.000000 0.000000 1.000000 0.000000 20.000000 1.000000 0 0 0.000000
15 -952.458007 751.215087 271.125000 0.000000 59.000000 0.000000 0.000000 0.000000 1.000000 0.000000 59.000000 1.000000 0 0 0.000000
15 -843.244018 783.270263 271.125000 0.000000 133.000000 0.000000 0.000000 0.000000 1.000000 0.000000 133.000000 1.000000 0 0 0.000000
15 -835.766601 897.985107 271.125000 0.000000 -128.000000 0.000000 0.000000 0.000000 1.000000 0.000000 -128.000000 1.000000 0 0 0.000000
15 -887.505554 997.888244 271.125000 0.000000 -94.000000 0.000000 0.000000 0.000000 1.000000 0.000000 -94.000000 1.000000 0 0 0.000000
11 -944.288391 1001.058715 296.125000 0.000000 -87.000000 0.000000 0.000000 0.000000 1.000000 0.000000 -87.000000 1.000000 0 0 0.000000
15 -1594.862915 487.714111 271.125000 0.000000 -6.000000 0.000000 0.000000 0.000000 1.000000 0.000000 -6.000000 1.000000 0 0 0.000000
15 -1588.426025 584.267150 259.106231 0.000000 4.000000 0.000000 0.000000 0.619644 0.784882 0.000000 4.000000 1.000000 0 0 0.000000
15 -1604.671875 417.713500 271.125000 0.000000 5.000000 0.000000 0.000000 0.000000 1.000000 0.000000 5.000000 1.000000 0 0 0.000000
13 -1572.483032 337.053283 269.125000 0.000000 26.000000 0.000000 0.000000 0.000000 1.000000 0.000000 26.000000 1.000000 0 0 0.000000
13 -1375.391479 445.492187 269.125000 0.000000 111.000000 0.000000 0.000000 0.000000 1.000000 0.000000 111.000000 1.000000 0 0 0.000000
15 -1473.974609 425.429687 271.125000 0.000000 149.000000 0.000000 0.000000 0.000000 1.000000 0.000000 149.000000 1.000000 0 0 0.000000
11 -1385.387695 548.627502 296.125000 0.000000 -95.000000 0.000000 0.000000 0.000000 1.000000 0.000000 -95.000000 1.000000 0 0 0.000000
11 -1385.387695 548.627502 376.250000 0.000000 -95.000000 0.000000 0.000000 0.000000 1.000000 0.000000 -95.000000 1.000000 0 0 0.000000
13 -1371.287475 623.011657 269.125000 0.000000 109.000000 0.000000 0.000000 0.000000 1.000000 0.000000 109.000000 1.000000 0 0 0.000000
13 -1313.457519 698.016174 269.125000 0.000000 52.000000 0.000000 0.000000 0.000000 1.000000 0.000000 52.000000 1.000000 0 0 0.000000
13 -1219.304931 675.559448 269.125000 0.000000 -16.000000 0.000000 0.000000 0.000000 1.000000 0.000000 -16.000000 1.000000 0 0 0.000000
13 -1167.242797 593.210388 269.125000 0.000000 -61.000000 0.000000 0.000000 0.000000 1.000000 0.000000 -61.000000 1.000000 0 0 0.000000
13 -1161.231201 501.398284 269.125000 0.000000 -78.000000 0.000000 0.000000 0.000000 1.000000 0.000000 -78.000000 1.000000 0 0 0.000000
13 -1047.917480 334.117340 269.125000 0.000000 29.000000 0.000000 0.000000 0.000000 1.000000 0.000000 29.000000 1.000000 0 0 0.000000
11 -1090.927246 412.281311 296.125000 0.000000 126.000000 0.000000 0.000000 0.000000 1.000000 0.000000 126.000000 1.000000 0 0 0.000000
11 -1530.845947 605.794982 252.110610 0.000000 -158.000000 0.000000 0.000000 0.619644 0.784882 0.000000 -158.000000 1.000000 0 0 0.000000
11 -1507.691284 641.605651 296.125000 0.000000 -102.000000 0.000000 0.000000 0.000000 1.000000 0.000000 -102.000000 1.000000 0 0 0.000000
13 -960.985229 350.472045 269.125000 0.000000 0.000000 0.000000 0.000000 0.000000 1.000000 0.000000 0.000000 1.000000 0 0 0.000000
13 -820.352478 339.069671 269.125000 0.000000 -43.000000 0.000000 0.000000 0.000000 1.000000 0.000000 -43.000000 1.000000 0 0 0.000000
11 -872.258666 407.219573 296.125000 0.000000 -137.000000 0.000000 0.000000 0.000000 1.000000 0.000000 -137.000000 1.000000 0 0 0.000000
15 -147.518371 1174.256225 31.125000 0.000000 78.000000 0.000000 0.000000 0.000000 1.000000 0.000000 78.000000 1.000000 0 0 0.000000
11 -57.614696 1167.924438 56.125000 0.000000 89.000000 0.000000 0.000000 0.000000 1.000000 0.000000 89.000000 1.000000 0 0 0.000000
11 -57.614696 1167.924438 136.250000 0.000000 89.000000 0.000000 0.000000 0.000000 1.000000 0.000000 89.000000 1.000000 0 0 0.000000
13 -801.490539 433.916748 269.125000 0.000000 77.000000 0.000000 0.000000 0.000000 1.000000 0.000000 77.000000 1.000000 0 0 0.000000
11 -816.362976 523.798767 296.125000 0.000000 98.000000 0.000000 0.000000 0.000000 1.000000 0.000000 98.000000 1.000000 0 0 0.000000
13 -813.105957 614.970886 269.125000 0.000000 119.000000 0.000000 0.000000 0.000000 1.000000 0.000000 119.000000 1.000000 0 0 0.000000
11 -874.916809 706.329101 296.125000 0.000000 122.000000 0.000000 0.000000 0.000000 1.000000 0.000000 122.000000 1.000000 0 0 0.000000
9 561.771179 -687.231994 268.125000 0.000000 24.000000 0.000000 0.000000 0.000000 1.000000 0.000000 24.000000 1.000000 1 0 0.000000
11 704.538208 -897.245971 304.125000 0.000000 35.000000 0.000000 0.000000 0.000000 1.000000 0.000000 35.000000 1.000000 0 0 0.000000
16 755.244018 -895.286743 279.125000 0.000000 6.000000 0.000000 0.000000 0.000000 1.000000 0.000000 6.000000 1.000000 0 0 0.000000
15 639.098815 -871.201416 279.125000 0.000000 72.000000 0.000000 0.000000 0.000000 1.000000 0.000000 72.000000 1.000000 0 0 0.000000
15 461.878601 -1138.150268 279.125000 0.000000 -99.000000 0.000000 0.000000 0.000000 1.000000 0.000000 -99.000000 1.000000 0 0 0.000000
11 465.907745 -921.374511 304.125000 0.000000 90.000000 0.000000 0.000000 0.000000 1.000000 0.000000 90.000000 1.000000 0 0 0.000000
15 537.866149 -882.139160 279.125000 0.000000 -63.000000 0.000000 0.000000 0.000000 1.000000 0.000000 -63.000000 1.000000 0 0 0.000000
10 -823.295532 839.337219 276.125000 0.000000 118.000000 0.000000 0.000000 0.000000 1.000000 0.000000 118.000000 1.000000 0 0 0.000000
11 -779.008544 844.118347 296.125000 0.000000 -89.000000 0.000000 0.000000 0.000000 1.000000 0.000000 -89.000000 1.000000 0 0 0.000000
11 -759.922729 888.695068 296.125000 0.000000 -61.000000 0.000000 0.000000 0.000000 1.000000 0.000000 -61.000000 1.000000 0 0 0.000000
16 -1542.451904 422.690887 271.125000 0.000000 71.000000 0.000000 0.000000 0.000000 1.000000 0.000000 71.000000 1.000000 0 0 0.000000
11 -1520.309326 480.490478 296.125000 0.000000 -115.000000 0.000000 0.000000 0.000000 1.000000 0.000000 -115.000000 1.000000 0 0 0.000000
11 -758.354003 935.120178 296.125000 0.000000 -74.000000 0.000000 0.000000 0.000000 1.000000 0.000000 -74.000000 1.000000 0 0 0.000000
16 -1407.345092 318.305480 271.125000 0.000000 -20.000000 0.000000 0.000000 0.000000 1.000000 0.000000 -20.000000 1.000000 0 0 0.000000
11 -1263.300415 622.789306 356.250000 0.000000 -49.000000 0.000000 0.000000 0.000000 1.000000 0.000000 -49.000000 1.000000 0 0 0.000000
11 -1271.874389 641.157958 356.250000 0.000000 -56.000000 0.000000 0.000000 0.000000 1.000000 0.000000 -56.000000 1.000000 0 0 0.000000
15 -153.401184 565.513671 31.125000 0.000000 -74.000000 0.000000 0.000000 0.000000 1.000000 0.000000 -74.000000 1.000000 0 0 0.000000
15 -1427.026000 938.736022 31.125000 0.000000 -156.000000 0.000000 0.000000 0.000000 1.000000 0.000000 -156.000000 1.000000 0 0 0.000000
11 73.631156 1081.914916 56.125000 0.000000 -3.000000 0.000000 0.000000 0.000000 1.000000 0.000000 -3.000000 1.000000 0 0 0.000000
11 93.094154 965.735229 56.125000 0.000000 0.000000 0.000000 0.000000 0.000000 1.000000 0.000000 0.000000 1.000000 0 0 0.000000
11 -1632.112182 387.335449 296.125000 0.000000 -45.000000 0.000000 0.000000 0.000000 1.000000 0.000000 -45.000000 1.000000 0 0 0.000000
15 -1405.515258 1032.010375 31.125000 0.000000 177.000000 0.000000 0.000000 0.000000 1.000000 0.000000 177.000000 1.000000 0 0 0.000000
11 -1600.608764 367.777130 356.250000 0.000000 -15.000000 0.000000 0.000000 0.000000 1.000000 0.000000 -15.000000 1.000000 0 0 0.000000
11 -1594.973388 379.994689 406.250000 0.000000 -7.000000 0.000000 0.000000 0.000000 1.000000 0.000000 -7.000000 1.000000 0 0 0.000000
11 -1445.730834 631.558654 296.125000 0.000000 -99.000000 0.000000 0.000000 0.000000 1.000000 0.000000 -99.000000 1.000000 0 0 0.000000
11 -1598.459350 470.918457 406.250000 0.000000 15.000000 0.000000 0.000000 0.000000 1.000000 0.000000 15.000000 1.000000 0 0 0.000000
11 -1580.214233 394.619415 486.375000 0.000000 0.000000 0.000000 0.000000 0.000000 1.000000 0.000000 0.000000 1.000000 0 0 0.000000
11 -1593.255859 468.384918 406.250000 0.000000 3.000000 0.000000 0.000000 0.000000 1.000000 0.000000 3.000000 1.000000 0 0 0.000000
11 -1582.780883 470.412292 486.375000 0.000000 3.000000 0.000000 0.000000 0.000000 1.000000 0.000000 3.000000 1.000000 0 0 0.000000
11 -1605.091186 556.610900 394.231231 0.000000 -12.000000 0.000000 0.000000 0.000000 1.000000 0.000000 -12.000000 1.000000 0 0 0.000000
11 -1589.839965 616.428527 394.231231 0.000000 -4.000000 0.000000 0.000000 0.000000 1.000000 0.000000 -4.000000 1.000000 0 0 0.000000
11 -1592.124145 561.626464 474.356231 0.000000 -11.000000 0.000000 0.000000 0.000000 1.000000 0.000000 -11.000000 1.000000 0 0 0.000000
11 -1446.508300 627.147155 376.250000 0.000000 -99.000000 0.000000 0.000000 0.000000 1.000000 0.000000 -99.000000 1.000000 0 0 0.000000
11 -1446.508300 627.147155 456.375000 0.000000 -99.000000 0.000000 0.000000 0.000000 1.000000 0.000000 -99.000000 1.000000 0 0 0.000000
11 -1587.619384 623.413085 474.356231 0.000000 -1.000000 0.000000 0.000000 0.000000 1.000000 0.000000 -1.000000 1.000000 0 0 0.000000
11 -1530.675781 587.614379 394.231231 0.000000 99.000000 0.000000 0.000000 0.000000 1.000000 0.000000 99.000000 1.000000 0 0 0.000000
16 -1469.624389 511.543090 271.125000 0.000000 52.000000 0.000000 0.000000 0.000000 1.000000 0.000000 52.000000 1.000000 0 0 0.000000
15 -1391.568969 741.045715 271.125000 0.000000 -130.000000 0.000000 0.000000 0.000000 1.000000 0.000000 -130.000000 1.000000 0 0 0.000000
15 -1498.156250 701.808959 271.125000 0.000000 -53.000000 0.000000 0.000000 0.000000 1.000000 0.000000 -53.000000 1.000000 0 0 0.000000
15 -1290.737182 791.639404 271.125000 0.000000 -179.000000 0.000000 0.000000 0.000000 1.000000 0.000000 -179.000000 1.000000 0 0 0.000000
15 -1107.028564 673.047363 271.125000 0.000000 135.000000 0.000000 0.000000 0.000000 1.000000 0.000000 135.000000 1.000000 0 0 0.000000
15 -1196.472290 758.767211 271.125000 0.000000 174.000000 0.000000 0.000000 0.000000 1.000000 0.000000 174.000000 1.000000 0 0 0.000000
15 -1040.512207 601.761474 271.125000 0.000000 -171.000000 0.000000 0.000000 0.000000 1.000000 0.000000 -171.000000 1.000000 0 0 0.000000
16 -1126.899902 447.014495 271.125000 0.000000 53.000000 0.000000 0.000000 0.000000 1.000000 0.000000 53.000000 1.000000 0 0 0.000000
16 -1004.702270 427.483917 271.125000 0.000000 148.000000 0.000000 0.000000 0.000000 1.000000 0.000000 148.000000 1.000000 0 0 0.000000
12 553.498291 -1379.069335 277.125000 0.000000 177.000000 0.000000 0.000000 0.000000 1.000000 0.000000 177.000000 1.000000 1 0 0.000000
16 723.940673 -1143.542480 279.125000 0.000000 7.000000 0.000000 0.000000 0.000000 1.000000 0.000000 7.000000 1.000000 0 0 0.000000
11 319.755920 -1141.244140 304.125000 0.000000 -179.000000 0.000000 0.000000 0.000000 1.000000 0.000000 -179.000000 1.000000 0 0 0.000000
14 551.077331 -1291.578735 271.125000 0.000000 -88.000000 0.000000 0.000000 0.000000 1.000000 0.000000 -88.000000 1.000000 1 0 0.000000
15 551.850646 -1167.824218 279.125000 0.000000 89.000000 0.000000 0.000000 0.000000 1.000000 0.000000 89.000000 1.000000 0 0 0.000000
15 644.496032 -1156.060424 279.125000 0.000000 90.000000 0.000000 0.000000 0.000000 1.000000 0.000000 90.000000 1.000000 0 0 0.000000
13 324.676544 -894.675842 277.125000 0.000000 -179.000000 0.000000 0.000000 0.000000 1.000000 0.000000 -179.000000 1.000000 0 0 0.000000
13 399.212738 -895.874572 277.125000 0.000000 -177.000000 0.000000 0.000000 0.000000 1.000000 0.000000 -177.000000 1.000000 0 0 0.000000
10 578.685546 -800.896362 284.125000 0.000000 -123.000000 0.000000 0.000000 0.000000 1.000000 0.000000 -123.000000 1.000000 0 0 0.000000
15 640.502746 -1368.667236 279.125000 0.000000 -85.000000 0.000000 0.000000 0.000000 1.000000 0.000000 -85.000000 1.000000 0 0 0.000000
15 456.167663 -1365.805908 279.125000 0.000000 -86.000000 0.000000 0.000000 0.000000 1.000000 0.000000 -86.000000 1.000000 0 0 0.000000
9 -931.502563 849.750244 260.125000 0.000000 64.000000 0.000000 0.000000 0.000000 1.000000 0.000000 64.000000 1.000000 1 0 0.000000
9 374.896362 857.555175 20.125000 0.000000 18.000000 0.000000 0.000000 0.000000 1.000000 0.000000 18.000000 1.000000 0 0 0.000000
14 2080.612792 1281.773803 23.125000 0.000000 88.000000 0.000000 0.000000 0.000000 1.000000 0.000000 88.000000 1.000000 1 0 0.000000
15 2182.411132 962.690551 31.125000 0.000000 176.000000 0.000000 0.000000 0.000000 1.000000 0.000000 176.000000 1.000000 0 0 0.000000
15 2188.342041 1074.526489 31.125000 0.000000 176.000000 0.000000 0.000000 0.000000 1.000000 0.000000 176.000000 1.000000 0 0 0.000000
14 2273.158203 766.110656 23.125000 0.000000 -89.000000 0.000000 0.000000 0.000000 1.000000 0.000000 -89.000000 1.000000 1 0 0.000000
14 1890.446411 757.664550 23.125000 0.000000 -90.000000 0.000000 0.000000 0.000000 1.000000 0.000000 -90.000000 1.000000 1 0 0.000000
14 1883.500610 1283.916381 23.125000 0.000000 87.000000 0.000000 0.000000 0.000000 1.000000 0.000000 87.000000 1.000000 1 0 0.000000
11 32.720664 649.702392 56.125000 0.000000 177.000000 0.000000 0.000000 0.000000 1.000000 0.000000 177.000000 1.000000 0 0 0.000000
11 48.862915 757.994750 56.125000 0.000000 176.000000 0.000000 0.000000 0.000000 1.000000 0.000000 176.000000 1.000000 0 0 0.000000
10 36.992340 705.437438 36.125000 0.000000 -179.000000 0.000000 0.000000 0.000000 1.000000 0.000000 -179.000000 1.000000 0 0 0.000000
11 290.092987 817.891113 56.125000 0.000000 -1.000000 0.000000 0.000000 0.000000 1.000000 0.000000 -1.000000 1.000000 0 1 0.000000
11 303.815460 767.196655 56.125000 0.000000 39.000000 0.000000 0.000000 0.000000 1.000000 0.000000 39.000000 1.000000 0 0 0.000000
15 2240.381347 1786.551391 271.125000 0.000000 -140.000000 0.000000 0.000000 0.000000 1.000000 0.000000 -140.000000 1.000000 0 0 0.000000
14 2270.673583 1282.680297 23.125000 0.000000 88.000000 0.000000 0.000000 0.000000 1.000000 0.000000 88.000000 1.000000 1 0 0.000000
13 2140.516113 1937.033569 172.418411 0.000000 -177.000000 0.000000 -0.373128 0.000000 0.927779 0.000000 -177.000000 1.000000 0 0 0.000000
11 351.580322 738.831970 56.125000 0.000000 101.000000 0.000000 0.000000 0.000000 1.000000 0.000000 101.000000 1.000000 0 0 0.000000
11 373.353637 -1141.140625 304.125000 0.000000 179.000000 0.000000 0.000000 0.000000 1.000000 0.000000 179.000000 1.000000 0 0 0.000000
11 629.318908 -1394.430419 414.250000 0.000000 -85.000000 0.000000 0.000000 0.000000 1.000000 0.000000 -85.000000 1.000000 0 0 0.000000
11 614.786987 -1289.918945 304.125000 0.000000 -14.000000 0.000000 0.000000 0.000000 1.000000 0.000000 -14.000000 1.000000 0 0 0.000000
11 431.539581 -1373.661621 414.250000 0.000000 -133.000000 0.000000 0.000000 0.000000 1.000000 0.000000 -133.000000 1.000000 0 0 0.000000
15 450.518890 -1234.315429 453.657836 0.000000 -108.000000 0.000000 0.707106 0.000000 0.707106 0.000000 -108.000000 1.000000 0 0 0.000000
10 631.401916 -1016.086975 284.125000 0.000000 60.000000 0.000000 0.000000 0.000000 1.000000 0.000000 60.000000 1.000000 0 0 0.000000
11 397.987030 745.760681 56.125000 0.000000 89.000000 0.000000 0.000000 0.000000 1.000000 0.000000 89.000000 1.000000 0 0 0.000000
15 51.831768 565.244384 31.125000 0.000000 -175.000000 0.000000 0.000000 0.000000 1.000000 0.000000 -175.000000 1.000000 0 0 0.000000
15 61.295227 826.229064 31.125000 0.000000 140.000000 0.000000 0.000000 0.000000 1.000000 0.000000 140.000000 1.000000 0 0 0.000000
15 147.252212 764.918884 31.125000 0.000000 99.000000 0.000000 0.000000 0.000000 1.000000 0.000000 99.000000 1.000000 1 0 0.000000
15 128.189575 665.955322 31.125000 0.000000 89.000000 0.000000 0.000000 0.000000 1.000000 0.000000 89.000000 1.000000 0 0 0.000000
11 286.979980 878.319152 56.125000 0.000000 -1.000000 0.000000 0.000000 0.000000 1.000000 0.000000 -1.000000 1.000000 0 0 0.000000
10 203.673233 859.102905 36.125000 0.000000 98.000000 0.000000 0.000000 0.000000 1.000000 0.000000 98.000000 1.000000 0 0 0.000000
14 286.688323 457.387023 23.125000 0.000000 -154.000000 0.000000 0.000000 0.000000 1.000000 0.000000 -154.000000 1.000000 1 0 0.000000
10 -72.704437 710.255371 44.124710 0.000000 1.000000 0.000000 0.000000 0.000000 1.000000 0.000000 1.000000 1.000000 0 0 0.000000
14 452.744781 656.676452 71.125000 0.000000 -2.000000 0.000000 0.000000 0.000000 1.000000 0.000000 -2.000000 1.000000 1 0 0.000000
10 -162.665054 701.211364 36.125000 0.000000 -87.000000 0.000000 0.000000 0.000000 1.000000 0.000000 -87.000000 1.000000 0 0 0.000000
11 -66.844772 648.777832 56.125000 0.000000 3.000000 0.000000 0.000000 0.000000 1.000000 0.000000 3.000000 1.000000 0 0 0.000000
15 370.388305 1024.897583 31.125000 0.000000 0.000000 0.000000 0.000000 0.000000 1.000000 0.000000 0.000000 1.000000 0 0 0.000000
11 -66.446952 760.919860 64.124710 0.000000 7.000000 0.000000 0.000000 0.000000 1.000000 0.000000 7.000000 1.000000 0 0 0.000000
15 283.569091 1022.039855 31.125000 0.000000 -2.000000 0.000000 0.000000 0.000000 1.000000 0.000000 -2.000000 1.000000 0 0 0.000000
15 188.146438 1020.628967 31.125000 0.000000 1.000000 0.000000 0.000000 0.000000 1.000000 0.000000 1.000000 1.000000 0 0 0.000000
15 97.796745 1018.523925 31.125000 0.000000 1.000000 0.000000 0.000000 0.000000 1.000000 0.000000 1.000000 1.000000 0 0 0.000000
11 -126.787399 1037.626220 56.125000 0.000000 -59.000000 0.000000 0.000000 0.000000 1.000000 0.000000 -59.000000 1.000000 0 0 0.000000
15 510.732513 941.536865 31.125000 0.000000 113.000000 0.000000 0.000000 0.000000 1.000000 0.000000 113.000000 1.000000 0 0 0.000000
15 515.548156 942.783935 141.250000 0.000000 117.000000 0.000000 0.000000 0.000000 1.000000 0.000000 117.000000 1.000000 0 0 0.000000
15 523.299011 945.884216 251.375000 0.000000 117.000000 0.000000 0.000000 0.000000 1.000000 0.000000 117.000000 1.000000 0 0 0.000000
15 526.060913 1146.367919 31.125000 0.000000 -92.000000 0.000000 0.000000 0.000000 1.000000 0.000000 -92.000000 1.000000 0 0 0.000000
15 530.842956 1143.494506 141.250000 0.000000 -88.000000 0.000000 0.000000 0.000000 1.000000 0.000000 -88.000000 1.000000 0 0 0.000000
15 519.321472 1141.487792 251.375000 0.000000 -84.000000 0.000000 0.000000 0.000000 1.000000 0.000000 -84.000000 1.000000 0 0 0.000000
11 644.747009 1285.600830 104.125000 0.000000 3.000000 0.000000 0.000000 0.000000 1.000000 0.000000 3.000000 1.000000 0 0 0.000000
11 645.944091 1241.837646 104.125000 0.000000 1.000000 0.000000 0.000000 0.000000 1.000000 0.000000 1.000000 1.000000 0 0 0.000000
11 641.568969 1286.740844 184.250000 0.000000 5.000000 0.000000 0.000000 0.000000 1.000000 0.000000 5.000000 1.000000 0 0 0.000000
15 656.901123 1050.256835 271.125000 0.000000 -179.000000 0.000000 0.000000 0.000000 1.000000 0.000000 -179.000000 1.000000 0 0 0.000000
11 648.223083 1249.300415 184.250000 0.000000 0.000000 0.000000 0.000000 0.000000 1.000000 0.000000 0.000000 1.000000 0 0 0.000000
15 413.417083 1056.932250 271.125000 0.000000 0.000000 0.000000 0.000000 0.000000 1.000000 0.000000 0.000000 1.000000 0 0 0.000000
11 627.625488 1449.536376 104.125000 0.000000 1.000000 0.000000 0.000000 0.000000 1.000000 0.000000 1.000000 1.000000 0 0 0.000000
11 639.434692 1399.107788 104.125000 0.000000 2.000000 0.000000 0.000000 0.000000 1.000000 0.000000 2.000000 1.000000 0 0 0.000000
11 635.448669 1457.020019 184.250000 0.000000 7.000000 0.000000 0.000000 0.000000 1.000000 0.000000 7.000000 1.000000 0 0 0.000000
11 639.288024 1396.197143 184.250000 0.000000 -7.000000 0.000000 0.000000 0.000000 1.000000 0.000000 -7.000000 1.000000 0 0 0.000000
10 925.572998 1469.267211 60.125000 0.000000 92.000000 0.000000 0.000000 0.000000 1.000000 0.000000 92.000000 1.000000 0 0 0.000000
11 649.591003 805.997741 104.125000 0.000000 -3.000000 0.000000 0.000000 0.000000 1.000000 0.000000 -3.000000 1.000000 0 0 0.000000
11 642.848144 750.417724 104.125000 0.000000 1.000000 0.000000 0.000000 0.000000 1.000000 0.000000 1.000000 1.000000 0 0 0.000000
11 655.130249 810.104492 184.250000 0.000000 0.000000 0.000000 0.000000 0.000000 1.000000 0.000000 0.000000 1.000000 0 0 0.000000
11 644.046142 761.194213 184.250000 0.000000 -1.000000 0.000000 0.000000 0.000000 1.000000 0.000000 -1.000000 1.000000 0 0 0.000000
11 639.807312 649.112426 104.125000 0.000000 0.000000 0.000000 0.000000 0.000000 1.000000 0.000000 0.000000 1.000000 0 0 0.000000
11 636.124633 599.003662 104.125000 0.000000 -9.000000 0.000000 0.000000 0.000000 1.000000 0.000000 -9.000000 1.000000 0 0 0.000000
11 633.210327 649.229309 184.250000 0.000000 5.000000 0.000000 0.000000 0.000000 1.000000 0.000000 5.000000 1.000000 0 0 0.000000
11 641.447204 596.005676 184.250000 0.000000 1.000000 0.000000 0.000000 0.000000 1.000000 0.000000 1.000000 1.000000 0 0 0.000000
11 588.421508 920.736938 56.125000 0.000000 79.000000 0.000000 0.000000 0.000000 1.000000 0.000000 79.000000 1.000000 0 0 0.000000
11 585.929748 921.180969 136.250000 0.000000 80.000000 0.000000 0.000000 0.000000 1.000000 0.000000 80.000000 1.000000 0 0 0.000000
11 585.929748 921.180969 216.375000 0.000000 80.000000 0.000000 0.000000 0.000000 1.000000 0.000000 80.000000 1.000000 0 0 0.000000
11 600.274719 1150.553955 56.125000 0.000000 -87.000000 0.000000 0.000000 0.000000 1.000000 0.000000 -87.000000 1.000000 0 0 0.000000
11 600.274719 1150.553955 136.250000 0.000000 -87.000000 0.000000 0.000000 0.000000 1.000000 0.000000 -87.000000 1.000000 0 0 0.000000
11 600.274719 1150.553955 216.375000 0.000000 -87.000000 0.000000 0.000000 0.000000 1.000000 0.000000 -87.000000 1.000000 0 0 0.000000
10 1040.608032 1291.514160 36.125000 0.000000 -95.000000 0.000000 0.000000 0.000000 1.000000 0.000000 -95.000000 1.000000 0 0 0.000000
14 866.773620 1516.674804 127.125000 0.000000 34.000000 0.000000 0.000000 0.000000 1.000000 0.000000 34.000000 1.000000 1 0 0.000000
10 787.475524 1521.398315 140.125000 0.000000 67.000000 0.000000 0.000000 0.000000 1.000000 0.000000 67.000000 1.000000 0 0 0.000000
10 864.252929 1222.448974 40.125000 0.000000 -134.000000 0.000000 0.000000 0.000000 1.000000 0.000000 -134.000000 1.000000 0 0 0.000000
14 934.754577 1066.691894 127.125000 0.000000 -55.000000 0.000000 0.000000 0.000000 1.000000 0.000000 -55.000000 1.000000 1 0 0.000000
14 935.421386 970.793334 127.125000 0.000000 -88.000000 0.000000 0.000000 0.000000 1.000000 0.000000 -88.000000 1.000000 1 0 0.000000
14 929.965637 872.122497 127.125000 0.000000 -92.000000 0.000000 0.000000 0.000000 1.000000 0.000000 -92.000000 1.000000 1 0 0.000000
14 820.331665 879.289184 127.125000 0.000000 178.000000 0.000000 0.000000 0.000000 1.000000 0.000000 178.000000 1.000000 1 0 0.000000
14 791.098999 768.495239 127.125000 0.000000 -94.000000 0.000000 0.000000 0.000000 1.000000 0.000000 -94.000000 1.000000 1 0 0.000000
14 881.984680 703.440673 127.125000 0.000000 -28.000000 0.000000 0.000000 0.000000 1.000000 0.000000 -28.000000 1.000000 1 0 0.000000
15 1027.809936 700.777526 31.125000 0.000000 10.000000 0.000000 0.000000 0.000000 1.000000 0.000000 10.000000 1.000000 0 0 0.000000
11 866.387207 878.164916 56.125000 0.000000 179.000000 0.000000 0.000000 0.000000 1.000000 0.000000 179.000000 1.000000 0 0 0.000000
10 850.968505 781.124267 60.125000 0.000000 6.000000 0.000000 0.000000 0.000000 1.000000 0.000000 6.000000 1.000000 0 0 0.000000
11 861.736267 528.591064 56.125000 0.000000 -1.000000 0.000000 0.000000 0.000000 1.000000 0.000000 -1.000000 1.000000 0 0 0.000000
11 861.779907 531.121643 136.250000 0.000000 0.000000 0.000000 0.000000 0.000000 1.000000 0.000000 0.000000 1.000000 0 0 0.000000
15 1213.064331 878.165954 31.125000 0.000000 -95.000000 0.000000 0.000000 0.000000 1.000000 0.000000 -95.000000 1.000000 0 0 0.000000
15 1215.528930 881.859375 141.250000 0.000000 -95.000000 0.000000 0.000000 0.000000 1.000000 0.000000 -95.000000 1.000000 0 0 0.000000
15 1200.592285 568.502624 31.125000 0.000000 96.000000 0.000000 0.000000 0.000000 1.000000 0.000000 96.000000 1.000000 0 0 0.000000
15 1200.592285 568.502624 141.250000 0.000000 96.000000 0.000000 0.000000 0.000000 1.000000 0.000000 96.000000 1.000000 0 0 0.000000
11 1275.871704 874.208374 166.250000 0.000000 -89.000000 0.000000 0.000000 0.000000 1.000000 0.000000 -89.000000 1.000000 0 0 0.000000
11 1139.385864 706.833618 56.125000 0.000000 177.000000 0.000000 0.000000 0.000000 1.000000 0.000000 177.000000 1.000000 0 0 0.000000
10 1152.545166 758.511657 36.125000 0.000000 152.000000 0.000000 0.000000 0.000000 1.000000 0.000000 152.000000 1.000000 0 0 0.000000
11 1213.649414 726.146423 56.125000 0.000000 67.000000 0.000000 0.000000 0.000000 1.000000 0.000000 67.000000 1.000000 0 0 0.000000
11 1212.478637 725.145629 136.250000 0.000000 66.000000 0.000000 0.000000 0.000000 1.000000 0.000000 66.000000 1.000000 0 0 0.000000
11 1217.037597 792.781677 56.125000 0.000000 125.000000 0.000000 0.000000 0.000000 1.000000 0.000000 125.000000 1.000000 0 0 0.000000
10 1217.665527 774.476074 116.250000 0.000000 125.000000 0.000000 0.000000 0.000000 1.000000 0.000000 125.000000 1.000000 0 0 0.000000
11 1267.649902 690.169433 56.125000 0.000000 94.000000 0.000000 0.000000 0.000000 1.000000 0.000000 94.000000 1.000000 0 0 0.000000
11 1264.055053 690.736022 136.250000 0.000000 96.000000 0.000000 0.000000 0.000000 1.000000 0.000000 96.000000 1.000000 0 0 0.000000
11 1261.477294 693.310485 216.375000 0.000000 96.000000 0.000000 0.000000 0.000000 1.000000 0.000000 96.000000 1.000000 0 0 0.000000
14 -166.689697 1698.334960 295.125000 0.000000 76.000000 0.000000 0.000000 0.000000 1.000000 0.000000 76.000000 1.000000 1 0 0.000000
10 141.144165 1423.559936 276.125000 0.000000 127.000000 0.000000 0.000000 0.000000 1.000000 0.000000 127.000000 1.000000 0 0 0.000000
13 331.362457 1356.056640 269.125000 0.000000 61.000000 0.000000 0.000000 0.000000 1.000000 0.000000 61.000000 1.000000 0 0 0.000000
11 391.426483 1178.682250 296.125000 0.000000 37.000000 0.000000 0.000000 0.000000 1.000000 0.000000 37.000000 1.000000 0 0 0.000000
14 901.516174 1313.331054 263.125000 0.000000 69.000000 0.000000 0.000000 0.000000 1.000000 0.000000 69.000000 1.000000 1 0 0.000000
15 907.190490 1224.896606 271.125000 0.000000 -15.000000 0.000000 0.000000 0.000000 1.000000 0.000000 -15.000000 1.000000 0 0 0.000000
15 995.321655 1280.714721 271.125000 0.000000 -40.000000 0.000000 0.000000 0.000000 1.000000 0.000000 -40.000000 1.000000 0 0 0.000000
15 965.096923 1376.696289 282.250000 0.000000 -51.000000 0.000000 0.000000 0.000000 1.000000 0.000000 -51.000000 1.000000 0 0 0.000000
10 836.296325 1294.615478 276.125000 0.000000 -65.000000 0.000000 0.000000 0.000000 1.000000 0.000000 -65.000000 1.000000 0 0 0.000000
11 853.027526 1379.847167 296.125000 0.000000 22.000000 0.000000 0.000000 0.000000 1.000000 0.000000 22.000000 1.000000 0 0 0.000000
15 884.246643 1478.986206 271.125000 0.000000 -26.000000 0.000000 0.000000 0.000000 1.000000 0.000000 -26.000000 1.000000 0 0 0.000000
11 940.788024 1433.504028 296.125000 0.000000 -127.000000 0.000000 0.000000 0.000000 1.000000 0.000000 -127.000000 1.000000 0 0 0.000000
11 989.604064 964.077880 296.125000 0.000000 89.000000 0.000000 0.000000 0.000000 1.000000 0.000000 89.000000 1.000000 0 0 0.000000
11 966.391113 1015.954223 296.125000 0.000000 80.000000 0.000000 0.000000 0.000000 1.000000 0.000000 80.000000 1.000000 0 0 0.000000
13 985.211120 789.498291 269.125000 0.000000 22.000000 0.000000 0.000000 0.000000 1.000000 0.000000 22.000000 1.000000 0 0 0.000000
13 910.394531 756.913574 269.125000 0.000000 24.000000 0.000000 0.000000 0.000000 1.000000 0.000000 24.000000 1.000000 0 0 0.000000
10 907.390808 606.424926 276.125000 0.000000 24.000000 0.000000 0.000000 0.000000 1.000000 0.000000 24.000000 1.000000 0 0 0.000000
10 970.416259 606.151000 276.125000 0.000000 39.000000 0.000000 0.000000 0.000000 1.000000 0.000000 39.000000 1.000000 0 0 0.000000
11 958.518676 1459.978149 376.250000 0.000000 -128.000000 0.000000 0.000000 0.000000 1.000000 0.000000 -128.000000 1.000000 0 0 0.000000
15 778.431518 1418.365966 271.125000 0.000000 -35.000000 0.000000 0.000000 0.000000 1.000000 0.000000 -35.000000 1.000000 0 0 0.000000
15 765.606445 1311.708740 271.125000 0.000000 66.000000 0.000000 0.000000 0.000000 1.000000 0.000000 66.000000 1.000000 0 0 0.000000
15 800.784729 1212.970581 271.125000 0.000000 51.000000 0.000000 0.000000 0.000000 1.000000 0.000000 51.000000 1.000000 0 0 0.000000
14 2463.163330 770.249572 23.125000 0.000000 -89.000000 0.000000 0.000000 0.000000 1.000000 0.000000 -89.000000 1.000000 1 0 0.000000
14 2467.788085 1280.350952 23.125000 0.000000 88.000000 0.000000 0.000000 0.000000 1.000000 0.000000 88.000000 1.000000 1 0 0.000000
11 2084.668945 959.364990 56.125000 0.000000 -3.000000 0.000000 0.000000 0.000000 1.000000 0.000000 -3.000000 1.000000 0 0 0.000000
10 2078.329345 1079.846923 36.125000 0.000000 4.000000 0.000000 0.000000 0.000000 1.000000 0.000000 4.000000 1.000000 0 0 0.000000
15 1968.725097 1082.303344 31.125000 0.000000 6.000000 0.000000 0.000000 0.000000 1.000000 0.000000 6.000000 1.000000 0 0 0.000000
15 1965.712890 966.224731 31.125000 0.000000 6.000000 0.000000 0.000000 0.000000 1.000000 0.000000 6.000000 1.000000 0 0 0.000000
11 1962.791870 1021.106445 56.125000 0.000000 -4.000000 0.000000 0.000000 0.000000 1.000000 0.000000 -4.000000 1.000000 0 0 0.000000
10 1830.731201 951.680847 36.125000 0.000000 -76.000000 0.000000 0.000000 0.000000 1.000000 0.000000 -76.000000 1.000000 0 0 0.000000
11 1814.174072 1110.540649 56.125000 0.000000 0.000000 0.000000 0.000000 0.000000 1.000000 0.000000 0.000000 1.000000 0 0 0.000000
11 2274.711914 1089.978637 56.125000 0.000000 93.000000 0.000000 0.000000 0.000000 1.000000 0.000000 93.000000 1.000000 0 0 0.000000
10 2281.423828 917.857177 36.125000 0.000000 -153.000000 0.000000 0.000000 0.000000 1.000000 0.000000 -153.000000 1.000000 0 0 0.000000
15 2236.109863 2078.652587 271.125000 0.000000 145.000000 0.000000 0.000000 0.000000 1.000000 0.000000 145.000000 1.000000 0 0 0.000000
14 1877.010131 1942.428344 263.125000 0.000000 -104.000000 0.000000 0.000000 0.000000 1.000000 0.000000 -104.000000 1.000000 1 0 0.000000
11 754.626953 2035.286987 -147.875000 0.000000 18.000000 0.000000 0.000000 0.000000 1.000000 0.000000 18.000000 1.000000 0 0 0.000000
14 678.202209 2020.312744 -180.875000 0.000000 0.000000 0.000000 0.000000 0.000000 1.000000 0.000000 0.000000 1.000000 1 0 0.000000
11 597.533325 2029.407470 -147.875000 0.000000 27.000000 0.000000 0.000000 0.000000 1.000000 0.000000 27.000000 1.000000 0 0 0.000000
13 1116.339965 1899.128906 -174.875000 0.000000 -151.000000 0.000000 0.000000 0.000000 1.000000 0.000000 -151.000000 1.000000 0 0 0.000000
11 989.025817 2003.763061 -147.875000 0.000000 178.000000 0.000000 0.000000 0.000000 1.000000 0.000000 178.000000 1.000000 0 0 0.000000
15 1154.582275 1298.991943 31.125000 0.000000 178.000000 0.000000 0.000000 0.000000 1.000000 0.000000 178.000000 1.000000 0 1 0.000000
15 1157.234497 1385.710571 31.125000 0.000000 -174.000000 0.000000 0.000000 0.000000 1.000000 0.000000 -174.000000 1.000000 0 1 0.000000
11 -1602.854370 514.341125 406.250000 0.000000 -9.000000 0.000000 0.000000 0.000000 1.000000 0.000000 -9.000000 1.000000 0 1 0.000000
11 -1099.930908 422.346740 376.250000 0.000000 135.000000 0.000000 0.000000 0.000000 1.000000 0.000000 135.000000 1.000000 0 1 0.000000
11 -868.433227 410.521484 376.250000 0.000000 -135.000000 0.000000 0.000000 0.000000 1.000000 0.000000 -135.000000 1.000000 0 1 0.000000
11 -817.568542 839.879699 406.250000 0.000000 29.000000 0.000000 0.000000 0.000000 1.000000 0.000000 29.000000 1.000000 0 1 0.000000
11 -1070.631591 438.095794 456.375000 0.000000 -38.000000 0.000000 0.000000 0.000000 1.000000 0.000000 -38.000000 1.000000 0 1 0.000000
15 549.547119 -1170.878906 389.250000 0.000000 86.000000 0.000000 0.000000 0.000000 1.000000 0.000000 86.000000 1.000000 0 1 0.000000
15 632.818664 -1146.114868 389.250000 0.000000 86.000000 0.000000 0.000000 0.000000 1.000000 0.000000 86.000000 1.000000 0 1 0.000000
11 620.979553 -1371.968261 414.250000 0.000000 -77.000000 0.000000 0.000000 0.000000 1.000000 0.000000 -77.000000 1.000000 0 1 0.000000
11 625.661743 -1353.261840 414.250000 0.000000 -60.000000 0.000000 0.000000 0.000000 1.000000 0.000000 -60.000000 1.000000 0 1 0.000000
11 617.764831 -1287.958496 384.250000 0.000000 -8.000000 0.000000 0.000000 0.000000 1.000000 0.000000 -8.000000 1.000000 0 1 0.000000
11 478.651885 -1374.997192 414.250000 0.000000 -132.000000 0.000000 0.000000 0.000000 1.000000 0.000000 -132.000000 1.000000 0 1 0.000000
11 461.787780 -1326.252075 414.250000 0.000000 -156.000000 0.000000 0.000000 0.000000 1.000000 0.000000 -156.000000 1.000000 0 1 0.000000
15 -63.715507 574.468750 31.125000 0.000000 -64.000000 0.000000 0.000000 0.000000 1.000000 0.000000 -64.000000 1.000000 0 1 0.000000
11 1953.268554 1636.319824 296.125000 0.000000 87.000000 0.000000 0.000000 0.000000 1.000000 0.000000 87.000000 1.000000 0 1 0.000000
11 736.158264 224.862594 -147.875000 0.000000 70.000000 0.000000 0.000000 0.000000 1.000000 0.000000 70.000000 1.000000 0 1 0.000000
11 -1385.387695 548.627502 296.125000 0.000000 -95.000000 0.000000 0.000000 0.000000 1.000000 0.000000 -95.000000 1.000000 0 1 0.000000
11 -57.614696 1167.924438 136.250000 0.000000 89.000000 0.000000 0.000000 0.000000 1.000000 0.000000 89.000000 1.000000 0 1 0.000000
11 -816.362976 523.798767 296.125000 0.000000 98.000000 0.000000 0.000000 0.000000 1.000000 0.000000 98.000000 1.000000 0 1 0.000000
15 -153.401184 565.513671 31.125000 0.000000 -74.000000 0.000000 0.000000 0.000000 1.000000 0.000000 -74.000000 1.000000 0 1 0.000000
15 -1416.362548 941.317260 31.125000 0.000000 178.000000 0.000000 0.000000 0.000000 1.000000 0.000000 178.000000 1.000000 0 1 0.000000
15 -1408.554931 1108.231689 31.125000 0.000000 -178.000000 0.000000 0.000000 0.000000 1.000000 0.000000 -178.000000 1.000000 0 1 0.000000
15 -1411.661987 1026.571899 31.125000 0.000000 -173.000000 0.000000 0.000000 0.000000 1.000000 0.000000 -173.000000 1.000000 0 1 0.000000
15 743.904785 1436.347167 31.125000 0.000000 77.000000 0.000000 0.000000 0.000000 1.000000 0.000000 77.000000 1.000000 0 1 0.000000
11 861.634338 526.062072 56.125000 0.000000 -2.000000 0.000000 0.000000 0.000000 1.000000 0.000000 -2.000000 1.000000 0 1 0.000000
15 1208.462524 871.811645 31.125000 0.000000 -99.000000 0.000000 0.000000 0.000000 1.000000 0.000000 -99.000000 1.000000 0 1 0.000000
15 1200.592285 568.502624 31.125000 0.000000 96.000000 0.000000 0.000000 0.000000 1.000000 0.000000 96.000000 1.000000 0 1 0.000000
11 1275.871704 874.208374 56.125000 0.000000 -89.000000 0.000000 0.000000 0.000000 1.000000 0.000000 -89.000000 1.000000 0 1 0.000000
11 1152.545166 758.511657 56.125000 0.000000 152.000000 0.000000 0.000000 0.000000 1.000000 0.000000 152.000000 1.000000 0 1 0.000000
11 1221.882080 789.067871 56.125000 0.000000 122.000000 0.000000 0.000000 0.000000 1.000000 0.000000 122.000000 1.000000 0 1 0.000000
15 -155.516159 570.425903 141.250000 0.000000 -88.000000 0.000000 0.000000 0.000000 1.000000 0.000000 -88.000000 1.000000 0 2 0.000000
15 -60.697475 578.360412 141.250000 0.000000 -72.000000 0.000000 0.000000 0.000000 1.000000 0.000000 -72.000000 1.000000 0 2 0.000000
11 1144.359741 1380.247070 166.250000 0.000000 178.000000 0.000000 0.000000 0.000000 1.000000 0.000000 178.000000 1.000000 0 2 0.000000
11 1128.984008 1295.352539 166.250000 0.000000 -177.000000 0.000000 0.000000 0.000000 1.000000 0.000000 -177.000000 1.000000 0 2 0.000000
11 -1531.410400 586.816162 267.093872 0.000000 179.000000 0.000000 0.000000 0.619644 0.784882 0.000000 179.000000 1.000000 0 2 0.000000
11 -57.614696 1167.924438 56.125000 0.000000 89.000000 0.000000 0.000000 0.000000 1.000000 0.000000 89.000000 1.000000 0 2 0.000000
11 615.969848 -1286.162231 464.375000 0.000000 -8.000000 0.000000 0.000000 0.000000 1.000000 0.000000 -8.000000 1.000000 0 3 0.000000
11 -1086.782104 415.186645 296.125000 0.000000 123.000000 0.000000 0.000000 0.000000 1.000000 0.000000 123.000000 1.000000 0 3 0.000000
11 -870.262817 408.692352 296.125000 0.000000 -135.000000 0.000000 0.000000 0.000000 1.000000 0.000000 -135.000000 1.000000 0 3 0.000000
15 -147.518371 1174.256225 31.125000 0.000000 78.000000 0.000000 0.000000 0.000000 1.000000 0.000000 78.000000 1.000000 0 4 0.000000
15 -147.518371 1174.256225 141.250000 0.000000 78.000000 0.000000 0.000000 0.000000 1.000000 0.000000 78.000000 1.000000 0 5 0.000000
