10 -489.592224 455.772949 52.125000 0.000000 80.000000 0.000000 0.000000 0.000000 1.000000 0.000000 80.000000 1.000000 0 0 0.000000
16 1006.407776 -1254.922241 -208.875000 0.000000 179.000000 0.000000 0.000000 0.000000 1.000000 0.000000 179.000000 1.000000 0 0 0.000000
16 1166.119507 -1213.370239 -208.875000 0.000000 178.000000 0.000000 0.000000 0.000000 1.000000 0.000000 178.000000 1.000000 0 0 0.000000
16 1015.953186 -1164.405762 -208.875000 0.000000 179.000000 0.000000 0.000000 0.000000 1.000000 0.000000 179.000000 1.000000 0 0 0.000000
11 1459.715332 -797.835571 -183.875000 0.000000 1.000000 0.000000 0.000000 0.000000 1.000000 0.000000 1.000000 1.000000 0 0 0.000000
16 968.004333 -1213.789795 -208.875000 0.000000 179.000000 0.000000 0.000000 0.000000 1.000000 0.000000 179.000000 1.000000 0 0 0.000000
16 1078.421753 -1138.844727 -208.875000 0.000000 179.000000 0.000000 0.000000 0.000000 1.000000 0.000000 179.000000 1.000000 0 0 0.000000
16 1047.581421 -1210.182251 -208.875000 0.000000 176.000000 0.000000 0.000000 0.000000 1.000000 0.000000 176.000000 1.000000 0 0 0.000000
11 1459.274048 -734.316467 -183.875000 0.000000 1.000000 0.000000 0.000000 0.000000 1.000000 0.000000 1.000000 1.000000 0 0 0.000000
16 1106.642822 -1211.494263 -208.875000 0.000000 178.000000 0.000000 0.000000 0.000000 1.000000 0.000000 178.000000 1.000000 0 0 0.000000
16 1214.026001 -1219.948730 -208.875000 0.000000 123.000000 0.000000 0.000000 0.000000 1.000000 0.000000 123.000000 1.000000 0 0 0.000000
11 1470.855103 -587.455933 -183.875000 0.000000 5.000000 0.000000 0.000000 0.000000 1.000000 0.000000 5.000000 1.000000 0 0 0.000000
11 1459.274048 -734.316467 -103.750000 0.000000 1.000000 0.000000 0.000000 0.000000 1.000000 0.000000 1.000000 1.000000 0 0 0.000000
16 1044.667603 -1288.533447 -208.875000 0.000000 179.000000 0.000000 0.000000 0.000000 1.000000 0.000000 179.000000 1.000000 0 0 0.000000
10 1205.734131 -305.253235 24.125000 0.000000 98.000000 0.000000 0.000000 0.000000 1.000000 0.000000 98.000000 1.000000 0 0 0.000000
1 70.224709 -847.411804 15.125000 0.000000 0.000000 0.000000 0.000000 0.000000 1.000000 0.000000 0.000000 1.000000 0 0 0.000000
1 3.759498 -794.158142 15.125000 0.000000 -52.000000 0.000000 0.000000 0.000000 1.000000 0.000000 -52.000000 1.000000 0 0 0.000000
13 393.475616 -967.749451 -210.875000 0.000000 89.000000 0.000000 0.000000 0.000000 1.000000 0.000000 89.000000 1.000000 0 0 0.000000
16 216.750259 -882.003479 15.125000 0.000000 -176.000000 0.000000 0.000000 0.000000 1.000000 0.000000 -176.000000 1.000000 0 0 0.000000
15 302.680084 -1004.465332 11.711482 0.000000 -174.000000 0.000000 0.000000 -0.707107 0.707107 0.000000 -174.000000 1.000000 0 0 0.000000
15 351.900330 -1005.270020 10.906795 0.000000 -174.000000 0.000000 0.000000 -0.707107 0.707107 0.000000 -174.000000 1.000000 0 0 0.000000
15 388.537811 -1006.323364 9.853450 0.000000 -170.000000 0.000000 0.000000 -0.707107 0.707107 0.000000 -170.000000 1.000000 0 0 0.000000
15 466.675049 -1007.575317 8.601496 0.000000 -32.000000 0.000000 0.000000 -0.707107 0.707107 0.000000 -32.000000 1.000000 0 0 0.000000
10 387.415527 -847.228088 20.125000 0.000000 -92.000000 0.000000 0.000000 0.000000 1.000000 0.000000 -92.000000 1.000000 0 0 0.000000
11 384.006927 -931.599426 40.125000 0.000000 -92.000000 0.000000 0.000000 0.000000 1.000000 0.000000 -92.000000 1.000000 0 0 0.000000
11 1220.991211 -227.774582 44.125000 0.000000 74.000000 0.000000 0.000000 0.000000 1.000000 0.000000 74.000000 1.000000 0 0 0.000000
11 1174.972290 -224.699265 40.125000 0.000000 98.000000 0.000000 0.000000 0.000000 1.000000 0.000000 98.000000 1.000000 0 0 0.000000
16 1183.139526 -184.539734 15.125000 0.000000 91.000000 0.000000 0.000000 0.000000 1.000000 0.000000 91.000000 1.000000 0 0 0.000000
15 1647.289795 -590.601440 15.125000 0.000000 -6.000000 0.000000 0.000000 0.000000 1.000000 0.000000 -6.000000 1.000000 0 0 0.000000
15 1199.484375 -128.404419 19.125002 0.000000 -92.000000 0.000000 0.000000 0.000000 1.000000 0.000000 -92.000000 1.000000 0 0 0.000000
5 1417.851318 -904.028076 79.757973 0.000000 -101.000000 88.000000 -0.707107 -0.707107 0.000000 -1.000000 -101.000000 0.000000 2 0 0.000000
5 1143.125000 -870.498230 81.391663 0.000000 -80.000000 -63.000000 1.000000 0.000000 0.000000 0.894427 -80.000000 0.447213 2 0 0.000000
5 1584.602173 -372.409851 68.462646 0.000000 65.000000 159.000000 0.000000 -0.894427 0.447213 0.000000 65.000000 -0.600000 2 0 0.000000
1 1371.526123 -10.991086 15.125000 0.000000 -47.000000 0.000000 0.000000 0.000000 1.000000 0.000000 -47.000000 1.000000 0 0 0.000000
1 1181.430420 -47.915691 15.125000 0.000000 -105.000000 0.000000 0.000000 0.000000 1.000000 0.000000 -105.000000 1.000000 0 0 0.000000
5 934.334717 -375.225922 78.827629 0.000000 -16.000000 87.000000 0.000000 -0.894427 0.447214 0.000000 -16.000000 0.000000 2 0 0.000000
5 934.854858 -648.061157 77.401978 0.000000 11.000000 -68.000000 0.000000 0.894427 0.447214 0.000000 11.000000 0.447213 2 0 0.000000
5 1654.969238 -648.875000 80.822975 0.000000 5.000000 -124.000000 0.000000 1.000000 0.000000 0.000000 5.000000 -0.600000 2 0 0.000000
5 1424.875000 -69.303246 91.486404 0.000000 94.000000 -124.000000 -1.000000 0.000000 0.000000 -0.800000 94.000000 -0.600000 2 0 0.000000
5 1135.125000 -106.305649 90.880219 0.000000 114.000000 130.000000 1.000000 0.000000 0.000000 0.800000 114.000000 -0.600000 2 0 0.000000
1 268.222473 -1134.891846 -208.875000 0.000000 157.000000 0.000000 0.000000 0.000000 1.000000 0.000000 157.000000 1.000000 0 0 0.000000
1 226.093018 -1279.382202 -208.875000 0.000000 166.000000 0.000000 0.000000 0.000000 1.000000 0.000000 166.000000 1.000000 0 0 0.000000
11 548.348145 -325.400635 -183.875000 0.000000 -53.000000 0.000000 0.000000 0.000000 1.000000 0.000000 -53.000000 1.000000 0 0 0.000000
11 2137.536377 -1754.259033 -183.875000 0.000000 -59.000000 0.000000 0.000000 0.000000 1.000000 0.000000 -59.000000 1.000000 0 0 0.000000
10 746.625488 96.624825 188.579163 0.000000 179.000000 0.000000 -0.124035 0.000000 0.992278 0.000000 179.000000 1.000000 0 0 0.000000
16 -548.042480 -42.601116 63.125000 0.000000 -100.000000 0.000000 0.000000 0.000000 1.000000 0.000000 -100.000000 1.000000 0 0 0.000000
11 496.030884 -297.556885 -183.875000 0.000000 -145.000000 0.000000 0.000000 0.000000 1.000000 0.000000 -145.000000 1.000000 0 0 0.000000
10 -247.988373 286.799988 20.125000 0.000000 178.000000 0.000000 0.000000 0.000000 1.000000 0.000000 178.000000 1.000000 0 0 0.000000
15 -452.067383 -11.672606 15.125000 0.000000 -146.000000 0.000000 0.000000 0.000000 1.000000 0.000000 -146.000000 1.000000 0 0 0.000000
10 -410.945496 529.540955 52.125000 0.000000 135.000000 0.000000 0.000000 0.000000 1.000000 0.000000 135.000000 1.000000 0 0 0.000000
10 -534.658447 544.934998 52.125000 0.000000 76.000000 0.000000 0.000000 0.000000 1.000000 0.000000 76.000000 1.000000 0 0 0.000000
11 -390.915466 473.518677 40.125000 0.000000 134.000000 0.000000 0.000000 0.000000 1.000000 0.000000 134.000000 1.000000 0 0 0.000000
10 -443.057922 476.503296 52.125000 0.000000 131.000000 0.000000 0.000000 0.000000 1.000000 0.000000 131.000000 1.000000 0 0 0.000000
10 1758.755615 -400.964386 76.125000 0.000000 158.000000 0.000000 0.000000 -0.000000 1.000000 0.000000 158.000000 1.000000 0 0 0.000000
10 -261.879486 52.870216 68.125000 0.000000 -92.000000 0.000000 0.000000 0.000000 1.000000 0.000000 -92.000000 1.000000 0 0 0.000000
10 -537.344971 -1.447409 68.125000 0.000000 -109.000000 0.000000 0.000000 0.000000 1.000000 0.000000 -109.000000 1.000000 0 0 0.000000
11 -317.104492 -32.590031 40.125000 0.000000 -56.000000 0.000000 0.000000 0.000000 1.000000 0.000000 -56.000000 1.000000 0 0 0.000000
11 -312.256439 30.995243 40.125000 0.000000 -56.000000 0.000000 0.000000 0.000000 1.000000 0.000000 -56.000000 1.000000 0 0 0.000000
15 -238.299332 132.874268 15.125000 0.000000 -27.000000 0.000000 0.000000 0.000000 1.000000 0.000000 -27.000000 1.000000 0 0 0.000000
15 1860.516724 -1835.370117 -208.875000 0.000000 50.000000 0.000000 0.000000 0.000000 1.000000 0.000000 50.000000 1.000000 0 0 0.000000
11 -214.309387 58.656567 40.125000 0.000000 -25.000000 0.000000 0.000000 0.000000 1.000000 0.000000 -25.000000 1.000000 0 0 0.000000
15 2115.512207 -1834.774780 -208.875000 0.000000 83.000000 0.000000 0.000000 0.000000 1.000000 0.000000 83.000000 1.000000 0 0 0.000000
11 2275.627197 -2128.218994 -183.875000 0.000000 85.000000 0.000000 0.000000 0.000000 1.000000 0.000000 85.000000 1.000000 0 0 0.000000
15 1952.565918 -1838.340942 -208.875000 0.000000 158.000000 0.000000 0.000000 0.000000 1.000000 0.000000 158.000000 1.000000 0 0 0.000000
15 2203.694336 -1828.224609 -208.875000 0.000000 103.000000 0.000000 0.000000 0.000000 1.000000 0.000000 103.000000 1.000000 0 0 0.000000
15 2008.703247 -1926.541016 -208.875000 0.000000 42.000000 0.000000 0.000000 0.000000 1.000000 0.000000 42.000000 1.000000 0 0 0.000000
14 1916.837402 -1748.271362 -216.875000 0.000000 -147.000000 0.000000 0.000000 0.000000 1.000000 0.000000 -147.000000 1.000000 0 0 0.000000
11 1288.927490 -2489.446289 -47.875000 0.000000 15.000000 0.000000 0.000000 0.000000 1.000000 0.000000 15.000000 1.000000 0 0 0.000000
10 1997.563354 -1696.431519 -203.875000 0.000000 -147.000000 0.000000 0.000000 0.000000 1.000000 0.000000 -147.000000 1.000000 0 0 0.000000
10 1891.137817 -2118.169189 -147.875000 0.000000 55.000000 0.000000 0.000000 -0.000000 1.000000 0.000000 55.000000 1.000000 0 0 0.000000
15 1349.721191 -1873.427124 -208.875000 0.000000 58.000000 0.000000 0.000000 0.000000 1.000000 0.000000 58.000000 1.000000 0 0 0.000000
15 2193.117676 -2495.900146 -208.875000 0.000000 -17.000000 0.000000 0.000000 0.000000 1.000000 0.000000 -17.000000 1.000000 0 0 0.000000
11 1412.252075 -1937.845947 -183.875000 0.000000 0.000000 0.000000 0.000000 0.000000 1.000000 0.000000 0.000000 1.000000 0 0 0.000000
11 1378.900269 -1988.820557 -183.875000 0.000000 0.000000 0.000000 0.000000 0.000000 1.000000 0.000000 0.000000 1.000000 0 0 0.000000
11 1368.156006 -2037.094727 -183.875000 0.000000 0.000000 0.000000 0.000000 0.000000 1.000000 0.000000 0.000000 1.000000 0 0 0.000000
11 1446.568359 -2139.982422 -183.875000 0.000000 0.000000 0.000000 0.000000 0.000000 1.000000 0.000000 0.000000 1.000000 0 0 0.000000
11 1422.464966 -2209.821289 -183.875000 0.000000 0.000000 0.000000 0.000000 0.000000 1.000000 0.000000 0.000000 1.000000 0 0 0.000000
11 1412.262207 -2089.246826 -183.875000 0.000000 0.000000 0.000000 0.000000 0.000000 1.000000 0.000000 0.000000 1.000000 0 0 0.000000
11 1421.598511 -2402.882812 -183.875000 0.000000 0.000000 0.000000 0.000000 0.000000 1.000000 0.000000 0.000000 1.000000 0 0 0.000000
11 1426.789795 -2280.851074 -183.875000 0.000000 0.000000 0.000000 0.000000 0.000000 1.000000 0.000000 0.000000 1.000000 0 0 0.000000
11 1421.031006 -2343.923096 -183.875000 0.000000 0.000000 0.000000 0.000000 0.000000 1.000000 0.000000 0.000000 1.000000 0 0 0.000000
11 1404.825562 -2447.353271 -183.875000 0.000000 -8.000000 0.000000 0.000000 0.000000 1.000000 0.000000 -8.000000 1.000000 0 0 0.000000
15 1349.725098 -2512.933350 -208.875000 0.000000 -66.000000 0.000000 0.000000 0.000000 1.000000 0.000000 -66.000000 1.000000 0 0 0.000000
11 1419.442383 -1891.564941 -183.875000 0.000000 148.000000 0.000000 0.000000 0.000000 1.000000 0.000000 148.000000 1.000000 0 0 0.000000
11 1291.842407 -2536.301758 -47.875000 0.000000 -8.000000 0.000000 0.000000 0.000000 1.000000 0.000000 -8.000000 1.000000 0 0 0.000000
11 2445.941650 -2081.543457 -183.875000 0.000000 89.000000 0.000000 0.000000 0.000000 1.000000 0.000000 89.000000 1.000000 0 0 0.000000
11 1289.774780 -1874.551758 -47.875000 0.000000 -35.000000 0.000000 0.000000 0.000000 1.000000 0.000000 -35.000000 1.000000 0 0 0.000000
11 1303.559937 -1825.241211 -47.875000 0.000000 -8.000000 0.000000 0.000000 0.000000 1.000000 0.000000 -8.000000 1.000000 0 0 0.000000
11 2350.341797 -2431.064941 -183.875000 0.000000 111.000000 0.000000 0.000000 0.000000 1.000000 0.000000 111.000000 1.000000 0 0 0.000000
10 2398.321777 -2452.059570 -203.875000 0.000000 57.000000 0.000000 0.000000 0.000000 1.000000 0.000000 57.000000 1.000000 0 0 0.000000
13 684.078003 -511.699097 17.125002 0.000000 0.000000 0.000000 0.000000 0.000000 1.000000 0.000000 0.000000 1.000000 0 0 0.000000
15 927.725830 -431.397308 19.125002 0.000000 -179.000000 0.000000 0.000000 0.000000 1.000000 0.000000 -179.000000 1.000000 0 0 0.000000
15 930.809143 -589.690002 19.125002 0.000000 -2.000000 0.000000 0.000000 0.000000 1.000000 0.000000 -2.000000 1.000000 0 0 0.000000
13 935.945801 -511.739716 37.125000 0.000000 -1.000000 0.000000 0.000000 0.000000 1.000000 0.000000 -1.000000 1.000000 0 0 0.000000
15 1360.606812 -904.694214 19.125000 0.000000 87.000000 0.000000 0.000000 0.000000 1.000000 0.000000 87.000000 1.000000 0 0 0.000000
15 1199.249268 -870.265076 19.125002 0.000000 -101.000000 0.000000 0.000000 0.000000 1.000000 0.000000 -101.000000 1.000000 0 0 0.000000
11 1307.231201 -1303.612183 40.125000 0.000000 -68.000000 0.000000 0.000000 0.000000 1.000000 0.000000 -68.000000 1.000000 0 0 0.000000
11 1253.702271 -1310.146973 40.125000 0.000000 -97.000000 0.000000 0.000000 0.000000 1.000000 0.000000 -97.000000 1.000000 0 0 0.000000
15 615.215759 145.007507 175.125000 0.000000 8.000000 0.000000 0.000000 0.000000 1.000000 0.000000 8.000000 1.000000 0 0 0.000000
11 581.379456 80.918182 188.125000 0.000000 -10.000000 0.000000 0.000000 0.000000 1.000000 0.000000 -10.000000 1.000000 0 0 0.000000
10 599.995239 432.321350 -139.875000 0.000000 -92.000000 0.000000 0.000000 0.000000 1.000000 0.000000 -92.000000 1.000000 0 0 0.000000
10 424.809387 388.655365 -139.875000 0.000000 -123.000000 0.000000 0.000000 0.000000 1.000000 0.000000 -123.000000 1.000000 0 0 0.000000
1 587.808655 589.813477 304.875000 0.000000 -161.000000 170.000000 0.000000 0.000000 -1.000000 -0.447213 -161.000000 -0.894427 0 0 0.000000
6 568.057495 605.303345 -150.875000 0.000000 -4.000000 0.000000 0.000000 0.000000 1.000000 0.000000 -4.000000 1.000000 0 0 0.000000
6 1015.783203 -747.821472 73.125000 0.000000 58.000000 0.000000 0.000000 0.000000 1.000000 0.000000 58.000000 1.000000 0 0 0.000000
2 1024.581299 -735.187073 519.125000 0.000000 -95.000000 0.000000 0.000000 0.000000 1.000000 0.000000 -95.000000 1.000000 0 0 0.000000
2 468.822357 619.132385 783.125000 0.000000 178.000000 0.000000 0.000000 0.000000 1.000000 0.000000 178.000000 1.000000 0 0 0.000000
4 1947.618164 -748.042419 -208.875000 0.000000 -7.000000 0.000000 0.000000 0.000000 1.000000 0.000000 -7.000000 1.000000 0 0 0.000000
1 846.617371 -139.127426 -120.668938 0.000000 164.000000 0.000000 0.447214 -0.000000 0.894427 0.000000 164.000000 1.000000 0 0 0.000000
6 769.348145 -261.134705 -214.875000 0.000000 47.000000 0.000000 0.000000 0.000000 1.000000 0.000000 47.000000 1.000000 0 0 0.000000
2 1959.673828 -729.222534 -72.875000 0.000000 1.000000 0.000000 0.000000 0.000000 1.000000 0.000000 1.000000 1.000000 0 0 0.000000
2 520.722717 -892.963135 183.125000 0.000000 -39.000000 0.000000 0.000000 0.000000 1.000000 0.000000 -39.000000 1.000000 0 0 0.000000
6 571.973267 -907.731323 9.125000 0.000000 -31.000000 0.000000 0.000000 0.000000 1.000000 0.000000 -31.000000 1.000000 0 0 0.000000
4 1953.973755 -656.618469 -208.875000 0.000000 6.000000 0.000000 0.000000 0.000000 1.000000 0.000000 6.000000 1.000000 0 0 0.000000
4 2331.762451 -706.775269 -95.125000 0.000000 -2.000000 180.000000 0.000000 0.000000 -1.000000 0.000000 -2.000000 0.000000 0 0 0.000000
1 1543.668945 -823.944885 367.125000 0.000000 93.000000 0.000000 0.000000 0.000000 1.000000 0.000000 93.000000 1.000000 0 0 0.000000
1 2444.877197 -1327.555420 -208.875000 0.000000 -68.000000 0.000000 0.000000 0.000000 1.000000 0.000000 -68.000000 1.000000 0 0 0.000000
4 2344.622314 -1408.518433 -208.875000 0.000000 -105.000000 0.000000 0.000000 0.000000 1.000000 0.000000 -105.000000 1.000000 0 0 0.000000
1 1567.190186 -1317.641113 15.125000 0.000000 -139.000000 0.000000 0.000000 0.000000 1.000000 0.000000 -139.000000 1.000000 0 0 0.000000
4 1626.739868 -972.808960 15.125000 0.000000 101.000000 0.000000 0.000000 0.000000 1.000000 0.000000 101.000000 1.000000 0 0 0.000000
4 1379.727295 -1095.414917 367.125000 0.000000 -105.000000 0.000000 0.000000 0.000000 1.000000 0.000000 -105.000000 1.000000 0 0 0.000000
4 1721.195679 -1252.548950 359.125000 0.000000 -41.000000 0.000000 0.000000 0.000000 1.000000 0.000000 -41.000000 1.000000 0 0 0.000000
4 1754.679688 -1263.339355 367.125000 0.000000 -115.000000 0.000000 0.000000 0.000000 1.000000 0.000000 -115.000000 1.000000 0 0 0.000000
13 1343.980835 -1047.380005 433.125000 0.000000 -112.000000 0.000000 0.000000 0.000000 1.000000 0.000000 -112.000000 1.000000 0 0 0.000000
11 1324.531006 -919.465759 460.125000 0.000000 138.000000 0.000000 0.000000 0.000000 1.000000 0.000000 138.000000 1.000000 0 0 0.000000
11 1362.509155 -875.241455 460.125000 0.000000 113.000000 0.000000 0.000000 0.000000 1.000000 0.000000 113.000000 1.000000 0 0 0.000000
11 1385.379639 -986.795227 460.125000 0.000000 -137.000000 0.000000 0.000000 0.000000 1.000000 0.000000 -137.000000 1.000000 0 0 0.000000
10 -35.178352 -68.484810 244.125000 0.000000 -179.000000 0.000000 0.000000 0.000000 1.000000 0.000000 -179.000000 1.000000 0 0 0.000000
12 1265.307861 -1067.696655 602.250000 0.000000 -88.000000 0.000000 0.000000 0.000000 1.000000 0.000000 -88.000000 1.000000 1 0 0.000000
14 947.528320 -1222.627808 71.125000 0.000000 -139.000000 0.000000 0.000000 0.000000 1.000000 0.000000 -139.000000 1.000000 0 0 0.000000
11 704.241455 -227.472717 -183.875000 0.000000 114.000000 0.000000 0.000000 0.000000 1.000000 0.000000 114.000000 1.000000 0 0 0.000000
11 727.269470 -170.085358 -183.875000 0.000000 117.000000 0.000000 0.000000 0.000000 1.000000 0.000000 117.000000 1.000000 0 0 0.000000
11 773.309448 -139.739212 -183.875000 0.000000 112.000000 0.000000 0.000000 0.000000 1.000000 0.000000 112.000000 1.000000 0 0 0.000000
13 655.875610 -411.057343 -210.875000 0.000000 -174.000000 0.000000 0.000000 0.000000 1.000000 0.000000 -174.000000 1.000000 0 0 0.000000
11 279.105988 612.814697 40.125000 0.000000 179.000000 0.000000 0.000000 0.000000 1.000000 0.000000 179.000000 1.000000 0 0 0.000000
13 732.927734 -402.149719 -210.875000 0.000000 -110.000000 0.000000 0.000000 0.000000 1.000000 0.000000 -110.000000 1.000000 0 0 0.000000
13 804.413025 -356.365387 -210.875000 0.000000 -100.000000 0.000000 0.000000 0.000000 1.000000 0.000000 -100.000000 1.000000 0 0 0.000000
10 647.678650 -350.005646 -203.875000 0.000000 -149.000000 0.000000 0.000000 0.000000 1.000000 0.000000 -149.000000 1.000000 0 0 0.000000
11 534.550354 -209.182526 -183.875000 0.000000 -2.000000 0.000000 0.000000 0.000000 1.000000 0.000000 -2.000000 1.000000 0 0 0.000000
11 474.304688 -181.592270 -183.875000 0.000000 2.000000 0.000000 0.000000 0.000000 1.000000 0.000000 2.000000 1.000000 0 0 0.000000
11 414.332611 -158.628326 -183.875000 0.000000 2.000000 0.000000 0.000000 0.000000 1.000000 0.000000 2.000000 1.000000 0 0 0.000000
11 345.749115 -148.847839 -183.875000 0.000000 3.000000 0.000000 0.000000 0.000000 1.000000 0.000000 3.000000 1.000000 0 0 0.000000
11 292.214417 -142.108734 -183.875000 0.000000 56.000000 0.000000 0.000000 0.000000 1.000000 0.000000 56.000000 1.000000 0 0 0.000000
11 238.971985 -142.614243 -183.875000 0.000000 79.000000 0.000000 0.000000 0.000000 1.000000 0.000000 79.000000 1.000000 0 0 0.000000
11 442.511414 -265.751648 -183.875000 0.000000 -6.000000 0.000000 0.000000 0.000000 1.000000 0.000000 -6.000000 1.000000 0 0 0.000000
11 369.442505 -241.773682 -183.875000 0.000000 -12.000000 0.000000 0.000000 0.000000 1.000000 0.000000 -12.000000 1.000000 0 0 0.000000
11 316.282074 -226.513535 -183.875000 0.000000 -7.000000 0.000000 0.000000 0.000000 1.000000 0.000000 -7.000000 1.000000 0 0 0.000000
11 261.982788 -240.111450 -183.875000 0.000000 0.000000 0.000000 0.000000 0.000000 1.000000 0.000000 0.000000 1.000000 0 0 0.000000
13 124.326065 -275.686066 -210.875000 0.000000 -91.000000 0.000000 0.000000 0.000000 1.000000 0.000000 -91.000000 1.000000 0 0 0.000000
11 55.889076 -298.129028 -183.875000 0.000000 -83.000000 0.000000 0.000000 0.000000 1.000000 0.000000 -83.000000 1.000000 0 0 0.000000
13 233.409241 -297.257233 -210.875000 0.000000 -19.000000 0.000000 0.000000 0.000000 1.000000 0.000000 -19.000000 1.000000 0 0 0.000000
10 113.361580 -92.277229 -203.875000 0.000000 -2.000000 0.000000 0.000000 0.000000 1.000000 0.000000 -2.000000 1.000000 0 0 0.000000
13 -30.196457 -99.942719 -210.875000 0.000000 124.000000 0.000000 0.000000 0.000000 1.000000 0.000000 124.000000 1.000000 0 0 0.000000
10 122.742752 -353.790985 -203.875000 0.000000 31.000000 0.000000 0.000000 0.000000 1.000000 0.000000 31.000000 1.000000 0 0 0.000000
14 58.783310 -395.257782 -216.875000 0.000000 -141.000000 0.000000 0.000000 0.000000 1.000000 0.000000 -141.000000 1.000000 0 0 0.000000
11 359.280731 -421.411530 -183.875000 0.000000 -143.000000 0.000000 0.000000 0.000000 1.000000 0.000000 -143.000000 1.000000 0 0 0.000000
11 418.933380 -411.835785 -183.875000 0.000000 -116.000000 0.000000 0.000000 0.000000 1.000000 0.000000 -116.000000 1.000000 0 0 0.000000
10 243.353424 -371.920288 -203.875000 0.000000 -171.000000 0.000000 0.000000 0.000000 1.000000 0.000000 -171.000000 1.000000 0 0 0.000000
15 572.170654 66.108643 -208.875000 0.000000 5.000000 0.000000 0.000000 0.000000 1.000000 0.000000 5.000000 1.000000 0 0 0.000000
15 185.189835 268.181488 -144.875000 0.000000 92.000000 0.000000 0.000000 0.000000 1.000000 0.000000 92.000000 1.000000 0 0 0.000000
15 554.495728 271.479980 -144.875000 0.000000 98.000000 0.000000 0.000000 0.000000 1.000000 0.000000 98.000000 1.000000 0 0 0.000000
11 609.517761 338.269318 -119.875000 0.000000 96.000000 0.000000 0.000000 0.000000 1.000000 0.000000 96.000000 1.000000 0 0 0.000000
15 457.226349 319.922760 -144.875000 0.000000 -7.000000 0.000000 0.000000 0.000000 1.000000 0.000000 -7.000000 1.000000 0 0 0.000000
15 357.926788 365.340485 -144.875000 0.000000 -7.000000 0.000000 0.000000 0.000000 1.000000 0.000000 -7.000000 1.000000 0 0 0.000000
15 265.193787 434.593201 -144.875000 0.000000 -47.000000 0.000000 0.000000 0.000000 1.000000 0.000000 -47.000000 1.000000 0 0 0.000000
15 178.124237 439.092041 -144.875000 0.000000 -94.000000 0.000000 0.000000 0.000000 1.000000 0.000000 -94.000000 1.000000 0 0 0.000000
11 515.013855 390.791809 -119.875000 0.000000 177.000000 0.000000 0.000000 0.000000 1.000000 0.000000 177.000000 1.000000 0 0 0.000000
11 535.749146 439.866486 -119.875000 0.000000 144.000000 0.000000 0.000000 0.000000 1.000000 0.000000 144.000000 1.000000 0 0 0.000000
11 529.139404 500.722168 -119.875000 0.000000 150.000000 0.000000 0.000000 0.000000 1.000000 0.000000 150.000000 1.000000 0 0 0.000000
11 477.233643 525.208557 -119.875000 0.000000 -141.000000 0.000000 0.000000 0.000000 1.000000 0.000000 -141.000000 1.000000 0 0 0.000000
11 487.610718 451.481781 -31.875000 0.000000 -15.000000 0.000000 0.000000 0.000000 1.000000 0.000000 -15.000000 1.000000 0 0 0.000000
11 552.112976 441.199341 0.125000 0.000000 0.000000 0.000000 0.000000 0.000000 1.000000 0.000000 0.000000 1.000000 0 0 0.000000
15 667.323975 840.658447 15.125000 0.000000 -11.000000 0.000000 0.000000 0.000000 1.000000 0.000000 -11.000000 1.000000 0 0 0.000000
15 635.891968 745.882996 15.125000 0.000000 -57.000000 0.000000 0.000000 0.000000 1.000000 0.000000 -57.000000 1.000000 0 0 0.000000
15 269.932526 835.358948 -144.875000 0.000000 -5.000000 0.000000 0.000000 0.000000 1.000000 0.000000 -5.000000 1.000000 0 0 0.000000
11 634.535706 489.299072 40.125000 0.000000 3.000000 0.000000 0.000000 0.000000 1.000000 0.000000 3.000000 1.000000 0 0 0.000000
11 642.461670 414.223755 40.125000 0.000000 -25.000000 0.000000 0.000000 0.000000 1.000000 0.000000 -25.000000 1.000000 0 0 0.000000
14 581.617676 849.823364 -152.875000 0.000000 39.000000 0.000000 0.000000 0.000000 1.000000 0.000000 39.000000 1.000000 0 0 0.000000
13 506.576599 685.332336 -146.875000 0.000000 59.000000 0.000000 0.000000 0.000000 1.000000 0.000000 59.000000 1.000000 0 0 0.000000
13 504.155060 827.348450 -146.875000 0.000000 68.000000 0.000000 0.000000 0.000000 1.000000 0.000000 68.000000 1.000000 0 0 0.000000
11 475.280060 747.828125 -119.875000 0.000000 -150.000000 0.000000 0.000000 0.000000 1.000000 0.000000 -150.000000 1.000000 0 0 0.000000
13 583.055054 682.138123 -146.875000 0.000000 -87.000000 0.000000 0.000000 0.000000 1.000000 0.000000 -87.000000 1.000000 0 0 0.000000
13 318.768311 674.337524 13.125000 0.000000 162.000000 0.000000 0.000000 0.000000 1.000000 0.000000 162.000000 1.000000 0 0 0.000000
10 545.770203 764.115112 -139.875000 0.000000 -119.000000 0.000000 0.000000 0.000000 1.000000 0.000000 -119.000000 1.000000 0 0 0.000000
11 736.138611 673.307068 40.125000 0.000000 13.000000 0.000000 0.000000 0.000000 1.000000 0.000000 13.000000 1.000000 0 0 0.000000
13 721.339172 608.145447 13.125000 0.000000 -18.000000 0.000000 0.000000 0.000000 1.000000 0.000000 -18.000000 1.000000 0 0 0.000000
10 830.415710 634.477783 20.125000 0.000000 -175.000000 0.000000 0.000000 0.000000 1.000000 0.000000 -175.000000 1.000000 0 0 0.000000
10 1090.555908 510.131958 20.125000 0.000000 0.000000 0.000000 0.000000 0.000000 1.000000 0.000000 0.000000 1.000000 0 0 0.000000
10 1266.611084 380.722717 17.057392 0.000000 -88.000000 0.000000 0.894427 0.000000 0.447214 0.000000 -88.000000 1.000000 0 0 0.000000
13 1167.541504 510.590363 13.125000 0.000000 169.000000 0.000000 0.000000 0.000000 1.000000 0.000000 169.000000 1.000000 0 0 0.000000
11 1297.626221 315.007385 40.125000 0.000000 -93.000000 0.000000 0.000000 0.000000 1.000000 0.000000 -93.000000 1.000000 0 0 0.000000
11 1248.835938 282.596344 40.125000 0.000000 -96.000000 0.000000 0.000000 0.000000 1.000000 0.000000 -96.000000 1.000000 0 0 0.000000
13 1287.183228 79.716591 17.125002 0.000000 -90.000000 0.000000 0.000000 0.000000 1.000000 0.000000 -90.000000 1.000000 0 0 0.000000
11 1377.511597 -162.004089 40.125000 0.000000 -89.000000 0.000000 0.000000 0.000000 1.000000 0.000000 -89.000000 1.000000 0 0 0.000000
11 1345.563354 -207.347015 44.125000 0.000000 -96.000000 0.000000 0.000000 0.000000 1.000000 0.000000 -96.000000 1.000000 0 0 0.000000
13 1278.355347 -204.450195 37.125000 0.000000 -100.000000 0.000000 0.000000 0.000000 1.000000 0.000000 -100.000000 1.000000 0 0 0.000000
15 1364.237671 -81.098511 19.125002 0.000000 -85.000000 0.000000 0.000000 0.000000 1.000000 0.000000 -85.000000 1.000000 0 0 0.000000
13 869.117676 249.111282 13.125000 0.000000 178.000000 0.000000 0.000000 0.000000 1.000000 0.000000 178.000000 1.000000 0 0 0.000000
9 654.022827 -157.863007 -219.875000 0.000000 132.000000 0.000000 0.000000 0.000000 1.000000 0.000000 132.000000 1.000000 0 0 0.000000
10 1281.249756 -366.244110 132.125000 0.000000 -88.000000 0.000000 0.000000 0.000000 1.000000 0.000000 -88.000000 1.000000 0 0 0.000000
15 1023.878174 -520.630127 127.125000 0.000000 -152.000000 0.000000 0.000000 0.000000 1.000000 0.000000 -152.000000 1.000000 0 0 0.000000
15 1134.293823 -505.954285 139.125000 0.000000 -97.000000 0.000000 0.000000 0.000000 1.000000 0.000000 -97.000000 1.000000 0 0 0.000000
13 1277.566406 -789.383423 125.124992 0.000000 -89.000000 0.000000 0.000000 0.000000 1.000000 0.000000 -89.000000 1.000000 0 0 0.000000
13 1278.247681 -1117.235596 17.125002 0.000000 86.000000 0.000000 0.000000 0.000000 1.000000 0.000000 86.000000 1.000000 0 0 0.000000
13 1278.825928 -931.368408 37.125000 0.000000 -91.000000 0.000000 0.000000 0.000000 1.000000 0.000000 -91.000000 1.000000 0 0 0.000000
15 1579.495605 -433.340881 15.125000 0.000000 -4.000000 0.000000 0.000000 0.000000 1.000000 0.000000 -4.000000 1.000000 0 0 0.000000
11 1601.300903 -505.638000 40.125000 0.000000 -174.000000 0.000000 0.000000 0.000000 1.000000 0.000000 -174.000000 1.000000 0 0 0.000000
11 1427.181885 -499.138397 152.125000 0.000000 -6.000000 0.000000 0.000000 0.000000 1.000000 0.000000 -6.000000 1.000000 0 0 0.000000
14 1833.054321 -449.125244 7.125000 0.000000 76.000000 0.000000 0.000000 0.000000 1.000000 0.000000 76.000000 1.000000 0 0 0.000000
10 1733.425415 -469.360382 76.125000 0.000000 -157.000000 0.000000 0.000000 -0.000000 1.000000 0.000000 -157.000000 1.000000 0 0 0.000000
10 1280.417236 -1410.115723 20.125000 0.000000 -90.000000 0.000000 0.000000 0.000000 1.000000 0.000000 -90.000000 1.000000 0 0 0.000000
13 1282.137573 -1479.203125 13.125000 0.000000 90.000000 0.000000 0.000000 0.000000 1.000000 0.000000 90.000000 1.000000 0 0 0.000000
10 1284.127808 -1551.365356 20.125000 0.000000 90.000000 0.000000 0.000000 0.000000 1.000000 0.000000 90.000000 1.000000 0 0 0.000000
13 385.659027 -888.173157 -210.875000 0.000000 -88.000000 0.000000 0.000000 0.000000 1.000000 0.000000 -88.000000 1.000000 0 0 0.000000
10 383.660492 -808.345154 -203.875000 0.000000 176.000000 0.000000 0.000000 0.000000 1.000000 0.000000 176.000000 1.000000 0 0 0.000000
11 644.316101 -220.204880 -183.875000 0.000000 143.000000 0.000000 0.000000 0.000000 1.000000 0.000000 143.000000 1.000000 0 0 0.000000
14 2390.643311 -2517.098389 -216.875000 0.000000 -59.000000 0.000000 0.000000 0.000000 1.000000 0.000000 -59.000000 1.000000 0 0 0.000000
15 2281.962402 -2443.493408 -208.875000 0.000000 -70.000000 0.000000 0.000000 0.000000 1.000000 0.000000 -70.000000 1.000000 0 0 0.000000
15 2370.497803 -2365.764404 -208.875000 0.000000 -70.000000 0.000000 0.000000 0.000000 1.000000 0.000000 -70.000000 1.000000 0 0 0.000000
13 617.383606 -1126.714722 -210.875000 0.000000 -1.000000 0.000000 0.000000 0.000000 1.000000 0.000000 -1.000000 1.000000 0 0 0.000000
13 616.739380 -1202.520996 -210.875000 0.000000 -5.000000 0.000000 0.000000 0.000000 1.000000 0.000000 -5.000000 1.000000 0 0 0.000000
13 623.331177 -1284.875000 -210.875000 0.000000 -9.000000 0.000000 0.000000 0.000000 1.000000 0.000000 -9.000000 1.000000 0 0 0.000000
11 556.873047 -1311.454346 -183.875000 0.000000 -18.000000 0.000000 0.000000 0.000000 1.000000 0.000000 -18.000000 1.000000 0 0 0.000000
15 1235.865356 -1713.795898 -208.875000 0.000000 -90.000000 0.000000 0.000000 0.000000 1.000000 0.000000 -90.000000 1.000000 0 0 0.000000
15 1135.167236 -1734.949341 -208.875000 0.000000 -90.000000 0.000000 0.000000 0.000000 1.000000 0.000000 -90.000000 1.000000 0 0 0.000000
15 1080.254395 -1835.834351 -208.875000 0.000000 -80.000000 0.000000 0.000000 0.000000 1.000000 0.000000 -80.000000 1.000000 0 0 0.000000
11 740.953247 -995.362244 40.125000 0.000000 89.000000 0.000000 0.000000 0.000000 1.000000 0.000000 89.000000 1.000000 0 0 0.000000
11 793.306152 -986.914734 40.125000 0.000000 88.000000 0.000000 0.000000 0.000000 1.000000 0.000000 88.000000 1.000000 0 0 0.000000
10 702.361450 -1332.518921 20.125000 0.000000 121.000000 0.000000 0.000000 0.000000 1.000000 0.000000 121.000000 1.000000 0 0 0.000000
15 1594.671875 -1451.964355 15.125000 0.000000 104.000000 0.000000 0.000000 0.000000 1.000000 0.000000 104.000000 1.000000 0 0 0.000000
15 1688.169922 -1457.057373 15.125000 0.000000 88.000000 0.000000 0.000000 0.000000 1.000000 0.000000 88.000000 1.000000 0 0 0.000000
15 1729.039551 -1356.855347 15.125000 0.000000 -85.000000 0.000000 0.000000 0.000000 1.000000 0.000000 -85.000000 1.000000 0 0 0.000000
15 148.380447 -874.416016 15.125000 0.000000 166.000000 0.000000 0.000000 0.000000 1.000000 0.000000 166.000000 1.000000 0 0 0.000000
11 211.521881 -930.394775 40.125000 0.000000 -159.000000 0.000000 0.000000 0.000000 1.000000 0.000000 -159.000000 1.000000 0 0 0.000000
14 -253.088715 -21.917900 55.125000 0.000000 -27.000000 0.000000 0.000000 0.000000 1.000000 0.000000 -27.000000 1.000000 0 0 0.000000
11 -578.721497 245.746750 40.125000 0.000000 172.000000 0.000000 0.000000 0.000000 1.000000 0.000000 172.000000 1.000000 0 0 0.000000
13 -851.793213 248.252762 12.447007 0.000000 -9.000000 0.000000 -0.022652 0.077868 0.996706 0.000000 -9.000000 1.000000 0 0 0.000000
10 168.261932 60.441185 20.125000 0.000000 22.000000 0.000000 0.000000 0.000000 1.000000 0.000000 22.000000 1.000000 0 0 0.000000
11 181.333984 129.714371 40.125000 0.000000 -94.000000 0.000000 0.000000 0.000000 1.000000 0.000000 -94.000000 1.000000 0 0 0.000000
11 708.322632 168.088959 203.416306 0.000000 -7.000000 0.000000 -0.124035 0.000000 0.992278 0.000000 -7.000000 1.000000 0 0 0.000000
11 2473.560547 -698.015625 592.125000 0.000000 -56.000000 0.000000 0.000000 0.000000 1.000000 0.000000 -56.000000 1.000000 0 0 0.000000
11 2428.200195 -707.686157 592.125000 0.000000 -113.000000 0.000000 0.000000 0.000000 1.000000 0.000000 -113.000000 1.000000 0 0 0.000000
11 2410.695312 -660.814575 592.125000 0.000000 -138.000000 0.000000 0.000000 0.000000 1.000000 0.000000 -138.000000 1.000000 0 0 0.000000
11 2391.353516 -931.236023 488.125000 0.000000 84.000000 0.000000 0.000000 0.000000 1.000000 0.000000 84.000000 1.000000 0 0 0.000000
11 2436.074219 -936.227722 488.125000 0.000000 80.000000 0.000000 0.000000 0.000000 1.000000 0.000000 80.000000 1.000000 0 0 0.000000
11 2457.503906 -988.598206 488.125000 0.000000 55.000000 0.000000 0.000000 0.000000 1.000000 0.000000 55.000000 1.000000 0 0 0.000000
14 1646.741211 -1365.067017 7.125000 0.000000 -76.000000 0.000000 0.000000 0.000000 1.000000 0.000000 -76.000000 1.000000 0 0 0.000000
11 1608.139038 -1027.788208 40.125000 0.000000 116.000000 0.000000 0.000000 0.000000 1.000000 0.000000 116.000000 1.000000 0 0 0.000000
13 1251.574219 -1079.675903 541.625000 0.000000 -88.000000 0.000000 0.000000 0.000000 1.000000 0.000000 -88.000000 1.000000 2 0 0.000000
10 1052.656006 -1242.029419 84.125000 0.000000 -58.000000 0.000000 0.000000 0.000000 1.000000 0.000000 -58.000000 1.000000 0 0 0.000000
11 1053.754395 -1113.414307 104.125000 0.000000 -92.000000 0.000000 0.000000 0.000000 1.000000 0.000000 -92.000000 1.000000 0 0 0.000000
11 950.599548 -1111.440918 104.125000 0.000000 -132.000000 0.000000 0.000000 0.000000 1.000000 0.000000 -132.000000 1.000000 0 0 0.000000
14 1020.081665 -1180.109497 71.125000 0.000000 121.000000 0.000000 0.000000 0.000000 1.000000 0.000000 121.000000 1.000000 0 0 0.000000
14 385.286987 -556.250122 -216.875000 0.000000 148.000000 0.000000 0.000000 0.000000 1.000000 0.000000 148.000000 1.000000 0 0 0.000000
10 465.222809 -559.193665 -203.875000 0.000000 -14.000000 0.000000 0.000000 0.000000 1.000000 0.000000 -14.000000 1.000000 0 0 0.000000
10 801.515686 -665.017822 -203.875000 0.000000 11.000000 0.000000 0.000000 0.000000 1.000000 0.000000 11.000000 1.000000 0 0 0.000000
10 804.802979 -734.900269 -203.875000 0.000000 -23.000000 0.000000 0.000000 0.000000 1.000000 0.000000 -23.000000 1.000000 0 0 0.000000
13 891.336426 -678.827026 -210.875000 0.000000 0.000000 0.000000 0.000000 0.000000 1.000000 0.000000 0.000000 1.000000 0 0 0.000000
11 899.432739 -738.961304 -183.875000 0.000000 -12.000000 0.000000 0.000000 0.000000 1.000000 0.000000 -12.000000 1.000000 0 0 0.000000
11 1013.878540 -676.979675 -183.875000 0.000000 -7.000000 0.000000 0.000000 0.000000 1.000000 0.000000 -7.000000 1.000000 0 0 0.000000
10 954.044678 -675.308472 -203.875000 0.000000 137.000000 0.000000 0.000000 0.000000 1.000000 0.000000 137.000000 1.000000 0 0 0.000000
11 1139.661011 -669.501465 -195.875000 0.000000 45.000000 0.000000 0.000000 0.000000 1.000000 0.000000 45.000000 1.000000 0 0 0.000000
11 1073.306763 -697.256653 -183.875000 0.000000 97.000000 0.000000 0.000000 0.000000 1.000000 0.000000 97.000000 1.000000 0 0 0.000000
11 1232.913452 -653.401672 -195.875000 0.000000 9.000000 0.000000 0.000000 0.000000 1.000000 0.000000 9.000000 1.000000 0 0 0.000000
13 1192.449951 -744.177246 -158.875000 0.000000 37.000000 0.000000 0.000000 0.000000 1.000000 0.000000 37.000000 1.000000 0 0 0.000000
11 1350.076782 -670.978027 -195.875000 0.000000 -10.000000 0.000000 0.000000 0.000000 1.000000 0.000000 -10.000000 1.000000 0 0 0.000000
11 1433.339355 -654.448975 -195.875000 0.000000 77.000000 0.000000 0.000000 0.000000 1.000000 0.000000 77.000000 1.000000 0 0 0.000000
11 1479.381104 -677.379150 -183.875000 0.000000 -51.000000 0.000000 0.000000 0.000000 1.000000 0.000000 -51.000000 1.000000 0 0 0.000000
11 1577.916382 -666.155945 -183.875000 0.000000 3.000000 0.000000 0.000000 0.000000 1.000000 0.000000 3.000000 1.000000 0 0 0.000000
11 1567.275879 -728.949158 -183.875000 0.000000 -29.000000 0.000000 0.000000 0.000000 1.000000 0.000000 -29.000000 1.000000 0 0 0.000000
10 1646.763916 -733.050171 -203.875000 0.000000 -175.000000 0.000000 0.000000 0.000000 1.000000 0.000000 -175.000000 1.000000 0 0 0.000000
10 1653.534912 -676.782227 -203.875000 0.000000 168.000000 0.000000 0.000000 0.000000 1.000000 0.000000 168.000000 1.000000 0 0 0.000000
11 2338.589111 -808.294739 -183.875000 0.000000 -102.000000 0.000000 0.000000 0.000000 1.000000 0.000000 -102.000000 1.000000 0 0 0.000000
11 2319.294434 -1071.824951 -183.875000 0.000000 -110.000000 0.000000 0.000000 0.000000 1.000000 0.000000 -110.000000 1.000000 0 0 0.000000
11 2340.372803 -1221.163940 -183.875000 0.000000 -110.000000 0.000000 0.000000 0.000000 1.000000 0.000000 -110.000000 1.000000 0 0 0.000000
11 2381.926514 -1354.756226 -183.875000 0.000000 -100.000000 0.000000 0.000000 0.000000 1.000000 0.000000 -100.000000 1.000000 0 0 0.000000
11 2295.258545 -1347.659424 -183.875000 0.000000 -145.000000 0.000000 0.000000 0.000000 1.000000 0.000000 -145.000000 1.000000 0 0 0.000000
11 2226.462402 -1372.313965 -183.875000 0.000000 165.000000 0.000000 0.000000 0.000000 1.000000 0.000000 165.000000 1.000000 0 0 0.000000
11 2145.351562 -1315.296875 -183.875000 0.000000 -169.000000 0.000000 0.000000 0.000000 1.000000 0.000000 -169.000000 1.000000 0 0 0.000000
15 2129.297607 -1449.676880 -208.875000 0.000000 -51.000000 0.000000 0.000000 0.000000 1.000000 0.000000 -51.000000 1.000000 0 0 0.000000
15 2029.520630 -1468.783813 -208.875000 0.000000 -106.000000 0.000000 0.000000 0.000000 1.000000 0.000000 -106.000000 1.000000 0 0 0.000000
15 1974.926514 -1559.857056 -208.875000 0.000000 -76.000000 0.000000 0.000000 0.000000 1.000000 0.000000 -76.000000 1.000000 0 0 0.000000
11 1753.989380 -1431.300903 -183.875000 0.000000 -149.000000 0.000000 0.000000 0.000000 1.000000 0.000000 -149.000000 1.000000 0 0 0.000000
11 1668.606201 -1567.334351 -183.875000 0.000000 -166.000000 0.000000 0.000000 0.000000 1.000000 0.000000 -166.000000 1.000000 0 0 0.000000
14 1474.400513 -1617.310425 -216.875000 0.000000 178.000000 0.000000 0.000000 0.000000 1.000000 0.000000 178.000000 1.000000 0 0 0.000000
15 1341.612793 -1606.553467 -208.875000 0.000000 174.000000 0.000000 0.000000 0.000000 1.000000 0.000000 174.000000 1.000000 0 0 0.000000
11 1506.125000 -1226.765015 -183.875000 0.000000 56.000000 0.000000 0.000000 0.000000 1.000000 0.000000 56.000000 1.000000 0 0 0.000000
11 1431.822021 -1039.847168 -183.875000 0.000000 100.000000 0.000000 0.000000 0.000000 1.000000 0.000000 100.000000 1.000000 0 0 0.000000
11 1632.673218 -1120.920654 -183.875000 0.000000 -2.000000 0.000000 0.000000 0.000000 1.000000 0.000000 -2.000000 1.000000 0 0 0.000000
11 1756.745239 -1085.396729 -183.875000 0.000000 -2.000000 0.000000 0.000000 0.000000 1.000000 0.000000 -2.000000 1.000000 0 0 0.000000
11 1853.246826 -996.307129 -183.875000 0.000000 16.000000 0.000000 0.000000 0.000000 1.000000 0.000000 16.000000 1.000000 0 0 0.000000
11 1978.893921 -1010.101440 -183.875000 0.000000 96.000000 0.000000 0.000000 0.000000 1.000000 0.000000 96.000000 1.000000 0 0 0.000000
14 1827.562622 -938.165466 -216.875000 0.000000 -176.000000 0.000000 0.000000 0.000000 1.000000 0.000000 -176.000000 1.000000 0 0 0.000000
11 2024.248169 -1074.701294 -183.875000 0.000000 57.000000 0.000000 0.000000 0.000000 1.000000 0.000000 57.000000 1.000000 0 0 0.000000
11 2076.321777 -1153.909912 -183.875000 0.000000 19.000000 0.000000 0.000000 0.000000 1.000000 0.000000 19.000000 1.000000 0 0 0.000000
11 2163.819580 -1134.134399 -183.875000 0.000000 37.000000 0.000000 0.000000 0.000000 1.000000 0.000000 37.000000 1.000000 0 0 0.000000
11 2217.040771 -1134.807129 -183.875000 0.000000 36.000000 0.000000 0.000000 0.000000 1.000000 0.000000 36.000000 1.000000 0 0 0.000000
10 2177.006592 -915.122375 -123.875000 0.000000 115.000000 0.000000 0.000000 0.000000 1.000000 0.000000 115.000000 1.000000 0 0 0.000000
10 1932.850342 -888.558472 -35.875000 0.000000 -161.000000 0.000000 0.000000 0.000000 1.000000 0.000000 -161.000000 1.000000 0 0 0.000000
10 1901.398315 -1038.662842 20.125000 0.000000 -88.000000 0.000000 0.000000 0.000000 1.000000 0.000000 -88.000000 1.000000 0 0 0.000000
10 2196.816650 -1175.402222 108.125000 0.000000 0.000000 0.000000 0.000000 0.000000 1.000000 0.000000 0.000000 1.000000 0 0 0.000000
10 2143.967529 -1157.594238 108.125000 0.000000 7.000000 0.000000 0.000000 0.000000 1.000000 0.000000 7.000000 1.000000 0 0 0.000000
15 2193.882568 -915.708191 191.125000 0.000000 95.000000 0.000000 0.000000 0.000000 1.000000 0.000000 95.000000 1.000000 0 0 0.000000
10 1897.679810 -866.259644 284.125000 0.000000 77.000000 0.000000 0.000000 0.000000 1.000000 0.000000 77.000000 1.000000 0 0 0.000000
14 2193.307617 -896.578369 455.125000 0.000000 90.000000 0.000000 0.000000 0.000000 1.000000 0.000000 90.000000 1.000000 0 0 0.000000
14 796.210083 638.217896 551.125000 0.000000 179.000000 0.000000 0.000000 0.000000 1.000000 0.000000 179.000000 1.000000 0 0 0.000000
11 1399.934448 -1250.616211 392.125000 0.000000 -168.000000 0.000000 0.000000 0.000000 1.000000 0.000000 -168.000000 1.000000 0 0 0.000000
11 1399.006226 -1204.597778 392.125000 0.000000 171.000000 0.000000 0.000000 0.000000 1.000000 0.000000 171.000000 1.000000 0 0 0.000000
11 1720.507812 -1212.847412 384.125000 0.000000 -29.000000 0.000000 0.000000 0.000000 1.000000 0.000000 -29.000000 1.000000 0 0 0.000000
11 1671.667847 -1239.498901 384.125000 0.000000 -25.000000 0.000000 0.000000 0.000000 1.000000 0.000000 -25.000000 1.000000 0 0 0.000000
11 1721.079224 -1062.209106 384.125000 0.000000 132.000000 0.000000 0.000000 0.000000 1.000000 0.000000 132.000000 1.000000 0 0 0.000000
11 1718.041382 -1110.303955 384.125000 0.000000 151.000000 0.000000 0.000000 0.000000 1.000000 0.000000 151.000000 1.000000 0 0 0.000000
11 1671.063965 -1060.800049 384.125000 0.000000 46.000000 0.000000 0.000000 0.000000 1.000000 0.000000 46.000000 1.000000 0 0 0.000000
11 1671.151978 -1112.174805 384.125000 0.000000 22.000000 0.000000 0.000000 0.000000 1.000000 0.000000 22.000000 1.000000 0 0 0.000000
11 1589.313354 -1242.796875 392.125000 0.000000 -142.000000 0.000000 0.000000 0.000000 1.000000 0.000000 -142.000000 1.000000 0 0 0.000000
11 1521.663330 -1252.584717 392.125000 0.000000 -122.000000 0.000000 0.000000 0.000000 1.000000 0.000000 -122.000000 1.000000 0 0 0.000000
11 1531.761841 -1190.846313 392.125000 0.000000 -178.000000 0.000000 0.000000 0.000000 1.000000 0.000000 -178.000000 1.000000 0 0 0.000000
11 1487.509766 -1138.605835 392.125000 0.000000 163.000000 0.000000 0.000000 0.000000 1.000000 0.000000 163.000000 1.000000 0 0 0.000000
11 1426.918335 -1095.362915 392.125000 0.000000 176.000000 0.000000 0.000000 0.000000 1.000000 0.000000 176.000000 1.000000 0 0 0.000000
11 1529.659912 -881.581665 392.125000 0.000000 106.000000 0.000000 0.000000 0.000000 1.000000 0.000000 106.000000 1.000000 0 0 0.000000
11 1573.964355 -877.854126 392.125000 0.000000 83.000000 0.000000 0.000000 0.000000 1.000000 0.000000 83.000000 1.000000 0 0 0.000000
11 1274.132812 -1040.470093 384.125000 0.000000 -123.000000 0.000000 0.000000 0.000000 1.000000 0.000000 -123.000000 1.000000 0 0 0.000000
11 1407.808350 -1041.346069 384.125000 0.000000 -100.000000 0.000000 0.000000 0.000000 1.000000 0.000000 -100.000000 1.000000 0 0 0.000000
11 1340.945923 -966.495239 384.125000 0.000000 178.000000 0.000000 0.000000 0.000000 1.000000 0.000000 178.000000 1.000000 0 0 0.000000
11 1228.690796 -800.938232 392.125000 0.000000 -174.000000 0.000000 0.000000 0.000000 1.000000 0.000000 -174.000000 1.000000 0 0 0.000000
11 1207.723999 -848.796631 392.125000 0.000000 -174.000000 0.000000 0.000000 0.000000 1.000000 0.000000 -174.000000 1.000000 0 0 0.000000
11 1205.063965 -975.968384 384.125000 0.000000 -153.000000 0.000000 0.000000 0.000000 1.000000 0.000000 -153.000000 1.000000 0 0 0.000000
10 1480.374023 -1013.339661 440.125000 0.000000 95.000000 0.000000 0.000000 0.000000 1.000000 -357.897339 95.000000 1.000000 0 0 0.000000
11 1472.899902 -905.495239 460.125000 0.000000 96.000000 0.000000 0.000000 0.000000 1.000000 0.000000 96.000000 1.000000 0 0 0.000000
1 1328.000000 224.000000 303.125000 0.000000 405.000000 0.000000 0.000000 0.000000 1.000000 0.000000 405.000000 0.000000 0 0 0.000000
11 1459.274048 -734.316467 -103.750000 0.000000 1.000000 0.000000 0.000000 0.000000 1.000000 0.000000 1.000000 1.000000 0 1 0.000000
11 1459.715332 -797.835571 -103.750000 0.000000 1.000000 0.000000 0.000000 0.000000 1.000000 0.000000 1.000000 1.000000 0 1 0.000000
11 1470.855103 -587.455933 -103.750000 0.000000 5.000000 0.000000 0.000000 0.000000 1.000000 0.000000 5.000000 1.000000 0 1 0.000000
10 -528.613892 486.616302 52.125000 0.000000 62.000000 0.000000 0.000000 0.000000 1.000000 0.000000 62.000000 1.000000 0 0 0.000000
15 813.688416 -738.901978 79.625000 0.000000 -178.000000 0.000000 0.000000 0.000000 1.000000 0.000000 -178.000000 1.000000 2 0 0.000000
