15 188.529281 260.163421 483.625030 0.000000 -80.000000 0.000000 0.000000 0.000000 1.000000 0.000000 -80.000000 1.000000 0 0 0.000000
15 -668.568054 -770.366149 447.125000 0.000000 -94.000000 0.000000 0.000000 0.000000 1.000000 0.000000 -94.000000 1.000000 0 0 0.000000
11 -721.211730 -803.274475 40.125000 0.000000 0.000000 0.000000 0.000000 0.000000 1.000000 0.000000 0.000000 1.000000 0 0 0.000000
1 -697.616210 -298.396301 463.125000 0.000000 60.000000 0.000000 0.000000 0.000000 1.000000 0.000000 60.000000 1.000000 0 0 0.000000
16 -801.960937 -802.944213 15.125000 0.000000 -1.000000 0.000000 0.000000 0.000000 1.000000 0.000000 -1.000000 1.000000 0 0 0.000000
1 -654.212463 299.050292 38.896209 0.000000 115.000000 0.000000 0.630592 0.000000 0.776113 0.000000 115.000000 1.000000 0 0 0.000000
1 -670.014831 217.106597 32.351562 0.000000 115.000000 0.000000 0.533396 -0.533396 0.656487 0.000000 115.000000 1.000000 0 0 0.000000
1 -682.321472 -214.121566 463.125000 0.000000 59.000000 0.000000 0.000000 0.000000 1.000000 0.000000 59.000000 1.000000 0 0 0.000000
1 -618.362243 66.130561 14.296251 0.000000 124.000000 0.000000 0.124034 0.000000 0.992277 0.000000 124.000000 1.000000 0 0 0.000000
15 -638.203918 245.821426 463.125000 0.000000 -10.000000 0.000000 0.000000 0.000000 1.000000 0.000000 -10.000000 1.000000 0 0 0.000000
1 -702.734497 -363.712371 463.125000 0.000000 40.000000 0.000000 0.000000 0.000000 1.000000 0.000000 40.000000 1.000000 0 0 0.000000
1 -749.010437 -62.718170 463.125000 0.000000 -92.000000 0.000000 0.000000 0.000000 1.000000 0.000000 -92.000000 1.000000 0 0 0.000000
1 124.336875 -117.353584 153.638031 0.000000 -179.000000 0.000000 0.000000 -0.463254 0.886225 0.000000 -179.000000 1.000000 0 0 0.000000
1 -689.516235 -66.451980 463.125000 0.000000 -65.000000 0.000000 0.000000 0.000000 1.000000 0.000000 -65.000000 1.000000 0 0 0.000000
1 123.722671 -19.855909 204.602737 0.000000 -179.000000 0.000000 0.000000 -0.463254 0.886225 0.000000 -179.000000 1.000000 0 0 0.000000
1 -725.333312 19.724510 463.125000 0.000000 -65.000000 0.000000 0.000000 0.000000 1.000000 0.000000 -65.000000 1.000000 0 0 0.000000
15 -644.487792 150.262161 463.125000 0.000000 -10.000000 0.000000 0.000000 0.000000 1.000000 0.000000 -10.000000 1.000000 0 0 0.000000
1 124.797096 -204.688613 107.985633 0.000000 -179.000000 0.000000 0.000000 -0.463254 0.886225 0.000000 -179.000000 1.000000 0 0 0.000000
1 125.228134 -287.907775 64.484710 0.000000 -179.000000 0.000000 0.000000 -0.463254 0.886225 0.000000 -179.000000 1.000000 0 0 0.000000
15 -639.808105 54.570400 463.125000 0.000000 -20.000000 0.000000 0.000000 0.000000 1.000000 0.000000 -20.000000 1.000000 0 0 0.000000
14 -279.747619 528.339355 519.125000 0.000000 -174.000000 0.000000 0.000000 0.000000 1.000000 0.000000 -174.000000 1.000000 0 0 0.000000
6 72.471961 -1136.294799 489.125000 0.000000 -179.000000 0.000000 0.000000 0.000000 1.000000 0.000000 -179.000000 1.000000 0 0 0.000000
6 -31.844318 -1214.555419 201.125000 0.000000 -54.000000 0.000000 0.000000 0.000000 1.000000 0.000000 -54.000000 1.000000 0 0 0.000000
6 -784.152648 -675.846435 441.125000 0.000000 -85.000000 0.000000 0.000000 0.000000 1.000000 0.000000 -85.000000 1.000000 0 0 0.000000
1 -26.215559 -1138.625488 207.125000 0.000000 -37.000000 0.000000 0.000000 0.000000 1.000000 0.000000 -37.000000 1.000000 0 0 0.000000
3 -111.695022 -1128.106811 207.125000 0.000000 -87.000000 0.000000 0.000000 0.000000 1.000000 0.000000 -87.000000 1.000000 0 0 0.000000
6 -814.093627 459.595062 9.125000 0.000000 -150.000000 0.000000 0.000000 0.000000 1.000000 0.000000 -150.000000 1.000000 0 0 0.000000
6 318.981384 339.677551 201.125000 0.000000 119.000000 0.000000 0.000000 0.000000 1.000000 0.000000 119.000000 1.000000 0 0 0.000000
6 -1755.162719 613.716247 -310.875000 0.000000 173.000000 0.000000 0.000000 0.000000 1.000000 0.000000 173.000000 1.000000 0 0 0.000000
10 -915.908874 513.070312 -397.101837 0.000000 -10.000000 0.000000 0.371390 0.000000 0.928476 0.000000 -10.000000 1.000000 0 0 0.000000
11 580.211364 231.896911 232.125000 0.000000 -115.000000 0.000000 0.000000 0.000000 1.000000 0.000000 -115.000000 1.000000 0 0 0.000000
10 334.492309 416.694366 500.125000 0.000000 173.000000 0.000000 0.000000 0.000000 1.000000 0.000000 173.000000 1.000000 0 0 0.000000
10 -505.627655 -496.672882 422.804443 0.000000 171.000000 0.000000 0.707106 0.000000 0.707106 0.000000 171.000000 1.000000 0 0 0.000000
15 31.147991 268.986480 227.125015 0.000000 -100.000000 0.000000 0.000000 0.000000 1.000000 0.000000 -100.000000 1.000000 0 0 0.000000
11 316.869781 333.009735 520.125000 0.000000 0.000000 0.000000 0.000000 0.000000 1.000000 0.000000 0.000000 1.000000 0 0 0.000000
15 273.554687 158.676803 207.125000 0.000000 -6.000000 0.000000 0.000000 0.000000 1.000000 0.000000 -6.000000 1.000000 0 0 0.000000
15 692.547180 148.132354 207.125000 0.000000 -92.000000 0.000000 0.000000 0.000000 1.000000 0.000000 -92.000000 1.000000 0 0 0.000000
10 254.759155 -202.713775 500.125000 0.000000 -112.000000 0.000000 0.000000 0.000000 1.000000 -330.000000 -112.000000 1.000000 0 0 0.000000
15 -812.858459 -138.708389 463.125000 0.000000 -110.000000 0.000000 0.000000 0.000000 1.000000 0.000000 -110.000000 1.000000 0 0 0.000000
1 324.648864 108.835823 -16.875000 0.000000 -19.000000 0.000000 0.000000 0.000000 1.000000 0.000000 -19.000000 1.000000 0 0 0.000000
10 -880.261962 154.270782 397.465148 0.000000 175.000000 0.000000 0.690450 -0.215765 0.690450 0.000000 175.000000 1.000000 0 0 0.000000
10 -873.983032 217.517150 410.950714 0.000000 123.000000 0.000000 0.690450 -0.215765 0.690450 0.000000 123.000000 1.000000 0 0 0.000000
9 -851.539306 -42.192119 4.125000 0.000000 172.000000 0.000000 0.000000 0.000000 1.000000 0.000000 172.000000 1.000000 0 0 0.000000
11 -256.878784 395.504760 40.125000 0.000000 -33.000000 0.000000 0.000000 0.000000 1.000000 0.000000 -33.000000 1.000000 0 0 0.000000
15 -181.386993 356.586486 15.125000 0.000000 96.000000 0.000000 0.000000 0.000000 1.000000 0.000000 96.000000 1.000000 0 0 0.000000
15 -703.062744 -144.255187 463.125000 0.000000 80.000000 0.000000 0.000000 0.000000 1.000000 0.000000 80.000000 1.000000 0 0 0.000000
13 -1258.795898 450.079833 -306.875000 0.000000 179.000000 0.000000 0.000000 0.000000 1.000000 0.000000 179.000000 1.000000 0 0 0.000000
15 599.222229 152.139404 207.125000 0.000000 -85.000000 0.000000 0.000000 0.000000 1.000000 0.000000 -85.000000 1.000000 0 0 0.000000
15 -769.691162 -770.518066 447.125000 0.000000 -86.000000 0.000000 0.000000 0.000000 1.000000 0.000000 -86.000000 1.000000 0 0 0.000000
13 -865.756958 -764.577636 445.125000 0.000000 -95.000000 0.000000 0.000000 0.000000 1.000000 0.000000 -95.000000 1.000000 0 0 0.000000
13 -943.533386 -760.355102 445.125000 0.000000 -106.000000 0.000000 0.000000 0.000000 1.000000 0.000000 -106.000000 1.000000 0 0 0.000000
10 -524.781677 -474.468780 462.929443 0.000000 163.000000 0.000000 0.000000 0.000000 1.000000 0.000000 163.000000 1.000000 0 0 0.000000
10 -285.368286 -1110.431030 212.125000 0.000000 -171.000000 0.000000 0.000000 0.000000 1.000000 -355.338317 -171.000000 1.000000 0 0 0.000000
10 -317.194610 -1103.454345 252.250000 0.000000 -130.000000 0.000000 0.000000 0.000000 1.000000 -345.663085 -130.000000 1.000000 0 0 0.000000
10 -353.467681 -1115.298217 292.375000 0.000000 -91.000000 0.000000 0.000000 0.000000 1.000000 -342.406433 -91.000000 1.000000 0 0 0.000000
11 705.047851 7.181290 232.125000 0.000000 83.000000 0.000000 0.000000 0.000000 1.000000 0.000000 83.000000 1.000000 0 0 0.000000
15 423.649475 64.508262 495.125030 0.000000 -1.000000 0.000000 0.000000 0.000000 1.000000 0.000000 -1.000000 1.000000 0 0 0.000000
15 -335.949523 415.305786 463.125000 0.000000 5.000000 0.000000 0.000000 0.000000 1.000000 0.000000 5.000000 1.000000 0 0 0.000000
10 635.976257 -188.376480 212.125000 0.000000 79.000000 0.000000 0.000000 0.000000 1.000000 0.000000 79.000000 1.000000 0 0 0.000000
11 -106.931365 417.253784 488.125000 0.000000 -134.000000 0.000000 0.000000 0.000000 1.000000 0.000000 -134.000000 1.000000 0 0 0.000000
15 5.697947 -927.833862 207.125000 0.000000 0.000000 0.000000 0.000000 0.000000 1.000000 0.000000 0.000000 1.000000 0 0 0.000000
10 459.302215 17.063079 228.125000 0.000000 -103.000000 0.000000 0.000000 0.000000 1.000000 0.000000 -103.000000 1.000000 0 0 0.000000
15 35.559917 273.710418 483.125030 0.000000 97.000000 0.000000 0.000000 0.000000 1.000000 0.000000 97.000000 1.000000 0 0 0.000000
10 397.879364 4.649674 228.125000 0.000000 -89.000000 0.000000 0.000000 0.000000 1.000000 0.000000 -89.000000 1.000000 0 0 0.000000
14 -858.031311 -255.141693 263.125000 0.000000 -99.000000 0.000000 0.000000 0.000000 1.000000 0.000000 -99.000000 1.000000 0 0 0.000000
10 327.323150 12.602828 228.125000 0.000000 -99.000000 0.000000 0.000000 0.000000 1.000000 0.000000 -99.000000 1.000000 0 0 0.000000
11 444.369323 303.540924 232.125000 0.000000 -179.000000 0.000000 0.000000 0.000000 1.000000 0.000000 -179.000000 1.000000 0 0 0.000000
11 23.745616 439.820983 488.125000 0.000000 89.000000 0.000000 0.000000 0.000000 1.000000 0.000000 89.000000 1.000000 0 0 0.000000
11 160.583847 382.707641 488.125000 0.000000 -91.000000 0.000000 0.000000 0.000000 1.000000 0.000000 -91.000000 1.000000 0 0 0.000000
10 611.450439 318.477783 212.125000 0.000000 -174.000000 0.000000 0.000000 0.000000 1.000000 0.000000 -174.000000 1.000000 0 0 0.000000
11 261.642272 362.553680 504.125000 0.000000 -92.000000 0.000000 0.000000 0.000000 1.000000 0.000000 -92.000000 1.000000 0 0 0.000000
11 316.647766 500.436462 520.125000 0.000000 1.000000 0.000000 0.000000 0.000000 1.000000 0.000000 1.000000 1.000000 0 0 0.000000
11 259.575744 472.608367 504.125000 0.000000 -91.000000 0.000000 0.000000 0.000000 1.000000 0.000000 -91.000000 1.000000 0 0 0.000000
10 -47.722465 -744.665649 212.125000 0.000000 -7.000000 0.000000 0.000000 0.000000 1.000000 -334.881652 -7.000000 1.000000 0 0 0.000000
11 262.777069 419.967681 504.125000 0.000000 -93.000000 0.000000 0.000000 0.000000 1.000000 0.000000 -93.000000 1.000000 0 0 0.000000
14 102.286636 -733.314392 219.125000 0.000000 -80.000000 0.000000 0.000000 0.000000 1.000000 0.000000 -80.000000 1.000000 0 0 0.000000
11 279.164886 -266.156982 520.125000 0.000000 -88.000000 0.000000 0.000000 0.000000 1.000000 0.000000 -88.000000 1.000000 0 0 0.000000
13 481.253387 -650.814208 493.125000 0.000000 90.000000 0.000000 0.000000 0.000000 1.000000 0.000000 90.000000 1.000000 0 0 0.000000
13 552.884887 -651.503356 493.125000 0.000000 86.000000 0.000000 0.000000 0.000000 1.000000 0.000000 86.000000 1.000000 0 0 0.000000
11 576.266906 459.528717 232.125000 0.000000 -94.000000 0.000000 0.000000 0.000000 1.000000 0.000000 -94.000000 1.000000 0 0 0.000000
11 646.960571 457.825805 232.125000 0.000000 -100.000000 0.000000 0.000000 0.000000 1.000000 0.000000 -100.000000 1.000000 0 0 0.000000
11 706.304199 462.904785 232.125000 0.000000 -69.000000 0.000000 0.000000 0.000000 1.000000 0.000000 -69.000000 1.000000 0 0 0.000000
10 575.750671 458.305480 292.250000 0.000000 -122.000000 0.000000 0.000000 0.000000 1.000000 0.000000 -122.000000 1.000000 0 0 0.000000
13 637.303649 468.757385 285.250000 0.000000 -89.000000 0.000000 0.000000 0.000000 1.000000 0.000000 -89.000000 1.000000 0 0 0.000000
10 701.654968 461.937652 292.250000 0.000000 -95.000000 0.000000 0.000000 0.000000 1.000000 0.000000 -95.000000 1.000000 0 0 0.000000
11 -109.493194 418.305480 40.125000 0.000000 -1.000000 0.000000 0.000000 0.000000 1.000000 0.000000 -1.000000 1.000000 0 0 0.000000
11 -110.752922 484.653381 40.125000 0.000000 -3.000000 0.000000 0.000000 0.000000 1.000000 0.000000 -3.000000 1.000000 0 0 0.000000
10 -96.414810 420.082763 100.250000 0.000000 -31.000000 0.000000 0.000000 0.000000 1.000000 0.000000 -31.000000 1.000000 0 0 0.000000
10 -94.615623 480.929321 100.250000 0.000000 5.000000 0.000000 0.000000 0.000000 1.000000 0.000000 5.000000 1.000000 0 0 0.000000
15 -1635.359130 366.837310 -287.296783 0.000000 -90.000000 0.000000 0.000000 0.384615 0.923076 0.000000 -90.000000 1.000000 0 0 0.000000
10 -212.555236 344.232116 130.250000 0.000000 -15.000000 0.000000 0.000000 0.000000 1.000000 -339.825347 -15.000000 1.000000 0 0 0.000000
10 -232.458618 346.422058 170.375000 0.000000 -106.000000 0.000000 0.000000 0.000000 1.000000 -330.421356 -106.000000 1.000000 0 0 0.000000
10 -256.637084 342.604125 210.500000 0.000000 -85.000000 0.000000 0.000000 0.000000 1.000000 0.000000 -85.000000 1.000000 0 0 0.000000
10 -267.288452 316.422698 250.625000 0.000000 -52.000000 0.000000 0.000000 0.000000 1.000000 0.000000 -52.000000 1.000000 0 0 0.000000
10 -275.092315 308.127380 290.750000 0.000000 19.000000 0.000000 0.000000 0.000000 1.000000 0.000000 19.000000 1.000000 0 0 0.000000
10 -277.160644 289.150421 330.875000 0.000000 24.000000 0.000000 0.000000 0.000000 1.000000 0.000000 24.000000 1.000000 0 0 0.000000
10 -253.334716 275.268615 371.000000 0.000000 26.000000 0.000000 0.000000 0.000000 1.000000 0.000000 26.000000 1.000000 0 0 0.000000
10 -230.966171 267.601318 411.125000 0.000000 17.000000 0.000000 0.000000 0.000000 1.000000 0.000000 17.000000 1.000000 0 0 0.000000
14 -208.066040 258.515899 438.250000 0.000000 9.000000 0.000000 0.000000 0.000000 1.000000 0.000000 9.000000 1.000000 0 0 0.000000
15 -1026.000488 501.346649 15.125000 0.000000 -1.000000 0.000000 0.000000 0.000000 1.000000 0.000000 -1.000000 1.000000 0 0 0.000000
13 -637.076354 115.892677 461.125000 0.000000 27.000000 0.000000 0.000000 0.000000 1.000000 0.000000 27.000000 1.000000 0 0 0.000000
13 -646.057800 222.094192 461.125000 0.000000 6.000000 0.000000 0.000000 0.000000 1.000000 0.000000 6.000000 1.000000 0 0 0.000000
13 399.439331 -655.172363 493.125000 0.000000 89.000000 0.000000 0.000000 0.000000 1.000000 0.000000 89.000000 1.000000 0 0 0.000000
11 335.541412 -637.853454 520.125000 0.000000 -95.000000 0.000000 0.000000 0.000000 1.000000 0.000000 -95.000000 1.000000 0 0 0.000000
13 357.298645 -264.516815 493.125000 0.000000 -92.000000 0.000000 0.000000 0.000000 1.000000 0.000000 -92.000000 1.000000 0 0 0.000000
11 287.042114 -634.869445 520.125000 0.000000 2.000000 0.000000 0.000000 0.000000 1.000000 0.000000 2.000000 1.000000 0 0 0.000000
14 399.812866 -41.778537 215.125000 0.000000 -91.000000 0.000000 0.000000 0.000000 1.000000 0.000000 -91.000000 1.000000 0 0 0.000000
13 -846.899169 -1060.028320 125.125000 0.000000 73.000000 0.000000 0.000000 0.000000 1.000000 0.000000 73.000000 1.000000 0 0 0.000000
15 -894.441406 -592.868469 15.125000 0.000000 89.000000 0.000000 0.000000 0.000000 1.000000 0.000000 89.000000 1.000000 0 0 0.000000
13 -939.322509 -1060.836914 125.125000 0.000000 86.000000 0.000000 0.000000 0.000000 1.000000 0.000000 86.000000 1.000000 0 0 0.000000
11 -587.314514 -1143.229736 232.125000 0.000000 4.000000 0.000000 0.000000 0.000000 1.000000 0.000000 4.000000 1.000000 0 0 0.000000
11 -855.317504 -645.793884 -279.875000 0.000000 96.000000 0.000000 0.000000 0.000000 1.000000 0.000000 96.000000 1.000000 0 0 0.000000
11 -922.100463 -653.493225 -279.875000 0.000000 94.000000 0.000000 0.000000 0.000000 1.000000 0.000000 94.000000 1.000000 0 0 0.000000
10 -917.888122 -658.064575 -219.750000 0.000000 104.000000 0.000000 0.000000 0.000000 1.000000 0.000000 104.000000 1.000000 0 0 0.000000
10 -839.703674 -676.250671 -219.750000 0.000000 84.000000 0.000000 0.000000 0.000000 1.000000 0.000000 84.000000 1.000000 0 0 0.000000
15 -224.739440 -221.171981 -432.875000 0.000000 -89.000000 0.000000 0.000000 0.000000 1.000000 0.000000 -89.000000 1.000000 0 0 0.000000
15 -1761.154541 529.227233 -304.875000 0.000000 179.000000 0.000000 0.000000 0.000000 1.000000 0.000000 179.000000 1.000000 0 0 0.000000
12 -1664.480102 531.441467 -306.875000 0.000000 179.000000 0.000000 0.000000 0.000000 1.000000 0.000000 179.000000 1.000000 0 0 0.000000
14 -1572.675292 531.400207 -312.875000 0.000000 179.000000 0.000000 0.000000 0.000000 1.000000 0.000000 179.000000 1.000000 0 0 0.000000
10 -879.205993 289.404693 421.911193 0.000000 127.000000 0.000000 0.819824 0.170796 0.546549 0.000000 127.000000 1.000000 0 0 0.000000
13 -1260.864257 527.665100 -306.875000 0.000000 179.000000 0.000000 0.000000 0.000000 1.000000 0.000000 179.000000 1.000000 0 0 0.000000
13 -1260.872192 603.630249 -306.875000 0.000000 -179.000000 0.000000 0.000000 0.000000 1.000000 0.000000 -179.000000 1.000000 0 0 0.000000
10 -1335.668457 527.531921 -299.875000 0.000000 0.000000 0.000000 0.000000 0.000000 1.000000 0.000000 0.000000 1.000000 0 0 0.000000
15 -801.881164 605.157104 -432.875000 0.000000 -176.000000 0.000000 0.000000 0.000000 1.000000 0.000000 -176.000000 1.000000 0 0 0.000000
15 -799.714233 520.268005 -432.875000 0.000000 -176.000000 0.000000 0.000000 0.000000 1.000000 0.000000 -176.000000 1.000000 0 0 0.000000
15 -795.341003 420.790313 -432.875000 0.000000 178.000000 0.000000 0.000000 0.000000 1.000000 0.000000 178.000000 1.000000 0 0 0.000000
15 -274.586181 144.434570 -432.875000 0.000000 53.000000 0.000000 0.000000 0.000000 1.000000 0.000000 53.000000 1.000000 0 0 0.000000
10 -437.053680 77.289184 -427.875000 0.000000 -78.000000 0.000000 0.000000 0.000000 1.000000 0.000000 -78.000000 1.000000 0 0 0.000000
13 -301.075866 53.807018 -434.875000 0.000000 89.000000 0.000000 0.000000 0.000000 1.000000 0.000000 89.000000 1.000000 0 0 0.000000
11 -181.560958 157.616943 -407.875000 0.000000 86.000000 0.000000 0.000000 0.000000 1.000000 0.000000 86.000000 1.000000 0 0 0.000000
11 -157.442779 291.218811 -407.875000 0.000000 84.000000 0.000000 0.000000 0.000000 1.000000 0.000000 84.000000 1.000000 0 0 0.000000
13 -293.095336 414.623321 -434.875000 0.000000 47.000000 0.000000 0.000000 0.000000 1.000000 0.000000 47.000000 1.000000 0 0 0.000000
11 -458.122985 621.421020 -407.875000 0.000000 109.000000 0.000000 0.000000 0.000000 1.000000 0.000000 109.000000 1.000000 0 0 0.000000
14 -275.162963 149.087234 -330.750000 0.000000 -145.000000 0.000000 0.000000 0.000000 1.000000 0.000000 -145.000000 1.000000 0 0 0.000000
14 330.579742 147.706649 487.125000 0.000000 58.000000 0.000000 0.000000 0.000000 1.000000 0.000000 58.000000 1.000000 0 0 0.000000
11 -584.885375 -1202.648925 232.125000 0.000000 -4.000000 0.000000 0.000000 0.000000 1.000000 0.000000 -4.000000 1.000000 0 0 0.000000
10 -505.905303 -1179.214477 212.125000 0.000000 160.000000 0.000000 0.000000 0.000000 1.000000 0.000000 160.000000 1.000000 0 0 0.000000
11 -611.538757 -886.751159 40.125000 0.000000 -90.000000 0.000000 0.000000 0.000000 1.000000 0.000000 -90.000000 1.000000 0 0 0.000000
11 -670.440307 -845.289428 40.125000 0.000000 -90.000000 0.000000 0.000000 0.000000 1.000000 0.000000 -90.000000 1.000000 0 0 0.000000
14 -651.929565 -687.452514 439.125000 0.000000 -1.000000 0.000000 0.000000 0.000000 1.000000 0.000000 -1.000000 1.000000 0 0 0.000000
11 470.684631 -264.392456 520.125000 0.000000 -172.000000 0.000000 0.000000 0.000000 1.000000 0.000000 -172.000000 1.000000 0 0 0.000000
11 528.393188 -253.102584 520.125000 0.000000 -172.000000 0.000000 0.000000 0.000000 1.000000 0.000000 -172.000000 1.000000 0 0 0.000000
11 527.269165 -321.039031 520.125000 0.000000 160.000000 0.000000 0.000000 0.000000 1.000000 0.000000 160.000000 1.000000 0 0 0.000000
11 472.756988 -372.760314 520.125000 0.000000 165.000000 0.000000 0.000000 0.000000 1.000000 0.000000 165.000000 1.000000 0 0 0.000000
11 535.097534 -372.625488 520.125000 0.000000 165.000000 0.000000 0.000000 0.000000 1.000000 0.000000 165.000000 1.000000 0 0 0.000000
10 544.021423 -86.431427 500.125000 0.000000 -85.000000 0.000000 0.000000 0.000000 1.000000 0.000000 -85.000000 1.000000 0 0 0.000000
11 -150.853454 349.367706 488.125000 0.000000 -38.000000 0.000000 0.000000 0.000000 1.000000 0.000000 -38.000000 1.000000 0 0 0.000000
11 -227.310134 366.731719 488.125000 0.000000 92.000000 0.000000 0.000000 0.000000 1.000000 0.000000 92.000000 1.000000 0 0 0.000000
11 -151.454574 562.443542 448.125000 0.000000 61.000000 0.000000 0.000000 0.000000 1.000000 0.000000 61.000000 1.000000 0 0 0.000000
10 -174.594940 606.799804 508.250000 0.000000 105.000000 0.000000 0.000000 0.000000 1.000000 0.000000 105.000000 1.000000 0 0 0.000000
14 -275.360595 407.368286 625.537353 0.000000 -94.000000 0.000000 0.707106 0.000000 0.707106 0.000000 -94.000000 1.000000 0 0 0.000000
11 -670.410217 -765.125549 40.125000 0.000000 -90.000000 0.000000 0.000000 0.000000 1.000000 0.000000 -90.000000 1.000000 0 0 0.000000
11 -619.147949 -716.896667 40.125000 0.000000 106.000000 0.000000 0.000000 0.000000 1.000000 0.000000 106.000000 1.000000 0 0 0.000000
10 -463.899383 -832.161499 20.125000 0.000000 -141.000000 0.000000 0.000000 0.000000 1.000000 -2.562661 -141.000000 1.000000 0 0 0.000000
10 -884.679626 102.048240 385.856414 0.000000 79.000000 0.000000 0.707106 0.000000 0.707106 -6.929481 79.000000 1.000000 0 0 0.000000
15 -848.360168 644.805969 463.125000 0.000000 96.000000 0.000000 0.000000 0.000000 1.000000 0.000000 96.000000 1.000000 0 0 0.000000
10 -845.024780 -85.035720 308.125000 0.000000 99.000000 0.000000 0.000000 0.000000 1.000000 -348.709564 99.000000 1.000000 0 0 0.000000
10 -245.147796 476.871368 20.125000 0.000000 -77.000000 0.000000 0.000000 0.000000 1.000000 0.000000 -77.000000 1.000000 0 0 0.000000
15 -328.237335 429.717315 15.124998 0.000000 171.000000 0.000000 0.000000 0.000000 1.000000 0.000000 171.000000 1.000000 0 0 0.000000
15 314.148712 -699.428527 15.125000 0.000000 8.000000 0.000000 0.000000 0.000000 1.000000 0.000000 8.000000 1.000000 0 0 0.000000
