16 2134.020752 -2073.315918 -280.875000 0.000000 -1.000000 0.000000 0.000000 0.000000 1.000000 30.000000 -1.000000 1.000000 2 0 0.000000
16 1449.545410 -2073.193848 -280.875000 0.000000 178.000000 0.000000 0.000000 0.000000 1.000000 30.000000 178.000000 1.000000 2 0 0.000000
1 1640.775147 -1027.576904 -157.745606 0.000000 89.000000 0.000000 0.000000 -0.428744 0.903426 30.000000 89.000000 1.000000 2 0 0.000000
1 2003.844971 -1028.927002 -158.386322 0.000000 92.000000 0.000000 0.000000 -0.428744 0.903426 30.000000 92.000000 1.000000 2 0 0.000000
14 439.555023 -1155.135742 -72.875000 0.000000 -68.000000 0.000000 0.000000 0.000000 1.000000 30.000000 -68.000000 1.000000 1 0 0.000000
14 994.369629 -1646.060059 -72.875000 0.000000 -91.000000 0.000000 0.000000 0.000000 1.000000 30.000000 -91.000000 1.000000 1 0 0.000000
14 242.855362 -3353.730469 -40.875000 0.000000 133.000000 0.000000 0.000000 0.000000 1.000000 30.000000 133.000000 1.000000 1 0 0.000000
14 1824.958374 -2539.782715 -40.875000 0.000000 -87.000000 0.000000 0.000000 0.000000 1.000000 30.000000 -87.000000 1.000000 1 0 0.000000
6 1113.480225 -3993.719238 -35.896919 0.000000 -143.000000 0.000000 0.329243 0.000000 0.944245 30.000000 -143.000000 1.000000 2 0 0.000000
4 1313.745972 -3674.475342 -32.875000 0.000000 60.000000 0.000000 0.000000 0.000000 1.000000 30.000000 60.000000 1.000000 2 0 0.000000
16 287.376160 -3526.484131 -32.875000 0.000000 -116.000000 0.000000 0.000000 0.000000 1.000000 30.000000 -116.000000 1.000000 2 0 0.000000
16 1275.841919 -1027.554199 -16.875000 0.000000 -1.000000 0.000000 0.000000 0.000000 1.000000 30.000000 -1.000000 1.000000 2 0 0.000000
14 1033.654419 -224.750107 -16.875000 0.000000 0.000000 0.000000 0.000000 0.000000 1.000000 30.000000 0.000000 1.000000 1 0 0.000000
11 2129.920410 -2094.672607 -13.875000 0.000000 48.000000 0.000000 0.000000 0.000000 1.000000 30.000000 48.000000 1.000000 2 0 0.000000
13 809.424988 -332.223816 -10.875000 0.000000 -89.000000 0.000000 0.000000 0.000000 1.000000 30.000000 -89.000000 1.000000 2 0 0.000000
16 512.372742 -163.878784 -8.875000 0.000000 -6.000000 0.000000 0.000000 0.000000 1.000000 30.000000 -6.000000 1.000000 2 0 0.000000
14 492.104523 -568.006348 -4.874975 0.000000 -88.000000 0.000000 0.000000 0.000000 1.000000 30.000000 -88.000000 1.000000 1 0 0.000000
16 443.245453 -761.561157 -0.875000 0.000000 -89.000000 0.000000 0.000000 0.000000 1.000000 30.000000 -89.000000 1.000000 2 0 0.000000
16 492.261536 -761.435303 -0.875000 0.000000 -89.000000 0.000000 0.000000 0.000000 1.000000 30.000000 -89.000000 1.000000 2 0 0.000000
16 534.508667 -761.313965 -0.875000 0.000000 -89.000000 0.000000 0.000000 0.000000 1.000000 30.000000 -89.000000 1.000000 2 0 0.000000
14 1151.992432 -1562.841797 -0.875000 0.000000 -70.000000 0.000000 0.000000 0.000000 1.000000 30.000000 -70.000000 1.000000 1 0 0.000000
14 1296.213135 -972.317139 5.125000 0.000000 4.000000 0.000000 0.000000 0.000000 1.000000 30.000000 4.000000 1.000000 1 0 0.000000
14 1298.318359 -1084.069946 5.125000 0.000000 -15.000000 0.000000 0.000000 0.000000 1.000000 30.000000 -15.000000 1.000000 1 0 0.000000
16 2065.788818 -843.868347 27.893837 0.000000 91.000000 0.000000 0.287348 0.000000 0.957826 30.000000 91.000000 1.000000 2 0 0.000000
13 508.478882 -166.906769 29.250002 0.000000 0.000000 0.000000 0.000000 0.000000 1.000000 30.000000 0.000000 1.000000 2 0 0.000000
3 1212.681397 -3508.317383 31.125000 0.000000 -1.000000 0.000000 0.000000 0.000000 1.000000 30.000000 -1.000000 1.000000 2 0 0.000000
3 1202.719116 -3444.481445 31.125000 0.000000 4.000000 0.000000 0.000000 0.000000 1.000000 30.000000 4.000000 1.000000 2 0 0.000000
13 1677.347168 -1817.530640 37.125000 0.000000 147.000000 0.000000 0.000000 0.000000 1.000000 30.000000 147.000000 1.000000 2 0 0.000000
14 811.979614 -342.387329 43.250000 0.000000 -87.000000 0.000000 0.000000 0.000000 1.000000 30.000000 -87.000000 1.000000 1 0 0.000000
14 984.680115 -3978.886719 57.125000 0.000000 2.000000 0.000000 0.000000 0.000000 1.000000 30.000000 2.000000 1.000000 1 0 0.000000
16 991.429749 -3914.976807 63.125015 0.000000 -166.000000 0.000000 0.000000 0.000000 1.000000 30.000000 -166.000000 1.000000 2 0 0.000000
13 2170.370605 -1433.677124 65.588623 0.000000 81.000000 0.000000 -0.316228 0.000000 0.948683 30.000000 81.000000 1.000000 2 0 0.000000
16 1468.634644 -1683.028198 67.125000 0.000000 -135.000000 0.000000 0.000000 0.000000 1.000000 30.000000 -135.000000 1.000000 2 0 0.000000
16 990.301758 -1589.503540 75.125000 0.000000 -104.000000 0.000000 0.000000 0.000000 1.000000 30.000000 -104.000000 1.000000 2 0 0.000000
14 30.444464 -2887.076660 87.125000 0.000000 -45.000000 0.000000 0.000000 0.000000 1.000000 30.000000 -45.000000 1.000000 1 0 0.000000
11 1463.413208 -1595.185181 96.125000 0.000000 -97.000000 0.000000 0.000000 0.000000 1.000000 30.000000 -97.000000 1.000000 2 0 0.000000
11 1892.211304 -1560.400147 96.125000 0.000000 119.000000 0.000000 0.000000 0.000000 1.000000 30.000000 119.000000 1.000000 2 0 0.000000
3 1212.681397 -3508.317383 106.249992 0.000000 -1.000000 0.000000 0.000000 0.000000 1.000000 30.000000 -1.000000 1.000000 2 0 0.000000
3 1202.719116 -3444.481445 106.250000 0.000000 4.000000 0.000000 0.000000 0.000000 1.000000 30.000000 4.000000 1.000000 2 0 0.000000
14 1424.752197 -1028.026245 111.125000 0.000000 -179.000000 0.000000 0.000000 0.000000 1.000000 30.000000 -179.000000 1.000000 2 0 0.000000
1 526.760010 -3402.192871 111.545204 0.000000 34.000000 0.000000 0.000000 -0.813733 0.581238 30.000000 34.000000 1.000000 2 0 0.000000
13 1496.550537 -990.054932 117.125000 0.000000 179.000000 0.000000 0.000000 0.000000 1.000000 30.000000 179.000000 1.000000 2 0 0.000000
13 1496.550537 -1060.236084 118.125000 0.000000 179.000000 0.000000 0.000000 0.000000 1.000000 30.000000 179.000000 1.000000 2 0 0.000000
14 -1816.792114 -3011.853027 119.125000 0.000000 93.000000 0.000000 0.000000 0.000000 1.000000 30.000000 93.000000 1.000000 1 0 0.000000
14 -1256.103516 -3981.426270 119.125000 0.000000 -92.000000 0.000000 0.000000 0.000000 1.000000 30.000000 -92.000000 1.000000 1 0 0.000000
6 -407.849945 -3403.645264 121.125000 0.000000 -175.000000 0.000000 0.000000 0.000000 1.000000 30.000000 -175.000000 1.000000 2 0 0.000000
13 -1494.524536 -3226.916260 125.125000 0.000000 0.000000 0.000000 0.000000 0.000000 1.000000 30.000000 0.000000 1.000000 2 0 0.000000
13 -1494.972412 -3150.387695 125.125000 0.000000 0.000000 0.000000 0.000000 0.000000 1.000000 30.000000 0.000000 1.000000 2 0 0.000000
13 -1495.038330 -3473.812988 125.125000 0.000000 2.000000 0.000000 0.000000 0.000000 1.000000 30.000000 2.000000 1.000000 2 0 0.000000
13 -1500.006470 -3554.183838 125.125000 0.000000 0.000000 0.000000 0.000000 0.000000 1.000000 30.000000 0.000000 1.000000 2 0 0.000000
13 -1498.153564 -3636.637695 125.125000 0.000000 0.000000 0.000000 0.000000 0.000000 1.000000 30.000000 0.000000 1.000000 2 0 0.000000
13 -1287.480835 -3633.936768 125.125000 0.000000 3.000000 0.000000 0.000000 0.000000 1.000000 30.000000 3.000000 1.000000 2 0 0.000000
13 -1273.483765 -3479.461426 125.125000 0.000000 -112.000000 0.000000 0.000000 0.000000 1.000000 30.000000 -112.000000 1.000000 2 0 0.000000
13 -1280.703125 -3319.469727 125.125000 0.000000 -6.000000 0.000000 0.000000 0.000000 1.000000 30.000000 -6.000000 1.000000 2 0 0.000000
13 -703.868225 -3003.957520 125.125000 0.000000 -6.000000 0.000000 0.000000 0.000000 1.000000 30.000000 -6.000000 1.000000 2 0 0.000000
13 -991.049194 -3004.834473 125.125000 0.000000 0.000000 0.000000 0.000000 0.000000 1.000000 30.000000 0.000000 1.000000 2 0 0.000000
13 -1274.944214 -3147.708008 125.125000 0.000000 -96.000000 0.000000 0.000000 0.000000 1.000000 30.000000 -96.000000 1.000000 2 0 0.000000
13 -837.932068 -3324.281006 125.125000 0.000000 4.000000 0.000000 0.000000 0.000000 1.000000 30.000000 4.000000 1.000000 2 0 0.000000
13 -990.852478 -3154.929932 125.125000 0.000000 87.000000 0.000000 0.000000 0.000000 1.000000 30.000000 87.000000 1.000000 2 0 0.000000
13 -942.128845 -3745.384033 125.125000 0.000000 -88.000000 0.000000 0.000000 0.000000 1.000000 30.000000 -88.000000 1.000000 2 0 0.000000
13 -1255.610596 -3793.156494 125.125000 0.000000 -97.000000 0.000000 0.000000 0.000000 1.000000 30.000000 -97.000000 1.000000 2 0 0.000000
13 -701.560669 -3197.054443 125.125000 0.000000 91.000000 0.000000 0.000000 0.000000 1.000000 30.000000 91.000000 1.000000 2 0 0.000000
13 -524.477234 -3024.577148 125.125000 0.000000 -1.000000 0.000000 0.000000 0.000000 1.000000 30.000000 -1.000000 1.000000 2 0 0.000000
13 -612.408813 -3760.134521 125.125000 0.000000 -78.000000 0.000000 0.000000 0.000000 1.000000 30.000000 -78.000000 1.000000 2 0 0.000000
13 -1494.019531 -3313.170898 125.125000 0.000000 0.000000 0.000000 0.000000 0.000000 1.000000 30.000000 0.000000 1.000000 2 0 0.000000
16 -1348.078857 -3547.766846 127.125000 0.000000 -99.000000 0.000000 0.000000 0.000000 1.000000 30.000000 -99.000000 1.000000 2 0 0.000000
16 -1352.400513 -3152.185791 127.125000 0.000000 83.000000 0.000000 0.000000 0.000000 1.000000 30.000000 83.000000 1.000000 2 0 0.000000
16 -1829.566528 -4104.166992 127.125000 0.000000 -92.000000 0.000000 0.000000 0.000000 1.000000 30.000000 -92.000000 1.000000 2 0 0.000000
13 1005.824036 -3949.148193 128.125000 0.000000 -154.000000 0.000000 0.000000 0.000000 1.000000 30.000000 -154.000000 1.000000 2 0 0.000000
6 397.966583 551.620728 129.125000 0.000000 -178.000000 0.000000 0.000000 0.000000 1.000000 30.000000 -178.000000 1.000000 2 0 0.000000
13 646.991394 -552.749756 133.125000 0.000000 0.000000 0.000000 0.000000 0.000000 1.000000 30.000000 0.000000 1.000000 2 0 0.000000
13 -792.456238 -3152.224365 133.125000 0.000000 0.000000 0.000000 0.000000 0.000000 1.000000 30.000000 0.000000 1.000000 2 0 0.000000
13 -767.126770 -3315.153809 133.125000 0.000000 -177.000000 0.000000 0.000000 0.000000 1.000000 30.000000 -177.000000 1.000000 2 0 0.000000
13 -764.335571 -3471.977295 133.136520 0.000000 -179.000000 0.000000 0.000000 0.000000 1.000000 30.000000 -179.000000 1.000000 2 0 0.000000
13 -1413.144531 -3135.771484 133.136520 0.000000 -89.000000 0.000000 0.000000 0.000000 1.000000 30.000000 -89.000000 1.000000 2 0 0.000000
13 -1111.683472 -3314.514404 133.136520 0.000000 0.000000 0.000000 0.000000 0.000000 1.000000 30.000000 0.000000 1.000000 2 0 0.000000
13 -1091.156006 -3470.949951 133.136520 0.000000 -179.000000 0.000000 0.000000 0.000000 1.000000 30.000000 -179.000000 1.000000 2 0 0.000000
13 -769.276001 -3651.435059 133.125000 0.000000 -2.000000 0.000000 0.000000 0.000000 1.000000 30.000000 -2.000000 1.000000 2 0 0.000000
13 -1088.868652 -3649.224121 133.136520 0.000000 -3.000000 0.000000 0.000000 0.000000 1.000000 30.000000 -3.000000 1.000000 2 0 0.000000
13 -1406.433594 -3632.836670 133.125000 0.000000 -178.000000 0.000000 0.000000 0.000000 1.000000 30.000000 -178.000000 1.000000 2 0 0.000000
13 -1419.814453 -3471.960938 133.136520 0.000000 -179.000000 0.000000 0.000000 0.000000 1.000000 30.000000 -179.000000 1.000000 2 0 0.000000
13 -1402.541382 -3311.588135 133.125000 0.000000 176.000000 0.000000 0.000000 0.000000 1.000000 30.000000 176.000000 1.000000 2 0 0.000000
13 -1107.847534 -3149.583496 133.136520 0.000000 4.000000 0.000000 0.000000 0.000000 1.000000 30.000000 4.000000 1.000000 2 0 0.000000
14 566.653015 983.732605 135.125000 0.000000 121.000000 0.000000 0.000000 0.000000 1.000000 30.000000 121.000000 1.000000 1 0 0.000000
16 334.013184 -3352.850830 139.125000 0.000000 -179.000000 0.000000 0.000000 0.000000 1.000000 30.000000 -179.000000 1.000000 2 0 0.000000
13 595.024536 777.718506 139.125000 0.000000 92.000000 0.000000 0.000000 0.000000 1.000000 30.000000 92.000000 1.000000 2 0 0.000000
16 585.495544 -3357.692871 139.125000 0.000000 2.000000 0.000000 0.000000 0.000000 1.000000 30.000000 2.000000 1.000000 2 0 0.000000
13 973.911682 -3907.390381 139.439514 0.000000 0.000000 0.000000 0.333985 0.000000 0.942579 30.000000 0.000000 1.000000 2 0 0.000000
9 780.289429 893.415894 140.125000 0.000000 105.000000 0.000000 0.000000 0.000000 1.000000 30.000000 105.000000 1.000000 0 0 0.000000
13 2242.026855 -1154.292358 141.125000 0.000000 -1.000000 0.000000 0.000000 0.000000 1.000000 30.000000 -1.000000 1.000000 2 0 0.000000
16 603.927673 -3977.970215 143.940491 0.000000 -178.000000 0.000000 0.329243 0.000000 0.944245 30.000000 -178.000000 1.000000 2 0 0.000000
16 590.262207 876.756653 143.125000 0.000000 90.000000 0.000000 0.000000 0.000000 1.000000 30.000000 90.000000 1.000000 2 0 0.000000
14 826.111694 -611.571106 143.125000 0.000000 -178.000000 0.000000 0.000000 0.000000 1.000000 30.000000 -178.000000 1.000000 1 0 0.000000
16 506.243317 914.164246 143.125000 0.000000 91.000000 0.000000 0.000000 0.000000 1.000000 30.000000 91.000000 1.000000 2 0 0.000000
13 1038.482422 -633.069702 149.125000 0.000000 -179.000000 0.000000 0.000000 0.000000 1.000000 30.000000 -179.000000 1.000000 2 0 0.000000
13 1024.843628 -1834.595947 149.125000 0.000000 -92.000000 0.000000 0.000000 0.000000 1.000000 30.000000 -92.000000 1.000000 2 0 0.000000
16 1019.097412 -1180.777100 151.125000 0.000000 -86.000000 0.000000 0.000000 0.000000 1.000000 30.000000 -86.000000 1.000000 2 0 0.000000
1 1105.149658 -638.962219 151.125000 0.000000 -179.000000 0.000000 0.000000 0.000000 1.000000 30.000000 -179.000000 1.000000 2 0 0.000000
16 647.020935 -616.170471 151.125000 0.000000 0.000000 0.000000 0.000000 0.000000 1.000000 30.000000 0.000000 1.000000 2 0 0.000000
16 567.805176 -3863.690186 156.535828 0.000000 -2.000000 0.000000 0.329243 0.000000 0.944245 30.000000 -2.000000 1.000000 2 0 0.000000
6 930.432922 -471.721161 165.125000 0.000000 166.000000 0.000000 0.000000 0.000000 1.000000 30.000000 166.000000 1.000000 2 0 0.000000
14 1698.854126 -1656.694702 167.125000 0.000000 -100.000000 0.000000 0.000000 0.000000 1.000000 30.000000 -100.000000 1.000000 2 0 0.000000
12 828.762085 -492.808807 169.125000 0.000000 91.000000 0.000000 0.000000 0.000000 1.000000 30.000000 91.000000 1.000000 1 0 0.000000
16 1361.735840 -510.843079 171.125000 0.000000 179.000000 0.000000 0.000000 0.000000 1.000000 30.000000 179.000000 1.000000 2 0 0.000000
13 1038.430542 -502.343262 174.125000 0.000000 -179.000000 0.000000 0.000000 0.000000 1.000000 30.000000 -179.000000 1.000000 2 0 0.000000
13 1038.453125 -569.163513 174.125000 0.000000 -179.000000 0.000000 0.000000 0.000000 1.000000 30.000000 -179.000000 1.000000 2 0 0.000000
11 1892.211304 -1560.400147 176.250000 0.000000 119.000000 0.000000 0.000000 0.000000 1.000000 30.000000 119.000000 1.000000 2 0 0.000000
13 1496.550537 -990.054932 177.250000 0.000000 179.000000 0.000000 0.000000 0.000000 1.000000 30.000000 179.000000 1.000000 2 0 0.000000
13 1496.550537 -1060.236084 178.250000 0.000000 179.000000 0.000000 0.000000 0.000000 1.000000 30.000000 179.000000 1.000000 2 0 0.000000
16 585.495544 -3357.692871 179.250000 0.000000 2.000000 0.000000 0.000000 0.000000 1.000000 30.000000 2.000000 1.000000 2 0 0.000000
13 903.419861 -3917.678711 179.125000 0.000000 0.000000 0.000000 0.000000 0.000000 1.000000 30.000000 0.000000 1.000000 2 0 0.000000
16 334.013184 -3352.850830 179.250000 0.000000 -179.000000 0.000000 0.000000 0.000000 1.000000 30.000000 -179.000000 1.000000 2 0 0.000000
13 -633.566162 -3794.365967 185.250000 0.000000 131.000000 0.000000 0.000000 0.000000 1.000000 30.000000 131.000000 1.000000 2 0 0.000000
13 464.109680 -3207.899170 186.125122 0.000000 -89.000000 0.000000 0.000000 0.000000 1.000000 30.000000 -89.000000 1.000000 2 0 0.000000
13 1343.244141 -1072.586792 189.125000 0.000000 0.000000 0.000000 0.000000 0.000000 1.000000 30.000000 0.000000 1.000000 2 0 0.000000
13 1343.290283 -1146.690186 189.125000 0.000000 0.000000 0.000000 0.000000 0.000000 1.000000 30.000000 0.000000 1.000000 2 0 0.000000
13 1343.197144 -999.218994 189.125000 0.000000 0.000000 0.000000 0.000000 0.000000 1.000000 30.000000 0.000000 1.000000 2 0 0.000000
13 1053.171265 -1403.484741 191.895493 0.000000 -89.000000 0.000000 0.000000 0.508607 0.860999 30.000000 -89.000000 1.000000 2 0 0.000000
16 647.020935 -616.170471 191.250000 0.000000 0.000000 0.000000 0.000000 0.000000 1.000000 30.000000 0.000000 1.000000 2 0 0.000000
13 646.991394 -552.749756 193.250000 0.000000 0.000000 0.000000 0.000000 0.000000 1.000000 30.000000 0.000000 1.000000 2 0 0.000000
13 953.378357 -1830.829956 195.342468 0.000000 -92.000000 0.000000 0.647648 0.000000 0.761939 30.000000 -92.000000 1.000000 2 0 0.000000
13 952.230713 -3957.253906 199.564514 0.000000 -15.000000 0.000000 0.000000 0.000000 1.000000 30.000000 -15.000000 1.000000 2 0 0.000000
16 890.520813 -1248.098633 202.597199 0.000000 -177.000000 0.000000 0.470588 0.000000 0.882353 30.000000 -177.000000 1.000000 2 0 0.000000
14 2021.916504 -1553.892700 207.125000 0.000000 106.000000 0.000000 0.000000 0.000000 1.000000 30.000000 106.000000 1.000000 2 0 0.000000
13 938.456604 -1421.606323 208.025970 0.000000 -91.000000 0.000000 0.647648 0.000000 0.761939 30.000000 -91.000000 1.000000 2 0 0.000000
14 1939.478638 -1557.411377 207.125000 0.000000 85.000000 0.000000 0.000000 0.000000 1.000000 30.000000 85.000000 1.000000 2 0 0.000000
13 1052.908203 -1838.046021 209.250000 0.000000 -86.000000 0.000000 0.000000 0.000000 1.000000 30.000000 -86.000000 1.000000 2 0 0.000000
13 -1496.616333 -3860.388672 213.125000 0.000000 2.000000 0.000000 0.000000 0.000000 1.000000 30.000000 2.000000 1.000000 2 0 0.000000
13 -1492.642334 -3936.906494 213.125000 0.000000 2.000000 0.000000 0.000000 0.000000 1.000000 30.000000 2.000000 1.000000 2 0 0.000000
13 -1492.807007 -4036.861572 213.125000 0.000000 0.000000 0.000000 0.000000 0.000000 1.000000 30.000000 0.000000 1.000000 2 0 0.000000
16 -603.000000 -3643.978272 215.125000 0.000000 65.000000 0.000000 0.000000 0.000000 1.000000 30.000000 65.000000 1.000000 2 0 0.000000
16 -1735.923950 -2973.537598 221.490448 0.000000 90.000000 0.000000 -0.316228 0.000000 0.948683 30.000000 90.000000 1.000000 2 0 0.000000
16 -1651.468506 -2973.492432 222.621277 0.000000 90.000000 0.000000 0.316228 0.000000 0.948683 30.000000 90.000000 1.000000 2 0 0.000000
16 902.947510 -1691.942017 223.125000 0.000000 -90.000000 0.000000 0.000000 0.000000 1.000000 30.000000 -90.000000 1.000000 2 0 0.000000
16 -1696.422730 -2975.088379 231.125626 0.000000 87.000000 0.000000 0.000000 0.000000 1.000000 30.000000 87.000000 1.000000 2 0 0.000000
16 647.020935 -616.170471 231.375000 0.000000 0.000000 0.000000 0.000000 0.000000 1.000000 30.000000 0.000000 1.000000 2 0 0.000000
14 -687.702026 -2888.195557 235.125000 0.000000 0.000000 0.000000 0.000000 0.000000 1.000000 30.000000 0.000000 1.000000 1 0 0.000000
14 46.099377 -3150.835449 235.125000 0.000000 89.000000 0.000000 0.000000 0.000000 1.000000 30.000000 89.000000 1.000000 1 0 0.000000
13 1038.471924 -629.305847 234.250000 0.000000 -179.000000 0.000000 0.000000 0.000000 1.000000 30.000000 -179.000000 1.000000 2 0 0.000000
13 1038.440918 -561.920227 234.250000 0.000000 -179.000000 0.000000 0.000000 0.000000 1.000000 30.000000 -179.000000 1.000000 2 0 0.000000
14 253.734741 345.505493 234.651489 0.000000 -177.000000 0.000000 0.000000 -0.052013 0.998646 30.000000 -177.000000 1.000000 1 0 0.000000
14 858.104553 -1831.927490 239.125000 0.000000 -131.000000 0.000000 0.000000 0.000000 1.000000 30.000000 -131.000000 1.000000 1 0 0.000000
14 -1333.699829 -3552.431885 239.125000 0.000000 72.000000 0.000000 0.000000 0.000000 1.000000 30.000000 72.000000 1.000000 1 0 0.000000
13 1031.260010 -1489.517578 238.464813 0.000000 -90.000000 0.000000 0.703063 0.106794 0.703063 30.000000 -90.000000 1.000000 2 0 0.000000
14 1353.992798 -1092.922974 243.250000 0.000000 -86.000000 0.000000 0.000000 0.000000 1.000000 30.000000 -86.000000 1.000000 1 0 0.000000
13 -1503.255005 -3151.473389 245.125015 0.000000 1.000000 0.000000 0.000000 0.000000 1.000000 30.000000 1.000000 1.000000 2 0 0.000000
13 -1506.847046 -3238.014648 245.125015 0.000000 0.000000 0.000000 0.000000 0.000000 1.000000 30.000000 0.000000 1.000000 2 0 0.000000
13 -1513.313355 -3311.660645 245.125015 0.000000 0.000000 0.000000 0.000000 0.000000 1.000000 30.000000 0.000000 1.000000 2 0 0.000000
13 -1516.347046 -3480.503418 245.125015 0.000000 2.000000 0.000000 0.000000 0.000000 1.000000 30.000000 2.000000 1.000000 2 0 0.000000
13 -1513.354492 -3554.581787 245.125015 0.000000 2.000000 0.000000 0.000000 0.000000 1.000000 30.000000 2.000000 1.000000 2 0 0.000000
13 -1509.844971 -3641.442871 245.125015 0.000000 2.000000 0.000000 0.000000 0.000000 1.000000 30.000000 2.000000 1.000000 2 0 0.000000
13 -775.378113 -3709.009521 245.125015 0.000000 -92.000000 0.000000 0.000000 0.000000 1.000000 30.000000 -92.000000 1.000000 2 0 0.000000
13 -850.329102 -3233.123291 245.125015 0.000000 88.000000 0.000000 0.000000 0.000000 1.000000 30.000000 88.000000 1.000000 2 0 0.000000
13 -771.886475 -3059.991455 245.125015 0.000000 92.000000 0.000000 0.000000 0.000000 1.000000 30.000000 92.000000 1.000000 2 0 0.000000
13 -926.669922 -3392.457031 245.125015 0.000000 88.000000 0.000000 0.000000 0.000000 1.000000 30.000000 88.000000 1.000000 2 0 0.000000
13 -1182.236328 -3551.260742 245.125015 0.000000 -89.000000 0.000000 0.000000 0.000000 1.000000 30.000000 -89.000000 1.000000 2 0 0.000000
13 -1019.710754 -3550.734131 245.125015 0.000000 -91.000000 0.000000 0.000000 0.000000 1.000000 30.000000 -91.000000 1.000000 2 0 0.000000
6 -1070.494507 -1936.028809 245.124969 0.000000 111.000000 0.000000 0.000000 0.000000 1.000000 30.000000 111.000000 1.000000 2 0 0.000000
14 -1002.009766 -1506.891724 247.125000 0.000000 91.000000 0.000000 0.000000 0.000000 1.000000 30.000000 91.000000 1.000000 1 0 0.000000
14 -687.702026 -2888.195557 246.250000 0.000000 0.000000 0.000000 0.000000 0.000000 1.000000 30.000000 0.000000 1.000000 1 0 0.000000
14 693.990234 -2209.817383 247.125000 0.000000 -90.000000 0.000000 0.000000 0.000000 1.000000 30.000000 -90.000000 1.000000 1 0 0.000000
6 -1003.891235 -1334.322510 249.125000 0.000000 85.000000 0.000000 0.000000 0.000000 1.000000 30.000000 85.000000 1.000000 2 0 0.000000
16 1381.112183 -1026.876831 251.250000 0.000000 -1.000000 0.000000 0.000000 0.000000 1.000000 30.000000 -1.000000 1.000000 2 0 0.000000
16 1372.638062 -1146.234863 251.250000 0.000000 -1.000000 0.000000 0.000000 0.000000 1.000000 30.000000 -1.000000 1.000000 2 0 0.000000
16 1377.147095 -1178.388306 251.250000 0.000000 -12.000000 0.000000 0.000000 0.000000 1.000000 30.000000 -12.000000 1.000000 2 0 0.000000
16 1374.225830 -985.334167 251.250000 0.000000 32.000000 0.000000 0.000000 0.000000 1.000000 30.000000 32.000000 1.000000 2 0 0.000000
16 -565.319275 -3700.691162 255.125000 0.000000 87.000000 0.000000 0.000000 0.000000 1.000000 30.000000 87.000000 1.000000 2 0 0.000000
16 361.408752 -2015.284790 255.125000 0.000000 89.000000 0.000000 0.000000 0.000000 1.000000 30.000000 89.000000 1.000000 2 0 0.000000
16 -1735.492676 -2973.537598 261.615448 0.000000 90.000000 0.000000 0.000000 0.000000 1.000000 30.000000 90.000000 1.000000 2 0 0.000000
16 -1651.899658 -2973.492432 262.746277 0.000000 90.000000 0.000000 0.000000 0.000000 1.000000 30.000000 90.000000 1.000000 2 0 0.000000
13 926.152649 -1399.564453 268.150970 0.000000 179.000000 0.000000 0.000000 0.000000 1.000000 30.000000 179.000000 1.000000 2 0 0.000000
16 882.027710 -1831.778809 271.125000 0.000000 95.000000 0.000000 0.000000 0.000000 1.000000 30.000000 95.000000 1.000000 2 0 0.000000
16 -1696.422730 -2975.088379 271.250641 0.000000 87.000000 0.000000 0.000000 0.000000 1.000000 30.000000 87.000000 1.000000 2 0 0.000000
13 -1497.058838 -3798.914307 273.262482 0.000000 7.000000 0.000000 0.000000 -0.707107 0.707107 30.000000 7.000000 1.000000 2 0 0.000000
16 887.856506 -2092.504150 274.549347 0.000000 102.000000 0.000000 0.958798 0.000000 0.284088 30.000000 102.000000 1.000000 2 0 0.000000
16 -1735.492676 -2973.537598 301.740448 0.000000 90.000000 0.000000 0.000000 0.000000 1.000000 30.000000 90.000000 1.000000 2 0 0.000000
16 -1651.899658 -2973.492432 302.871277 0.000000 90.000000 0.000000 0.000000 0.000000 1.000000 30.000000 90.000000 1.000000 2 0 0.000000
13 934.613831 -1700.666992 318.237854 0.000000 91.000000 0.000000 0.000000 0.208434 0.978036 30.000000 91.000000 1.000000 2 0 0.000000
13 1030.634155 -1698.138794 317.699432 0.000000 91.000000 0.000000 0.000000 0.208434 0.978036 30.000000 91.000000 1.000000 2 0 0.000000
16 973.625610 -1951.627197 327.125000 0.000000 89.000000 0.000000 0.000000 0.000000 1.000000 30.000000 89.000000 1.000000 2 0 0.000000
14 1234.188110 -2773.077881 327.125000 0.000000 -46.000000 0.000000 0.000000 0.000000 1.000000 30.000000 -46.000000 1.000000 1 0 0.000000
16 971.595520 -1884.690674 327.125000 0.000000 90.000000 0.000000 0.000000 0.000000 1.000000 30.000000 90.000000 1.000000 2 0 0.000000
13 926.152649 -1399.564453 328.275970 0.000000 179.000000 0.000000 0.000000 0.000000 1.000000 30.000000 179.000000 1.000000 2 0 0.000000
9 -1339.659058 -3552.040527 352.125000 0.000000 -85.000000 0.000000 0.000000 0.000000 1.000000 30.000000 -85.000000 1.000000 2 0 0.000000
16 -1066.850830 -2186.291016 363.325897 0.000000 178.000000 0.000000 -0.707107 0.000000 0.707107 30.000000 178.000000 1.000000 2 0 0.000000
9 276.175140 901.618958 364.125000 0.000000 124.000000 0.000000 0.000000 0.000000 1.000000 30.000000 124.000000 1.000000 1 0 0.000000
16 971.595520 -1884.690674 367.250000 0.000000 90.000000 0.000000 0.000000 0.000000 1.000000 30.000000 90.000000 1.000000 2 0 0.000000
6 -260.204132 -3465.991943 367.125000 0.000000 0.000000 0.000000 0.000000 0.000000 1.000000 30.000000 0.000000 1.000000 2 0 0.000000
16 973.625610 -1951.627197 367.250000 0.000000 89.000000 0.000000 0.000000 0.000000 1.000000 30.000000 89.000000 1.000000 2 0 0.000000
14 1105.850952 -864.586670 367.125000 0.000000 76.000000 0.000000 0.000000 0.000000 1.000000 30.000000 76.000000 1.000000 1 0 0.000000
6 811.112671 881.050537 369.125000 0.000000 129.000000 0.000000 0.000000 0.000000 1.000000 30.000000 129.000000 1.000000 2 0 0.000000
13 888.576538 -330.493683 373.125000 0.000000 -90.000000 0.000000 0.000000 0.000000 1.000000 30.000000 -90.000000 1.000000 2 0 0.000000
13 963.537231 -330.572754 373.125000 0.000000 -90.000000 0.000000 0.000000 0.000000 1.000000 30.000000 -90.000000 1.000000 2 0 0.000000
13 1045.104614 -330.659271 373.125000 0.000000 -90.000000 0.000000 0.000000 0.000000 1.000000 30.000000 -90.000000 1.000000 2 0 0.000000
13 845.651978 -236.099228 373.125000 0.000000 -177.000000 0.000000 0.000000 0.000000 1.000000 30.000000 -177.000000 1.000000 2 0 0.000000
16 -340.344147 -3434.135498 373.125000 0.000000 1.000000 0.000000 0.000000 0.000000 1.000000 30.000000 1.000000 1.000000 2 0 0.000000
16 -348.144318 -3476.573975 373.125000 0.000000 0.000000 0.000000 0.000000 0.000000 1.000000 30.000000 0.000000 1.000000 2 0 0.000000
16 -355.298401 -3514.858887 373.125000 0.000000 -3.000000 0.000000 0.000000 0.000000 1.000000 30.000000 -3.000000 1.000000 2 0 0.000000
16 765.929810 781.367126 375.125000 0.000000 80.000000 0.000000 0.000000 0.000000 1.000000 30.000000 80.000000 1.000000 2 0 0.000000
3 815.470398 796.684692 375.125000 0.000000 -89.000000 0.000000 0.000000 0.000000 1.000000 30.000000 -89.000000 1.000000 2 0 0.000000
13 1030.634155 -1698.138794 377.824432 0.000000 91.000000 0.000000 0.000000 0.000000 1.000000 30.000000 91.000000 1.000000 2 0 0.000000
13 934.613831 -1700.666992 378.362854 0.000000 91.000000 0.000000 0.000000 0.000000 1.000000 30.000000 91.000000 1.000000 2 0 0.000000
14 11.175376 -2226.879150 379.125000 0.000000 90.000000 0.000000 0.000000 0.000000 1.000000 30.000000 90.000000 1.000000 1 0 0.000000
13 830.780212 647.845337 381.125000 0.000000 179.000000 0.000000 0.000000 0.000000 1.000000 30.000000 179.000000 1.000000 2 0 0.000000
13 843.930115 507.810516 381.125000 0.000000 -179.000000 0.000000 0.000000 0.000000 1.000000 30.000000 -179.000000 1.000000 2 0 0.000000
13 916.790772 769.833801 381.125000 0.000000 -87.000000 0.000000 0.000000 0.000000 1.000000 30.000000 -87.000000 1.000000 2 0 0.000000
16 767.712036 753.847534 383.125000 0.000000 -2.000000 0.000000 0.000000 0.000000 1.000000 30.000000 -2.000000 1.000000 2 0 0.000000
16 -62.419758 -2025.558350 387.125000 0.000000 159.000000 0.000000 0.000000 0.000000 1.000000 30.000000 159.000000 1.000000 2 0 0.000000
1 -258.865265 -2040.304321 387.125000 0.000000 6.000000 0.000000 0.000000 0.000000 1.000000 30.000000 6.000000 1.000000 1 0 0.000000
13 -1721.240845 -3638.464355 387.119171 0.000000 -90.000000 0.000000 -0.688247 -0.229416 0.688247 30.000000 -90.000000 1.000000 2 0 0.000000
9 9.633534 -2301.740723 387.250000 0.000000 -88.000000 0.000000 0.000000 0.000000 1.000000 30.000000 -88.000000 1.000000 4 0 0.000000
16 -504.881104 -1997.353149 387.125000 0.000000 163.000000 0.000000 0.000000 0.000000 1.000000 30.000000 163.000000 1.000000 2 0 0.000000
13 926.152649 -1399.564453 388.400970 0.000000 179.000000 0.000000 0.000000 0.000000 1.000000 30.000000 179.000000 1.000000 2 0 0.000000
3 736.720093 819.091553 391.125000 0.000000 1.000000 0.000000 0.000000 0.000000 1.000000 30.000000 1.000000 1.000000 2 0 0.000000
3 733.992737 904.018127 391.125000 0.000000 1.000000 0.000000 0.000000 0.000000 1.000000 30.000000 1.000000 1.000000 2 0 0.000000
13 103.903946 -2026.007202 397.574097 0.000000 20.000000 0.000000 0.000000 0.913812 0.406138 30.000000 20.000000 1.000000 2 0 0.000000
13 -1636.934814 -3665.456787 397.125000 0.000000 -56.000000 0.000000 0.000000 0.000000 1.000000 30.000000 -56.000000 1.000000 2 0 0.000000
9 -0.704155 -494.245880 399.054047 0.000000 0.000000 0.000000 0.000000 0.000000 1.000000 30.000000 0.000000 1.000000 1 0 0.000000
14 -625.185547 -2543.619629 398.125000 0.000000 -174.000000 0.000000 0.000000 0.000000 1.000000 30.000000 -174.000000 1.000000 1 0 0.000000
16 -1083.473755 -2187.887695 403.450897 0.000000 179.000000 0.000000 0.000000 0.000000 1.000000 30.000000 179.000000 1.000000 2 0 0.000000
15 -728.727173 -2555.290772 407.125000 0.000000 1.000000 0.000000 0.000000 0.000000 1.000000 30.000000 1.000000 1.000000 2 0 0.000000
14 -621.291016 -2014.491943 407.125000 0.000000 152.000000 0.000000 0.000000 0.000000 1.000000 30.000000 152.000000 1.000000 1 0 0.000000
16 971.595520 -1884.690674 407.375000 0.000000 90.000000 0.000000 0.000000 0.000000 1.000000 30.000000 90.000000 1.000000 2 0 0.000000
9 -515.336670 -2069.750488 407.419281 0.000000 -149.000000 0.000000 0.000000 0.724138 0.689655 30.000000 -149.000000 1.000000 4 0 0.000000
13 92.231812 -453.295319 408.125000 0.000000 0.000000 0.000000 0.000000 0.000000 1.000000 30.000000 0.000000 1.000000 2 0 0.000000
13 92.223068 -529.218506 408.125000 0.000000 0.000000 0.000000 0.000000 0.000000 1.000000 30.000000 0.000000 1.000000 2 0 0.000000
16 -340.344147 -3434.135498 413.250000 0.000000 1.000000 0.000000 0.000000 0.000000 1.000000 30.000000 1.000000 1.000000 2 0 0.000000
16 -348.144318 -3476.573975 413.250000 0.000000 0.000000 0.000000 0.000000 0.000000 1.000000 30.000000 0.000000 1.000000 2 0 0.000000
16 -355.298401 -3514.858887 413.250000 0.000000 -3.000000 0.000000 0.000000 0.000000 1.000000 30.000000 -3.000000 1.000000 2 0 0.000000
13 837.870361 218.932068 414.125000 0.000000 -39.000000 0.000000 0.000000 0.000000 1.000000 30.000000 -39.000000 1.000000 2 0 0.000000
9 -638.067749 -2009.068726 415.250000 0.000000 154.000000 0.000000 0.000000 0.000000 1.000000 30.000000 154.000000 1.000000 3 0 0.000000
16 752.579834 163.407791 414.439178 0.000000 -13.000000 0.000000 -0.894427 0.000000 0.447214 30.000000 -13.000000 1.000000 2 0 0.000000
13 -242.351044 -2029.968750 415.250000 0.000000 4.000000 0.000000 0.000000 0.000000 1.000000 30.000000 4.000000 1.000000 2 0 0.000000
13 781.523132 441.176819 418.050293 0.000000 87.000000 0.000000 0.330350 0.000000 0.943858 30.000000 87.000000 1.000000 2 0 0.000000
13 758.706238 228.394714 417.399689 0.000000 -86.000000 0.000000 -0.476283 0.000000 0.879292 30.000000 -86.000000 1.000000 2 0 0.000000
15 -731.500488 -2444.946289 417.575348 0.000000 1.000000 0.000000 0.000000 -0.685365 0.728200 30.000000 1.000000 1.000000 2 0 0.000000
16 887.944763 -150.443985 419.125000 0.000000 -179.000000 0.000000 0.000000 0.000000 1.000000 30.000000 -179.000000 1.000000 2 0 0.000000
16 890.415466 -16.173449 419.125000 0.000000 91.000000 0.000000 0.000000 0.000000 1.000000 30.000000 91.000000 1.000000 2 0 0.000000
16 887.349670 132.365265 419.125000 0.000000 94.000000 0.000000 0.000000 0.000000 1.000000 30.000000 94.000000 1.000000 2 0 0.000000
16 535.993530 -1923.531616 419.125000 0.000000 -1.000000 0.000000 0.000000 0.000000 1.000000 30.000000 -1.000000 1.000000 2 0 0.000000
13 -748.293579 -2067.760254 419.937073 0.000000 -165.000000 0.000000 0.000000 0.707107 0.707107 30.000000 -165.000000 1.000000 2 0 0.000000
16 -62.419758 -2025.558350 427.250000 0.000000 159.000000 0.000000 0.000000 0.000000 1.000000 30.000000 159.000000 1.000000 2 0 0.000000
16 177.565689 -2107.100098 431.386261 0.000000 6.000000 0.000000 0.000000 0.724138 0.689655 30.000000 6.000000 1.000000 2 0 0.000000
16 832.483704 -1104.687256 431.125000 0.000000 -89.000000 0.000000 0.000000 0.000000 1.000000 30.000000 -89.000000 1.000000 2 0 0.000000
13 -566.144348 -2000.423950 434.375000 0.000000 123.000000 0.000000 0.000000 0.000000 1.000000 30.000000 123.000000 1.000000 2 0 0.000000
15 -732.116577 -2665.332764 435.125000 0.000000 -5.000000 0.000000 0.000000 0.000000 1.000000 30.000000 -5.000000 1.000000 2 0 0.000000
13 555.170654 -1307.443726 437.125000 0.000000 -1.000000 0.000000 0.000000 0.000000 1.000000 30.000000 -1.000000 1.000000 2 0 0.000000
13 1030.634155 -1698.138794 437.949432 0.000000 91.000000 0.000000 0.000000 0.000000 1.000000 30.000000 91.000000 1.000000 2 0 0.000000
13 555.268005 -1235.896851 437.125000 0.000000 -1.000000 0.000000 0.000000 0.000000 1.000000 30.000000 -1.000000 1.000000 2 0 0.000000
16 -521.854553 -487.875488 439.125000 0.000000 152.000000 0.000000 0.000000 0.000000 1.000000 30.000000 152.000000 1.000000 2 0 0.000000
13 934.613831 -1700.666992 438.487854 0.000000 91.000000 0.000000 0.000000 0.000000 1.000000 30.000000 91.000000 1.000000 2 0 0.000000
16 -522.201965 -865.784180 439.125000 0.000000 -179.000000 0.000000 0.000000 0.000000 1.000000 30.000000 -179.000000 1.000000 2 0 0.000000
13 736.319824 746.525757 439.166412 0.000000 92.000000 0.000000 0.600000 0.000000 0.800000 30.000000 92.000000 1.000000 2 0 0.000000
13 360.147339 144.993469 439.516754 0.000000 -89.000000 0.000000 -0.600000 0.000000 0.800000 30.000000 -89.000000 1.000000 2 0 0.000000
13 830.780212 647.845337 441.250000 0.000000 179.000000 0.000000 0.000000 0.000000 1.000000 30.000000 179.000000 1.000000 2 0 0.000000
16 -1105.622681 -2189.130371 443.575897 0.000000 -179.000000 0.000000 0.000000 0.000000 1.000000 30.000000 -179.000000 1.000000 2 0 0.000000
13 370.395782 433.848908 447.203094 0.000000 88.000000 0.000000 -0.600000 0.000000 0.800000 30.000000 88.000000 1.000000 2 0 0.000000
13 -1731.481812 -3646.325439 447.244171 0.000000 -90.000000 0.000000 0.000000 0.000000 1.000000 30.000000 -90.000000 1.000000 2 0 0.000000
16 971.605469 -1909.608521 447.500000 0.000000 90.000000 0.000000 0.000000 0.000000 1.000000 30.000000 90.000000 1.000000 2 0 0.000000
13 -572.676331 -2072.317383 448.494263 0.000000 -179.000000 0.000000 0.000000 0.707107 0.707107 30.000000 -179.000000 1.000000 2 0 0.000000
16 -737.272217 -2385.184814 449.350800 0.000000 9.000000 0.000000 0.000000 -0.685365 0.728200 30.000000 9.000000 1.000000 2 0 0.000000
13 721.181152 428.111420 450.520416 0.000000 87.000000 0.000000 0.600000 0.000000 0.800000 30.000000 87.000000 1.000000 2 0 0.000000
13 720.620483 126.720444 452.564178 0.000000 88.000000 0.000000 0.000000 0.000000 1.000000 30.000000 88.000000 1.000000 2 0 0.000000
13 -1636.934814 -3665.456787 457.250000 0.000000 -56.000000 0.000000 0.000000 0.000000 1.000000 30.000000 -56.000000 1.000000 2 0 0.000000
14 -547.125000 -289.955658 460.151703 0.000000 110.000000 0.000000 -1.000000 0.000000 0.000000 30.000000 110.000000 1.000000 1 0 0.000000
13 775.085876 846.324402 464.250000 0.000000 38.000000 0.000000 0.000000 0.000000 1.000000 30.000000 38.000000 1.000000 2 0 0.000000
14 790.242126 185.318817 468.250000 0.000000 -99.000000 0.000000 0.000000 0.000000 1.000000 30.000000 -99.000000 1.000000 1 0 0.000000
16 -62.419758 -2025.558350 467.375000 0.000000 159.000000 0.000000 0.000000 0.000000 1.000000 30.000000 159.000000 1.000000 2 0 0.000000
13 92.231812 -453.295319 468.250000 0.000000 0.000000 0.000000 0.000000 0.000000 1.000000 30.000000 0.000000 1.000000 2 0 0.000000
13 92.223068 -529.218506 468.250000 0.000000 0.000000 0.000000 0.000000 0.000000 1.000000 30.000000 0.000000 1.000000 2 0 0.000000
16 441.751007 -783.534729 467.125000 0.000000 89.000000 0.000000 0.000000 0.000000 1.000000 30.000000 89.000000 1.000000 2 0 0.000000
13 548.731018 127.300758 469.125000 0.000000 89.000000 0.000000 0.000000 0.000000 1.000000 30.000000 89.000000 1.000000 2 0 0.000000
16 -747.685242 -2720.740967 468.889710 0.000000 -3.000000 0.000000 0.000000 0.759257 0.650791 30.000000 -3.000000 1.000000 2 0 0.000000
13 546.401855 426.305481 469.125000 0.000000 87.000000 0.000000 0.000000 0.000000 1.000000 30.000000 87.000000 1.000000 2 0 0.000000
16 832.483704 -1104.687256 471.250000 0.000000 -89.000000 0.000000 0.000000 0.000000 1.000000 30.000000 -89.000000 1.000000 2 0 0.000000
16 177.565689 -2108.432617 471.511261 0.000000 6.000000 0.000000 0.000000 0.000000 1.000000 30.000000 6.000000 1.000000 2 0 0.000000
13 -79.785393 -2097.106445 473.125000 0.000000 -5.000000 0.000000 0.000000 0.000000 1.000000 30.000000 -5.000000 1.000000 2 0 0.000000
13 645.624268 423.689514 475.125000 0.000000 87.000000 0.000000 0.000000 0.000000 1.000000 30.000000 87.000000 1.000000 2 0 0.000000
13 633.780396 127.253990 475.125000 0.000000 89.000000 0.000000 0.000000 0.000000 1.000000 30.000000 89.000000 1.000000 2 0 0.000000
13 459.394165 127.358215 475.125000 0.000000 89.000000 0.000000 0.000000 0.000000 1.000000 30.000000 89.000000 1.000000 2 0 0.000000
13 461.965088 430.789490 475.125000 0.000000 87.000000 0.000000 0.000000 0.000000 1.000000 30.000000 87.000000 1.000000 2 0 0.000000
16 319.874573 438.533600 477.530365 0.000000 -100.000000 0.000000 0.894427 0.000000 0.447214 30.000000 -100.000000 1.000000 2 0 0.000000
13 843.930115 507.810516 478.175293 0.000000 -179.000000 0.000000 0.000000 0.000000 1.000000 30.000000 -179.000000 1.000000 2 0 0.000000
13 689.093384 184.443329 477.524689 0.000000 -95.000000 0.000000 0.000000 0.000000 1.000000 30.000000 -95.000000 1.000000 2 0 0.000000
14 -473.440033 -1231.011230 479.125122 0.000000 -71.000000 0.000000 0.000000 0.000000 1.000000 30.000000 -71.000000 1.000000 1 0 0.000000
13 -748.293579 -2067.760254 480.062073 0.000000 -165.000000 0.000000 0.000000 0.000000 1.000000 30.000000 -165.000000 1.000000 2 0 0.000000
13 -1801.568604 -3473.817871 481.125000 0.000000 -179.000000 0.000000 0.000000 0.000000 1.000000 30.000000 -179.000000 1.000000 2 0 0.000000
16 -1124.834351 -2189.135742 483.700897 0.000000 -179.000000 0.000000 0.000000 0.000000 1.000000 30.000000 -179.000000 1.000000 2 0 0.000000
13 834.602173 228.607590 485.375000 0.000000 -86.000000 0.000000 0.000000 0.000000 1.000000 30.000000 -86.000000 1.000000 2 0 0.000000
13 758.706177 228.394714 485.375000 0.000000 -86.000000 0.000000 0.000000 0.000000 1.000000 30.000000 -86.000000 1.000000 2 0 0.000000
13 -730.197021 -2128.839600 493.125000 0.000000 -167.000000 0.000000 0.000000 0.000000 1.000000 30.000000 -167.000000 1.000000 2 0 0.000000
13 555.170654 -1307.443726 497.250000 0.000000 -1.000000 0.000000 0.000000 0.000000 1.000000 30.000000 -1.000000 1.000000 2 0 0.000000
13 555.268005 -1235.896851 497.250000 0.000000 -1.000000 0.000000 0.000000 0.000000 1.000000 30.000000 -1.000000 1.000000 2 0 0.000000
13 775.880798 425.969421 499.041046 0.000000 87.000000 0.000000 -0.894427 0.000000 0.447214 30.000000 87.000000 1.000000 2 0 0.000000
14 441.522003 -807.432129 499.250000 0.000000 89.000000 0.000000 0.000000 0.000000 1.000000 30.000000 89.000000 1.000000 1 0 0.000000
13 -585.843445 -2146.110352 500.074982 0.000000 -155.000000 0.000000 0.000000 0.825307 0.564684 30.000000 -155.000000 1.000000 2 0 0.000000
13 360.857758 144.993469 499.641724 0.000000 -89.000000 0.000000 0.000000 0.000000 1.000000 30.000000 -89.000000 1.000000 2 0 0.000000
14 -850.602112 -1822.909424 503.125000 0.000000 9.000000 0.000000 0.000000 0.000000 1.000000 30.000000 9.000000 1.000000 1 0 0.000000
13 371.106323 433.848908 507.328094 0.000000 88.000000 0.000000 0.000000 0.000000 1.000000 30.000000 88.000000 1.000000 2 0 0.000000
13 -572.676331 -2073.644287 508.619293 0.000000 -179.000000 0.000000 0.000000 0.000000 1.000000 30.000000 -179.000000 1.000000 2 0 0.000000
13 720.470703 428.111420 510.645416 0.000000 87.000000 0.000000 0.000000 0.000000 1.000000 30.000000 87.000000 1.000000 2 0 0.000000
13 719.130859 126.720444 512.689209 0.000000 88.000000 0.000000 0.000000 0.000000 1.000000 30.000000 88.000000 1.000000 2 0 0.000000
16 303.411285 431.940887 517.655396 0.000000 -103.000000 0.000000 0.000000 0.000000 1.000000 30.000000 -103.000000 1.000000 2 0 0.000000
14 1156.614014 -1418.022217 519.125000 0.000000 36.000000 0.000000 0.000000 0.000000 1.000000 30.000000 36.000000 1.000000 1 0 0.000000
16 -1148.574829 -2189.141113 523.825867 0.000000 -179.000000 0.000000 0.000000 0.000000 1.000000 30.000000 -179.000000 1.000000 2 0 0.000000
13 -566.144348 -2000.381470 524.819824 0.000000 123.000000 0.000000 0.000000 -0.485643 0.874157 30.000000 123.000000 1.000000 2 0 0.000000
13 299.331146 148.283585 524.617249 0.000000 -89.000000 0.000000 0.894427 0.000000 0.447214 30.000000 -89.000000 1.000000 2 0 0.000000
13 546.401855 426.305481 529.250000 0.000000 87.000000 0.000000 0.000000 0.000000 1.000000 30.000000 87.000000 1.000000 2 0 0.000000
13 -855.717773 -3801.813721 530.052917 0.000000 90.000000 0.000000 0.000000 -0.685365 0.728200 30.000000 90.000000 1.000000 2 0 0.000000
13 548.731018 127.300758 529.250000 0.000000 89.000000 0.000000 0.000000 0.000000 1.000000 30.000000 89.000000 1.000000 2 0 0.000000
13 459.394165 127.358215 535.250000 0.000000 89.000000 0.000000 0.000000 0.000000 1.000000 30.000000 89.000000 1.000000 2 0 0.000000
13 461.965088 430.789490 535.250000 0.000000 87.000000 0.000000 0.000000 0.000000 1.000000 30.000000 87.000000 1.000000 2 0 0.000000
13 645.502625 423.694244 535.250000 0.000000 87.000000 0.000000 0.000000 0.000000 1.000000 30.000000 87.000000 1.000000 2 0 0.000000
13 633.780396 127.253990 535.250000 0.000000 89.000000 0.000000 0.000000 0.000000 1.000000 30.000000 89.000000 1.000000 2 0 0.000000
13 855.152405 509.259766 541.125000 0.000000 177.000000 0.000000 0.000000 0.000000 1.000000 30.000000 177.000000 1.000000 2 0 0.000000
13 -748.293579 -2067.760254 540.187073 0.000000 -165.000000 0.000000 0.000000 0.000000 1.000000 30.000000 -165.000000 1.000000 2 0 0.000000
13 795.224182 85.124382 541.125000 0.000000 -7.000000 0.000000 0.000000 0.000000 1.000000 30.000000 -7.000000 1.000000 2 0 0.000000
13 774.519531 159.304642 545.500000 0.000000 -107.000000 0.000000 0.000000 0.000000 1.000000 30.000000 -107.000000 1.000000 2 0 0.000000
13 -732.675354 -2133.342529 553.250000 0.000000 -159.000000 0.000000 0.000000 0.000000 1.000000 30.000000 -159.000000 1.000000 2 0 0.000000
16 -1132.263550 -2209.226807 563.950867 0.000000 -108.000000 0.000000 0.000000 0.000000 1.000000 30.000000 -108.000000 1.000000 2 0 0.000000
13 -585.843445 -2146.110352 565.125244 0.000000 -155.000000 0.000000 0.000000 0.000000 1.000000 30.000000 -155.000000 1.000000 2 0 0.000000
13 -572.676331 -2073.644287 568.744324 0.000000 -179.000000 0.000000 0.000000 0.000000 1.000000 30.000000 -179.000000 1.000000 2 0 0.000000
6 -325.718658 -3113.898193 569.125000 0.000000 47.000000 0.000000 0.000000 0.000000 1.000000 30.000000 47.000000 1.000000 2 0 0.000000
13 759.149048 405.758759 570.770386 0.000000 89.000000 0.000000 0.000000 0.000000 1.000000 30.000000 89.000000 1.000000 2 0 0.000000
16 -1108.003906 -2210.862061 604.075867 0.000000 -81.000000 0.000000 0.000000 0.000000 1.000000 30.000000 -81.000000 1.000000 2 0 0.000000
13 19.739304 -2113.968262 609.125000 0.000000 -142.000000 0.000000 0.000000 0.000000 1.000000 30.000000 -142.000000 1.000000 2 0 0.000000
16 182.516388 -2166.538330 615.125000 0.000000 90.000000 0.000000 0.000000 0.000000 1.000000 30.000000 90.000000 1.000000 2 0 0.000000
16 182.516388 -2166.538330 615.125000 0.000000 90.000000 0.000000 0.000000 0.000000 1.000000 30.000000 90.000000 1.000000 2 0 0.000000
9 -1698.489502 -3008.652832 617.125000 0.000000 -178.000000 0.000000 0.000000 0.000000 1.000000 30.000000 -178.000000 1.000000 2 0 0.000000
9 139.244949 -1992.191040 618.307800 0.000000 40.000000 0.000000 0.000000 -0.216930 0.976187 30.000000 40.000000 1.000000 3 0 0.000000
13 -41.663521 -2064.968750 619.125000 0.000000 -9.000000 0.000000 0.000000 0.000000 1.000000 30.000000 -9.000000 1.000000 2 0 0.000000
14 -735.598877 -3112.772217 619.125000 0.000000 99.000000 0.000000 0.000000 0.000000 1.000000 30.000000 99.000000 1.000000 1 0 0.000000
9 -669.547302 -1963.069946 624.125000 0.000000 141.000000 0.000000 0.000000 0.000000 1.000000 30.000000 141.000000 1.000000 4 0 0.000000
16 -519.242737 -1990.396606 627.125000 0.000000 14.000000 0.000000 0.000000 0.000000 1.000000 30.000000 14.000000 1.000000 2 0 0.000000
13 21.618732 -1978.948242 633.125000 0.000000 0.000000 0.000000 0.000000 0.000000 1.000000 30.000000 0.000000 1.000000 2 0 0.000000
16 -519.242737 -1990.396606 667.250000 0.000000 14.000000 0.000000 0.000000 0.000000 1.000000 30.000000 14.000000 1.000000 2 0 0.000000
16 59.598995 -2009.161865 695.250000 0.000000 -14.000000 0.000000 0.000000 0.000000 1.000000 30.000000 -14.000000 1.000000 2 0 0.000000
16 85.382042 -2002.249146 735.375000 0.000000 41.000000 0.000000 0.000000 0.000000 1.000000 30.000000 41.000000 1.000000 2 0 0.000000
14 144.463699 -2019.650879 770.682068 0.000000 28.000000 0.000000 0.000000 0.316228 0.948683 30.000000 28.000000 1.000000 1 0 0.000000
16 85.382042 -2002.249146 775.500000 0.000000 41.000000 0.000000 0.000000 0.000000 1.000000 30.000000 41.000000 1.000000 2 0 0.000000
13 -753.704956 -2020.789673 397.225006 0.000000 171.000000 0.000000 0.000000 0.000000 0.000000 30.000000 171.000000 1.000000 2 0 0.000000
13 1129.422485 -584.207581 -8230.308594 0.000000 173.000000 0.000000 0.000000 0.000000 0.000000 30.000000 173.000000 1.000000 2 0 0.000000
13 -754.249634 -2028.336304 457.450012 0.000000 173.000000 0.000000 0.000000 0.000000 0.000000 30.000000 173.000000 1.000000 2 0 0.000000
16 -756.053772 -2066.374268 400.651154 0.000000 -179.000000 0.000000 0.000000 0.000000 0.000000 30.000000 -179.000000 1.000000 2 0 0.000000
16 897.388489 -1731.634277 295.965241 0.000000 70.000000 0.000000 0.000000 0.000000 0.000000 30.000000 70.000000 1.000000 2 0 0.000000
