11 1143.327880 -885.919128 136.225006 0.000000 116.000000 0.000000 0.000000 0.000000 0.000000 0.000000 116.000000 1.000000 0 0 0.000000
11 -93.014358 -200.710586 -87.875000 0.000000 -1.000000 0.000000 0.000000 0.000000 1.000000 0.000000 -1.000000 1.000000 0 0 0.000000
11 -93.141410 -245.591613 -87.875000 0.000000 -1.000000 0.000000 0.000000 0.000000 1.000000 0.000000 -1.000000 1.000000 0 0 0.000000
11 -93.309570 -285.054229 -87.875000 0.000000 -1.000000 0.000000 0.000000 0.000000 1.000000 0.000000 -1.000000 1.000000 0 0 0.000000
16 -240.224639 -223.675857 -112.875000 0.000000 178.000000 0.000000 0.000000 0.000000 1.000000 0.000000 178.000000 1.000000 0 0 0.000000
6 -240.224639 -223.675857 -78.750000 0.000000 178.000000 0.000000 0.000000 0.000000 1.000000 0.000000 178.000000 1.000000 0 0 0.000000
15 -20.121452 -178.049972 -110.875000 0.000000 95.000000 0.000000 0.000000 0.000000 1.000000 0.000000 95.000000 1.000000 0 0 0.000000
16 -16.123756 -167.881744 -110.875000 0.000000 -92.000000 0.000000 0.000000 0.000000 1.000000 0.000000 -92.000000 1.000000 0 0 0.000000
14 -227.102416 -876.498474 -120.875000 0.000000 -62.000000 0.000000 0.000000 0.000000 1.000000 0.000000 -62.000000 1.000000 1 0 0.000000
11 -86.226554 -845.949462 -87.875000 0.000000 1.000000 0.000000 0.000000 0.000000 1.000000 0.000000 1.000000 1.000000 0 0 0.000000
11 -85.847908 -913.300415 -87.875000 0.000000 1.000000 0.000000 0.000000 0.000000 1.000000 0.000000 1.000000 1.000000 0 0 0.000000
16 -248.286941 -488.401123 -112.875000 0.000000 85.000000 0.000000 0.000000 0.000000 1.000000 0.000000 85.000000 1.000000 0 0 0.000000
15 891.641845 -1042.177001 -112.875000 0.000000 177.000000 0.000000 0.000000 0.000000 1.000000 0.000000 177.000000 1.000000 0 0 0.000000
11 796.794067 -366.427185 -87.875000 0.000000 153.000000 0.000000 0.000000 0.000000 1.000000 0.000000 153.000000 1.000000 0 0 0.000000
11 757.125244 -421.122009 -85.875000 0.000000 165.000000 0.000000 0.000000 0.000000 1.000000 0.000000 165.000000 1.000000 0 0 0.000000
14 936.596923 -866.212280 -120.875000 0.000000 -107.000000 0.000000 0.000000 0.000000 1.000000 0.000000 -107.000000 1.000000 1 0 0.000000
14 724.587707 -2241.135742 -26.974235 0.000000 -91.000000 0.000000 -0.242535 0.000000 0.970142 0.000000 -91.000000 1.000000 1 0 0.000000
11 112.182891 -102.060424 -85.875000 0.000000 116.000000 0.000000 0.000000 0.000000 1.000000 0.000000 116.000000 1.000000 0 0 0.000000
11 -59.521461 912.548950 88.125000 0.000000 -178.000000 0.000000 0.000000 0.000000 1.000000 0.000000 -178.000000 1.000000 0 0 0.000000
11 -12.169151 912.925537 88.125000 0.000000 163.000000 0.000000 0.000000 0.000000 1.000000 0.000000 163.000000 1.000000 0 0 0.000000
1 686.875122 -1606.540039 239.125000 0.000000 177.000000 0.000000 0.000000 0.000000 1.000000 0.000000 177.000000 1.000000 0 0 0.000000
1 324.729522 -1663.422607 239.125000 0.000000 177.000000 0.000000 0.000000 0.000000 1.000000 0.000000 177.000000 1.000000 0 0 0.000000
1 361.672943 -1612.660034 239.125000 0.000000 -5.000000 0.000000 0.000000 0.000000 1.000000 0.000000 -5.000000 1.000000 0 0 0.000000
9 -710.629150 803.698364 6.125000 0.000000 -169.000000 0.000000 0.000000 0.000000 1.000000 0.000000 -169.000000 1.000000 0 0 0.000000
10 -724.903991 910.246459 22.125000 0.000000 76.000000 0.000000 0.000000 0.000000 1.000000 0.000000 76.000000 1.000000 0 0 0.000000
15 -464.165649 982.248474 15.125000 0.000000 171.000000 0.000000 0.000000 0.000000 1.000000 0.000000 171.000000 1.000000 0 0 0.000000
15 -560.823059 490.368286 15.125000 0.000000 -115.000000 0.000000 0.000000 0.000000 1.000000 0.000000 -115.000000 1.000000 0 0 0.000000
15 -375.749938 914.834533 15.125000 0.000000 168.000000 0.000000 0.000000 0.000000 1.000000 0.000000 168.000000 1.000000 0 0 0.000000
11 -343.030700 591.244750 42.125000 0.000000 -25.000000 0.000000 0.000000 0.000000 1.000000 0.000000 -25.000000 1.000000 0 0 0.000000
15 -259.289215 818.140441 15.125000 0.000000 -65.000000 0.000000 0.000000 0.000000 1.000000 0.000000 -65.000000 1.000000 0 0 0.000000
15 -445.932098 493.290649 15.125000 0.000000 61.000000 0.000000 0.000000 0.000000 1.000000 0.000000 61.000000 1.000000 0 0 0.000000
11 -498.427673 565.238037 40.125000 0.000000 -93.000000 0.000000 0.000000 0.000000 1.000000 0.000000 -93.000000 1.000000 0 0 0.000000
10 -511.180084 418.301086 20.125000 0.000000 83.000000 0.000000 0.000000 0.000000 1.000000 0.000000 83.000000 1.000000 0 0 0.000000
15 -512.513854 59.619201 26.474046 0.000000 -92.000000 0.000000 0.000000 0.242535 0.970142 0.000000 -92.000000 1.000000 0 0 0.000000
11 -117.602714 965.066101 72.125000 0.000000 162.000000 0.000000 0.000000 0.000000 1.000000 0.000000 162.000000 1.000000 0 0 0.000000
11 -109.699905 917.878601 88.125000 0.000000 -176.000000 0.000000 0.000000 0.000000 1.000000 0.000000 -176.000000 1.000000 0 0 0.000000
13 -380.854644 817.361450 13.125000 0.000000 -130.000000 0.000000 0.000000 0.000000 1.000000 0.000000 -130.000000 1.000000 0 0 0.000000
10 -254.422195 916.921325 20.125000 0.000000 -155.000000 0.000000 0.000000 0.000000 1.000000 0.000000 -155.000000 1.000000 0 0 0.000000
14 376.724334 280.233520 7.125000 0.000000 166.000000 0.000000 0.000000 0.000000 1.000000 0.000000 166.000000 1.000000 1 0 0.000000
14 337.026885 924.428222 55.125000 0.000000 -36.000000 0.000000 0.000000 0.000000 1.000000 0.000000 -36.000000 1.000000 1 0 0.000000
11 -658.392578 471.655883 42.125000 0.000000 -178.000000 0.000000 0.000000 0.000000 1.000000 0.000000 -178.000000 1.000000 0 0 0.000000
14 -768.360961 510.918884 9.125000 0.000000 -162.000000 0.000000 0.000000 0.000000 1.000000 0.000000 -162.000000 1.000000 1 0 0.000000
11 -737.353454 577.370544 42.125000 0.000000 125.000000 0.000000 0.000000 0.000000 1.000000 0.000000 125.000000 1.000000 0 0 0.000000
11 -772.749145 622.412231 42.125000 0.000000 123.000000 0.000000 0.000000 0.000000 1.000000 0.000000 123.000000 1.000000 0 0 0.000000
10 -707.631164 490.293457 22.125000 0.000000 -129.000000 0.000000 0.000000 0.000000 1.000000 0.000000 -129.000000 1.000000 0 0 0.000000
11 -691.625671 543.960266 42.125000 0.000000 -141.000000 0.000000 0.000000 0.000000 1.000000 0.000000 -141.000000 1.000000 0 0 0.000000
15 -648.208129 173.601806 69.126388 0.000000 172.000000 0.000000 0.000000 0.000000 1.000000 0.000000 172.000000 1.000000 0 0 0.000000
15 -679.654663 338.752716 69.126388 0.000000 174.000000 0.000000 0.000000 0.000000 1.000000 0.000000 174.000000 1.000000 0 0 0.000000
10 -666.240966 152.435272 22.125000 0.000000 175.000000 0.000000 0.000000 0.000000 1.000000 0.000000 175.000000 1.000000 0 0 0.000000
10 -674.802490 357.809600 22.125000 0.000000 175.000000 0.000000 0.000000 0.000000 1.000000 0.000000 175.000000 1.000000 0 0 0.000000
14 -769.451171 344.115539 9.125000 0.000000 80.000000 0.000000 0.000000 0.000000 1.000000 0.000000 80.000000 1.000000 1 0 0.000000
10 -692.328369 265.321228 22.125000 0.000000 -28.000000 0.000000 0.000000 0.000000 1.000000 0.000000 -28.000000 1.000000 0 0 0.000000
10 -618.786132 265.444885 74.126388 0.000000 -6.000000 0.000000 0.000000 0.000000 1.000000 0.000000 -6.000000 1.000000 0 0 0.000000
13 152.671035 222.726272 -114.875000 0.000000 -103.000000 0.000000 0.000000 0.000000 1.000000 0.000000 -103.000000 1.000000 0 0 0.000000
15 -461.559356 342.322784 15.125000 0.000000 91.000000 0.000000 0.000000 0.000000 1.000000 0.000000 91.000000 1.000000 0 0 0.000000
11 -111.285850 326.530273 40.125000 0.000000 0.000000 0.000000 0.000000 0.000000 1.000000 0.000000 0.000000 1.000000 0 0 0.000000
11 -111.323097 265.001800 40.125000 0.000000 0.000000 0.000000 0.000000 0.000000 1.000000 0.000000 0.000000 1.000000 0 0 0.000000
14 -27.957672 951.818908 -25.131736 0.000000 91.000000 0.000000 0.242535 0.000000 0.970142 0.000000 91.000000 1.000000 1 0 0.000000
11 100.602195 108.847816 -87.875000 0.000000 -91.000000 0.000000 0.000000 0.000000 1.000000 0.000000 -91.000000 1.000000 0 0 0.000000
11 40.566520 108.938461 -87.875000 0.000000 -91.000000 0.000000 0.000000 0.000000 1.000000 0.000000 -91.000000 1.000000 0 0 0.000000
14 -40.129467 298.062438 23.125000 0.000000 -2.000000 0.000000 0.000000 0.000000 1.000000 0.000000 -2.000000 1.000000 1 0 0.000000
10 66.593994 31.384912 -107.875000 0.000000 89.000000 0.000000 0.000000 0.000000 1.000000 0.000000 89.000000 1.000000 0 0 0.000000
15 178.551605 -110.424736 -109.239166 0.000000 -39.000000 0.000000 -0.133156 0.061822 0.989164 0.000000 -39.000000 1.000000 0 0 0.000000
11 111.461029 -161.342376 -92.618507 0.000000 -76.000000 0.000000 -0.019189 0.062366 0.997868 0.000000 -76.000000 1.000000 0 0 0.000000
11 508.713317 -704.559143 -77.487327 0.000000 -104.000000 0.000000 0.095527 -0.062093 0.993488 0.000000 -104.000000 1.000000 0 0 0.000000
15 46.553436 -150.955047 -110.875000 0.000000 -106.000000 0.000000 0.000000 0.000000 1.000000 0.000000 -106.000000 1.000000 0 0 0.000000
10 370.307739 -809.344116 -87.875000 0.000000 86.000000 0.000000 0.000000 0.000000 1.000000 0.000000 86.000000 1.000000 0 0 0.000000
11 703.158142 -985.761474 -85.875000 0.000000 -2.000000 0.000000 0.000000 0.000000 1.000000 0.000000 -2.000000 1.000000 0 0 0.000000
15 687.004089 -1240.465942 -110.875000 0.000000 -70.000000 0.000000 0.000000 0.000000 1.000000 0.000000 -70.000000 1.000000 0 0 0.000000
11 742.208496 -708.119445 -104.727058 0.000000 -95.000000 0.000000 0.114403 0.061968 0.991499 0.000000 -95.000000 1.000000 0 0 0.000000
11 686.142944 -700.822204 -98.714027 0.000000 -105.000000 0.000000 0.114403 0.061968 0.991499 0.000000 -105.000000 1.000000 0 0 0.000000
11 640.709655 -700.175903 -94.383346 0.000000 -59.000000 0.000000 0.095527 0.062093 0.993488 0.000000 -59.000000 1.000000 0 0 0.000000
11 574.513671 -693.315490 -87.724273 0.000000 -71.000000 0.000000 0.215391 0.071016 0.973942 0.000000 -71.000000 1.000000 0 0 0.000000
15 590.374023 -1245.658447 -112.875000 0.000000 -101.000000 0.000000 0.000000 0.000000 1.000000 0.000000 -101.000000 1.000000 0 0 0.000000
11 449.697052 -692.271545 -72.950248 0.000000 -105.000000 0.000000 0.028778 -0.062352 0.997639 0.000000 -105.000000 1.000000 0 0 0.000000
11 402.525756 -715.948547 -61.358295 0.000000 -117.000000 0.000000 0.000000 -0.242535 0.970142 0.000000 -117.000000 1.000000 0 0 0.000000
11 339.997680 -716.087097 -61.392932 0.000000 -11.000000 0.000000 0.000000 -0.242535 0.970142 0.000000 -11.000000 1.000000 0 0 0.000000
11 276.865600 -709.554504 -78.543647 0.000000 -15.000000 0.000000 -0.067141 0.020781 0.997527 0.000000 -15.000000 1.000000 0 0 0.000000
11 215.729034 -710.638244 -82.734718 0.000000 -51.000000 0.000000 -0.076679 0.020767 0.996839 0.000000 -51.000000 1.000000 0 0 0.000000
11 159.240341 -703.184692 -87.235290 0.000000 -87.000000 0.000000 -0.076679 0.020767 0.996839 0.000000 -87.000000 1.000000 0 0 0.000000
11 30.087705 -720.849182 -102.246261 0.000000 -88.000000 0.000000 -0.133410 0.000000 0.991060 0.000000 -88.000000 1.000000 0 0 0.000000
11 -18.202960 -728.646301 -105.963432 0.000000 -94.000000 0.000000 -0.057596 0.000000 0.998339 0.000000 -94.000000 1.000000 0 0 0.000000
10 641.691650 -1315.435668 -107.875000 0.000000 78.000000 0.000000 0.000000 0.000000 1.000000 0.000000 78.000000 1.000000 0 0 0.000000
11 693.913696 -1308.373413 -87.875000 0.000000 37.000000 0.000000 0.000000 0.000000 1.000000 0.000000 37.000000 1.000000 0 0 0.000000
11 587.523132 -1310.140258 -87.875000 0.000000 129.000000 0.000000 0.000000 0.000000 1.000000 0.000000 129.000000 1.000000 0 0 0.000000
11 482.337280 -1547.931518 -87.875000 0.000000 55.000000 0.000000 0.000000 0.000000 1.000000 0.000000 55.000000 1.000000 0 0 0.000000
15 405.657684 -1595.505615 -112.875000 0.000000 -3.000000 0.000000 0.000000 0.000000 1.000000 0.000000 -3.000000 1.000000 0 0 0.000000
11 316.395294 -1570.095825 -87.875000 0.000000 2.000000 0.000000 0.000000 0.000000 1.000000 0.000000 2.000000 1.000000 0 0 0.000000
10 260.314697 -1623.054931 -107.875000 0.000000 -32.000000 0.000000 0.000000 0.000000 1.000000 0.000000 -32.000000 1.000000 0 0 0.000000
11 246.679458 -1799.085693 -87.875000 0.000000 -94.000000 0.000000 0.000000 0.000000 1.000000 0.000000 -94.000000 1.000000 0 0 0.000000
15 498.201812 -1622.640380 -112.875000 0.000000 177.000000 0.000000 0.000000 0.000000 1.000000 0.000000 177.000000 1.000000 0 0 0.000000
11 292.828399 -1791.102294 -87.875000 0.000000 -70.000000 0.000000 0.000000 0.000000 1.000000 0.000000 -70.000000 1.000000 0 0 0.000000
11 200.193267 -1795.538330 -87.875000 0.000000 -94.000000 0.000000 0.000000 0.000000 1.000000 0.000000 -94.000000 1.000000 0 0 0.000000
11 152.480072 -1789.984741 -87.875000 0.000000 -96.000000 0.000000 0.000000 0.000000 1.000000 0.000000 -96.000000 1.000000 0 0 0.000000
15 190.251724 -1962.901123 -112.875000 0.000000 102.000000 0.000000 0.000000 0.000000 1.000000 0.000000 102.000000 1.000000 0 0 0.000000
13 352.107360 -2112.258789 -114.094314 0.000000 -71.000000 0.000000 -0.242535 0.000000 0.970142 0.000000 -71.000000 1.000000 0 0 0.000000
11 454.052917 -2085.354492 -64.857925 0.000000 74.000000 0.000000 -0.242535 0.000000 0.970142 0.000000 74.000000 1.000000 0 0 0.000000
11 439.713592 -2141.669189 -68.442756 0.000000 72.000000 0.000000 -0.242535 0.000000 0.970142 0.000000 72.000000 1.000000 0 0 0.000000
11 833.101440 -2196.558837 88.125000 0.000000 0.000000 0.000000 0.000000 0.000000 1.000000 0.000000 0.000000 1.000000 0 0 0.000000
11 836.821655 -2243.364013 72.125000 0.000000 2.000000 0.000000 0.000000 0.000000 1.000000 0.000000 2.000000 1.000000 0 0 0.000000
10 982.096679 -2140.996337 20.125000 0.000000 -150.000000 0.000000 0.000000 0.000000 1.000000 0.000000 -150.000000 1.000000 0 0 0.000000
15 -557.971496 -352.822082 111.125000 0.000000 80.000000 0.000000 0.000000 0.000000 1.000000 0.000000 80.000000 1.000000 0 0 0.000000
15 -470.591400 -371.326385 111.125000 0.000000 88.000000 0.000000 0.000000 0.000000 1.000000 0.000000 88.000000 1.000000 0 0 0.000000
11 -415.886383 -298.486877 138.125000 0.000000 -107.000000 0.000000 0.000000 0.000000 1.000000 0.000000 -107.000000 1.000000 0 0 0.000000
11 -632.500183 -367.025482 136.125000 0.000000 77.000000 0.000000 0.000000 0.000000 1.000000 0.000000 77.000000 1.000000 0 0 0.000000
15 1113.875244 -2097.706542 15.125000 0.000000 -154.000000 0.000000 0.000000 0.000000 1.000000 0.000000 -154.000000 1.000000 0 0 0.000000
15 1114.484130 -2240.679199 15.125000 0.000000 152.000000 0.000000 0.000000 0.000000 1.000000 0.000000 152.000000 1.000000 0 0 0.000000
12 -932.155456 -390.934783 109.124992 0.000000 177.000000 0.000000 0.000000 0.000000 1.000000 0.000000 177.000000 1.000000 1 0 0.000000
11 -980.569152 -455.116394 136.125000 0.000000 91.000000 0.000000 0.000000 0.000000 1.000000 0.000000 91.000000 1.000000 0 0 0.000000
11 -933.121643 -457.064453 136.125000 0.000000 88.000000 0.000000 0.000000 0.000000 1.000000 0.000000 88.000000 1.000000 0 0 0.000000
11 -883.335388 -457.178466 136.125000 0.000000 88.000000 0.000000 0.000000 0.000000 1.000000 0.000000 88.000000 1.000000 0 0 0.000000
11 -835.629455 -456.628784 136.125000 0.000000 -173.000000 0.000000 0.000000 0.000000 1.000000 0.000000 -173.000000 1.000000 0 0 0.000000
10 -857.755615 -383.829803 116.125000 0.000000 161.000000 0.000000 0.000000 0.000000 1.000000 0.000000 161.000000 1.000000 0 0 0.000000
10 1434.217895 -1754.840942 70.125000 0.000000 89.000000 0.000000 0.000000 0.000000 1.000000 0.000000 89.000000 1.000000 0 0 0.000000
14 1331.213134 -1790.090820 105.125000 0.000000 173.000000 0.000000 0.000000 0.000000 1.000000 0.000000 173.000000 1.000000 1 0 0.000000
11 1273.668945 -1685.202270 40.125000 0.000000 111.000000 0.000000 0.000000 0.000000 1.000000 0.000000 111.000000 1.000000 0 0 0.000000
11 1222.164062 -1693.247802 40.125000 0.000000 96.000000 0.000000 0.000000 0.000000 1.000000 0.000000 96.000000 1.000000 0 0 0.000000
11 1175.726806 -1698.013916 40.125000 0.000000 120.000000 0.000000 0.000000 0.000000 1.000000 0.000000 120.000000 1.000000 0 0 0.000000
10 1199.218139 -1630.176879 20.125000 0.000000 -42.000000 0.000000 0.000000 0.000000 1.000000 0.000000 -42.000000 1.000000 0 0 0.000000
14 1466.693237 -1628.493408 57.125000 0.000000 -102.000000 0.000000 0.000000 0.000000 1.000000 0.000000 -102.000000 1.000000 1 0 0.000000
11 1289.387084 -1249.431030 69.271072 0.000000 -89.000000 0.000000 0.000000 -0.242535 0.970142 0.000000 -89.000000 1.000000 0 0 0.000000
11 1170.398925 -1245.630859 70.221115 0.000000 -99.000000 0.000000 0.000000 -0.242535 0.970142 0.000000 -99.000000 1.000000 0 0 0.000000
11 1219.986694 -1289.869262 59.161518 0.000000 -93.000000 0.000000 0.000000 -0.242535 0.970142 0.000000 -93.000000 1.000000 0 0 0.000000
10 1393.700805 -1518.104370 70.125000 0.000000 14.000000 0.000000 0.000000 0.000000 1.000000 0.000000 14.000000 1.000000 0 0 0.000000
10 1234.173217 -1081.462158 92.013290 0.000000 -97.000000 0.000000 0.000000 -0.242535 0.970142 0.000000 -97.000000 1.000000 0 0 0.000000
11 1119.390502 -876.772033 138.125000 0.000000 81.000000 0.000000 0.000000 0.000000 1.000000 0.000000 81.000000 1.000000 0 0 0.000000
11 1165.359863 -883.692077 136.125000 0.000000 75.000000 0.000000 0.000000 0.000000 1.000000 0.000000 75.000000 1.000000 0 0 0.000000
11 1213.017578 -880.233886 136.125000 0.000000 74.000000 0.000000 0.000000 0.000000 1.000000 0.000000 74.000000 1.000000 0 0 0.000000
11 1259.657714 -880.349426 136.125000 0.000000 74.000000 0.000000 0.000000 0.000000 1.000000 0.000000 74.000000 1.000000 0 0 0.000000
11 1307.015380 -881.237792 136.125000 0.000000 87.000000 0.000000 0.000000 0.000000 1.000000 0.000000 87.000000 1.000000 0 0 0.000000
11 1373.675781 -877.274780 136.125000 0.000000 -129.000000 0.000000 0.000000 0.000000 1.000000 0.000000 -129.000000 1.000000 0 0 0.000000
10 1203.349365 -829.001159 116.125000 0.000000 -87.000000 0.000000 0.000000 0.000000 1.000000 0.000000 -87.000000 1.000000 0 0 0.000000
10 1196.626708 -991.326110 114.547302 0.000000 160.000000 0.000000 0.000000 -0.242535 0.970142 0.000000 160.000000 1.000000 0 0 0.000000
11 1470.398925 -864.311462 136.125000 0.000000 178.000000 0.000000 0.000000 0.000000 1.000000 0.000000 178.000000 1.000000 0 0 0.000000
11 1524.031127 -780.503540 136.125000 0.000000 57.000000 0.000000 0.000000 0.000000 1.000000 0.000000 57.000000 1.000000 0 0 0.000000
11 1637.144165 -904.578002 136.125000 0.000000 -114.000000 0.000000 0.000000 0.000000 1.000000 0.000000 -114.000000 1.000000 0 0 0.000000
11 1592.768920 -616.945922 136.125000 0.000000 148.000000 0.000000 0.000000 0.000000 1.000000 0.000000 148.000000 1.000000 0 0 0.000000
15 1664.527587 -803.013854 111.125000 0.000000 -88.000000 0.000000 0.000000 0.000000 1.000000 0.000000 -88.000000 1.000000 0 0 0.000000
11 1684.774780 -667.000244 136.125000 0.000000 -45.000000 0.000000 0.000000 0.000000 1.000000 0.000000 -45.000000 1.000000 0 0 0.000000
11 1528.744384 -526.088806 136.125000 0.000000 122.000000 0.000000 0.000000 0.000000 1.000000 0.000000 122.000000 1.000000 0 0 0.000000
11 1577.244995 -511.448181 136.125000 0.000000 95.000000 0.000000 0.000000 0.000000 1.000000 0.000000 95.000000 1.000000 0 0 0.000000
11 1672.073120 -527.543151 136.125000 0.000000 46.000000 0.000000 0.000000 0.000000 1.000000 0.000000 46.000000 1.000000 0 0 0.000000
11 1627.957763 -513.637268 136.125000 0.000000 69.000000 0.000000 0.000000 0.000000 1.000000 0.000000 69.000000 1.000000 0 0 0.000000
10 1598.008056 -441.412811 116.125000 0.000000 -100.000000 0.000000 0.000000 0.000000 1.000000 0.000000 -100.000000 1.000000 0 0 0.000000
11 1479.749267 -276.772613 136.125000 0.000000 -173.000000 0.000000 0.000000 0.000000 1.000000 0.000000 -173.000000 1.000000 0 0 0.000000
11 1392.632080 -216.825881 136.125000 0.000000 -130.000000 0.000000 0.000000 0.000000 1.000000 0.000000 -130.000000 1.000000 0 0 0.000000
10 1308.579833 -184.125244 116.125000 0.000000 -14.000000 0.000000 0.000000 0.000000 1.000000 0.000000 -14.000000 1.000000 0 0 0.000000
11 1339.355346 -231.936798 136.125000 0.000000 -56.000000 0.000000 0.000000 0.000000 1.000000 0.000000 -56.000000 1.000000 0 0 0.000000
13 1054.096191 -120.921134 109.125000 0.000000 -1.000000 0.000000 0.000000 0.000000 1.000000 0.000000 -1.000000 1.000000 0 0 0.000000
11 1057.033935 -185.266418 136.125000 0.000000 -1.000000 0.000000 0.000000 0.000000 1.000000 0.000000 -1.000000 1.000000 0 0 0.000000
11 1360.402832 -162.067993 136.125000 0.000000 4.000000 0.000000 0.000000 0.000000 1.000000 0.000000 4.000000 1.000000 0 0 0.000000
10 978.827636 -181.187057 116.125000 0.000000 -1.000000 0.000000 0.000000 0.000000 1.000000 0.000000 -1.000000 1.000000 0 0 0.000000
13 1048.703247 -255.895843 109.125000 0.000000 6.000000 0.000000 0.000000 0.000000 1.000000 0.000000 6.000000 1.000000 0 0 0.000000
15 1231.896728 -164.124465 111.125000 0.000000 -27.000000 0.000000 0.000000 0.000000 1.000000 0.000000 -27.000000 1.000000 0 0 0.000000
11 266.181640 -139.939163 152.125000 0.000000 164.000000 0.000000 0.000000 0.000000 1.000000 0.000000 164.000000 1.000000 0 0 0.000000
15 730.558471 -371.413635 111.125000 0.000000 -82.000000 0.000000 0.000000 0.000000 1.000000 0.000000 -82.000000 1.000000 0 0 0.000000
11 220.912399 -162.156906 152.125000 0.000000 -178.000000 0.000000 0.000000 0.000000 1.000000 0.000000 -178.000000 1.000000 0 0 0.000000
10 354.927703 -163.779434 116.125000 0.000000 -178.000000 0.000000 0.000000 0.000000 1.000000 0.000000 -178.000000 1.000000 0 0 0.000000
14 46.727401 23.302640 135.125000 0.000000 109.000000 0.000000 0.000000 0.000000 1.000000 0.000000 109.000000 1.000000 1 0 0.000000
15 645.442382 -410.716278 111.125000 0.000000 -91.000000 0.000000 0.000000 0.000000 1.000000 0.000000 -91.000000 1.000000 0 0 0.000000
10 747.371154 -1134.501220 116.125000 0.000000 -86.000000 0.000000 0.000000 0.000000 1.000000 0.000000 -86.000000 1.000000 0 0 0.000000
11 579.402709 -409.384521 152.125000 0.000000 -91.000000 0.000000 0.000000 0.000000 1.000000 0.000000 -91.000000 1.000000 0 0 0.000000
15 240.612365 -540.835388 127.125000 0.000000 27.000000 0.000000 0.000000 0.000000 1.000000 0.000000 27.000000 1.000000 0 0 0.000000
15 255.167251 -731.785034 127.125000 0.000000 -22.000000 0.000000 0.000000 0.000000 1.000000 0.000000 -22.000000 1.000000 0 0 0.000000
15 262.887725 -635.960632 111.125000 0.000000 -7.000000 0.000000 0.000000 0.000000 1.000000 0.000000 -7.000000 1.000000 0 0 0.000000
15 -146.730438 -1103.570800 111.125000 0.000000 170.000000 0.000000 0.000000 0.000000 1.000000 0.000000 170.000000 1.000000 0 0 0.000000
11 -94.765083 -1040.421630 136.125000 0.000000 164.000000 0.000000 0.000000 0.000000 1.000000 0.000000 164.000000 1.000000 0 0 0.000000
14 250.363616 -1141.671875 183.125000 0.000000 -169.000000 0.000000 0.000000 0.000000 1.000000 0.000000 -169.000000 1.000000 1 0 0.000000
10 361.313781 -1129.221801 116.125000 0.000000 -3.000000 0.000000 0.000000 0.000000 1.000000 0.000000 -3.000000 1.000000 0 0 0.000000
10 -228.339752 -1047.725219 116.125000 0.000000 4.000000 0.000000 0.000000 0.000000 1.000000 0.000000 4.000000 1.000000 0 0 0.000000
15 -427.843750 -1021.311950 111.125000 0.000000 3.000000 0.000000 0.000000 0.000000 1.000000 0.000000 3.000000 1.000000 0 0 0.000000
11 -358.724487 -1128.093750 136.125000 0.000000 -145.000000 0.000000 0.000000 0.000000 1.000000 0.000000 -145.000000 1.000000 0 0 0.000000
15 -445.269104 -1145.956665 111.125000 0.000000 -6.000000 0.000000 0.000000 0.000000 1.000000 0.000000 -6.000000 1.000000 0 0 0.000000
11 -545.050170 -1154.512573 136.125000 0.000000 -26.000000 0.000000 0.000000 0.000000 1.000000 0.000000 -26.000000 1.000000 0 0 0.000000
11 -946.126647 -791.802124 136.125000 0.000000 94.000000 0.000000 0.000000 0.000000 1.000000 0.000000 94.000000 1.000000 0 0 0.000000
11 -864.511169 -908.785034 136.125000 0.000000 45.000000 0.000000 0.000000 0.000000 1.000000 0.000000 45.000000 1.000000 0 0 0.000000
11 -617.236755 -1049.196899 136.125000 0.000000 5.000000 0.000000 0.000000 0.000000 1.000000 0.000000 5.000000 1.000000 0 0 0.000000
11 -705.317199 -1121.310546 136.125000 0.000000 -11.000000 0.000000 0.000000 0.000000 1.000000 0.000000 -11.000000 1.000000 0 0 0.000000
11 -872.360656 -699.279541 136.125000 0.000000 11.000000 0.000000 0.000000 0.000000 1.000000 0.000000 11.000000 1.000000 0 0 0.000000
11 -766.888610 -1024.795898 136.125000 0.000000 42.000000 0.000000 0.000000 0.000000 1.000000 0.000000 42.000000 1.000000 0 0 0.000000
11 -839.037597 -603.495239 136.125000 0.000000 42.000000 0.000000 0.000000 0.000000 1.000000 0.000000 42.000000 1.000000 0 0 0.000000
11 -977.911376 -648.868652 136.125000 0.000000 128.000000 0.000000 0.000000 0.000000 1.000000 0.000000 128.000000 1.000000 0 0 0.000000
10 -900.001342 -580.334716 116.125000 0.000000 -150.000000 0.000000 0.000000 0.000000 1.000000 0.000000 -150.000000 1.000000 0 0 0.000000
11 -804.324523 -394.942779 136.125000 0.000000 134.000000 0.000000 0.000000 0.000000 1.000000 0.000000 134.000000 1.000000 0 0 0.000000
11 -922.438232 -639.641174 136.125000 0.000000 66.000000 0.000000 0.000000 0.000000 1.000000 0.000000 66.000000 1.000000 0 0 0.000000
11 -869.509460 -651.884765 136.125000 0.000000 41.000000 0.000000 0.000000 0.000000 1.000000 0.000000 41.000000 1.000000 0 0 0.000000
11 -793.277832 -618.511657 136.125000 0.000000 39.000000 0.000000 0.000000 0.000000 1.000000 0.000000 39.000000 1.000000 0 0 0.000000
11 -785.876647 -449.259338 136.125000 0.000000 162.000000 0.000000 0.000000 0.000000 1.000000 0.000000 162.000000 1.000000 0 0 0.000000
14 -717.994445 -428.678314 103.125000 0.000000 161.000000 0.000000 0.000000 0.000000 1.000000 0.000000 161.000000 1.000000 1 0 0.000000
11 -834.397216 -775.420532 136.125000 0.000000 -21.000000 0.000000 0.000000 0.000000 1.000000 0.000000 -21.000000 1.000000 0 0 0.000000
1 -77.355941 847.183471 239.125000 0.000000 168.000000 0.000000 0.000000 0.000000 1.000000 0.000000 168.000000 1.000000 0 0 0.000000
11 -887.759460 -1064.180297 136.125000 0.000000 -21.000000 0.000000 0.000000 0.000000 1.000000 0.000000 -21.000000 1.000000 0 0 0.000000
4 -33.221054 831.566040 176.875000 0.000000 -177.000000 179.000000 0.000000 0.000000 -1.000000 -1.000000 -177.000000 0.000000 0 0 0.000000
5 359.360290 673.960693 -112.875000 0.000000 -97.000000 0.000000 0.000000 0.000000 1.000000 0.000000 -97.000000 1.000000 0 0 0.000000
5 440.081787 698.033813 -112.875000 0.000000 -49.000000 0.000000 0.000000 0.000000 1.000000 0.000000 -49.000000 1.000000 0 0 0.000000
5 400.112304 676.937683 -112.875000 0.000000 -74.000000 0.000000 0.000000 0.000000 1.000000 0.000000 -74.000000 1.000000 0 0 0.000000
5 485.470520 710.088256 -112.875000 0.000000 -57.000000 0.000000 0.000000 0.000000 1.000000 0.000000 -57.000000 1.000000 0 0 0.000000
5 516.916320 724.535522 -112.875000 0.000000 -57.000000 0.000000 0.000000 0.000000 1.000000 0.000000 -57.000000 1.000000 0 0 0.000000
1 63.991355 -455.587524 336.875000 0.000000 -26.000000 -179.000000 0.000000 0.000000 -1.000000 0.000000 -26.000000 0.000000 0 0 0.000000
3 -435.601501 -454.375610 112.839012 0.000000 66.000000 0.000000 -0.447213 0.000000 0.894427 0.000000 66.000000 1.000000 0 0 0.000000
6 180.565811 -191.368240 -114.061103 0.000000 90.000000 0.000000 -0.133298 0.041259 0.990216 0.000000 90.000000 1.000000 0 0 0.000000
1 352.233245 604.184020 -112.875000 0.000000 -118.000000 0.000000 0.000000 0.000000 1.000000 0.000000 -118.000000 1.000000 0 0 0.000000
1 1140.521484 -775.711242 271.125000 0.000000 -172.000000 0.000000 0.000000 0.000000 1.000000 0.000000 -172.000000 1.000000 0 0 0.000000
6 -479.383697 -534.715209 107.125000 0.000000 -84.000000 0.000000 0.000000 0.000000 1.000000 0.000000 -84.000000 1.000000 0 0 0.000000
6 1140.629394 -776.519470 105.125000 0.000000 -172.000000 0.000000 0.000000 0.000000 1.000000 0.000000 -172.000000 1.000000 0 0 0.000000
3 -549.553100 -455.674713 111.125000 0.000000 8.000000 0.000000 0.000000 0.000000 1.000000 0.000000 8.000000 1.000000 0 0 0.000000
