11 -2779.565185 4710.960937 128.750000 0.000000 -124.000000 0.000000 0.000000 0.000000 1.000000 0.000000 -124.000000 1.000000 2 0 0.000000
11 -2782.401855 4759.163085 128.750000 0.000000 -177.000000 0.000000 0.000000 0.000000 1.000000 0.000000 -177.000000 1.000000 2 0 0.000000
11 -2778.036376 4812.100097 136.750000 0.000000 -177.000000 0.000000 0.000000 0.000000 1.000000 0.000000 -177.000000 1.000000 2 0 0.000000
11 -2921.479492 4969.604492 48.125000 0.000000 1.000000 0.000000 0.000000 0.000000 1.000000 0.000000 1.000000 1.000000 2 0 0.000000
11 -2898.486083 4711.744140 48.125000 0.000000 -78.000000 0.000000 0.000000 0.000000 1.000000 0.000000 -78.000000 1.000000 2 0 0.000000
14 222.272689 -20308.480468 47.125000 0.000000 -87.000000 0.000000 0.000000 0.000000 1.000000 0.000000 -87.000000 1.000000 2 0 0.000000
12 225.785156 -20240.396484 53.125000 0.000000 178.000000 0.000000 0.000000 0.000000 1.000000 0.000000 178.000000 1.000000 2 0 0.000000
16 229.207443 -20171.175781 55.125000 0.000000 -83.000000 0.000000 0.000000 0.000000 1.000000 0.000000 -83.000000 1.000000 2 0 0.000000
14 789.274230 -20332.937500 39.125000 0.000000 -151.000000 0.000000 0.000000 0.000000 1.000000 0.000000 -151.000000 1.000000 2 0 0.000000
12 787.066345 -20266.902343 45.125000 0.000000 -179.000000 0.000000 0.000000 0.000000 1.000000 0.000000 -179.000000 1.000000 2 0 0.000000
16 787.121154 -20214.705078 47.125000 0.000000 -90.000000 0.000000 0.000000 0.000000 1.000000 0.000000 -90.000000 1.000000 2 0 0.000000
6 239.135391 -20110.082031 49.125000 0.000000 -177.000000 0.000000 0.000000 0.000000 1.000000 0.000000 -177.000000 1.000000 2 0 0.000000
6 789.988830 -20167.218750 41.125000 0.000000 -174.000000 0.000000 0.000000 0.000000 1.000000 0.000000 -174.000000 1.000000 2 0 0.000000
6 -1531.026245 4151.427734 73.125000 0.000000 -93.000000 0.000000 0.000000 0.000000 1.000000 0.000000 -93.000000 1.000000 2 0 0.000000
6 -2295.097167 4149.067382 73.125000 0.000000 -91.000000 0.000000 0.000000 0.000000 1.000000 0.000000 -91.000000 1.000000 2 0 0.000000
6 -3069.331298 4160.686035 73.125000 0.000000 -90.000000 0.000000 0.000000 0.000000 1.000000 0.000000 -90.000000 1.000000 2 0 0.000000
11 -3052.302246 4912.187988 48.125000 0.000000 -148.000000 0.000000 0.000000 0.000000 1.000000 0.000000 -148.000000 1.000000 2 0 0.000000
11 -3089.279785 4954.720214 48.125000 0.000000 33.000000 0.000000 0.000000 0.000000 1.000000 0.000000 33.000000 1.000000 2 0 0.000000
6 -3106.008300 4852.924804 17.125000 0.000000 59.000000 0.000000 0.000000 0.000000 1.000000 0.000000 59.000000 1.000000 2 0 0.000000
11 -2800.703857 4903.083007 48.125000 0.000000 -150.000000 0.000000 0.000000 0.000000 1.000000 0.000000 -150.000000 1.000000 2 0 0.000000
11 -2812.114013 4951.127441 48.125000 0.000000 -176.000000 0.000000 0.000000 0.000000 1.000000 0.000000 -176.000000 1.000000 2 0 0.000000
11 -2904.795410 4883.758300 48.125000 0.000000 -35.000000 0.000000 0.000000 0.000000 1.000000 0.000000 -35.000000 1.000000 2 0 0.000000
11 -2912.732910 4925.950195 48.125000 0.000000 -18.000000 0.000000 0.000000 0.000000 1.000000 0.000000 -18.000000 1.000000 2 0 0.000000
11 -2903.074218 4796.989746 56.125000 0.000000 -77.000000 0.000000 0.000000 0.000000 1.000000 0.000000 -77.000000 1.000000 2 0 0.000000
11 -2908.377197 4747.760253 48.125000 0.000000 -91.000000 0.000000 0.000000 0.000000 1.000000 0.000000 -91.000000 1.000000 2 0 0.000000
11 -2895.283447 4847.591308 48.125000 0.000000 -60.000000 0.000000 0.000000 0.000000 1.000000 0.000000 -60.000000 1.000000 2 0 0.000000
11 -3036.785400 4711.299804 48.125000 0.000000 -99.000000 0.000000 0.000000 0.000000 1.000000 0.000000 -99.000000 1.000000 2 0 0.000000
11 -3029.779052 4742.520019 48.125000 0.000000 -98.000000 0.000000 0.000000 0.000000 1.000000 0.000000 -98.000000 1.000000 2 0 0.000000
11 -3023.602294 4770.591308 48.125000 0.000000 -104.000000 0.000000 0.000000 0.000000 1.000000 0.000000 -104.000000 1.000000 2 0 0.000000
11 -2998.472900 4801.383300 56.125000 0.000000 -108.000000 0.000000 0.000000 0.000000 1.000000 0.000000 -108.000000 1.000000 2 0 0.000000
11 -2986.251953 4839.253417 48.125000 0.000000 -108.000000 0.000000 0.000000 0.000000 1.000000 0.000000 -108.000000 1.000000 2 0 0.000000
11 -2994.821777 4870.286132 48.125000 0.000000 -63.000000 0.000000 0.000000 0.000000 1.000000 0.000000 -63.000000 1.000000 2 0 0.000000
11 -2776.546630 4711.527832 48.125000 0.000000 -114.000000 0.000000 0.000000 0.000000 1.000000 0.000000 -114.000000 1.000000 2 0 0.000000
11 -2778.155517 4750.563964 48.125000 0.000000 -89.000000 0.000000 0.000000 0.000000 1.000000 0.000000 -89.000000 1.000000 2 0 0.000000
9 -3035.248291 4868.460449 252.125000 0.000000 -16.000000 0.000000 0.000000 0.000000 1.000000 0.000000 -16.000000 1.000000 0 0 0.000000
11 -2778.576171 4808.963378 56.125000 0.000000 -90.000000 0.000000 0.000000 0.000000 1.000000 0.000000 -90.000000 1.000000 2 0 0.000000
11 -2765.620605 4862.370605 48.125000 0.000000 -147.000000 0.000000 0.000000 0.000000 1.000000 0.000000 -147.000000 1.000000 2 0 0.000000
1 -2597.679199 4936.653808 224.875000 0.000000 46.000000 -179.000000 0.000000 0.000000 -1.000000 0.000000 46.000000 0.000000 0 0 0.000000
14 -943.142456 -311.188385 71.125000 0.000000 -119.000000 0.000000 0.000000 0.000000 1.000000 0.000000 -119.000000 1.000000 2 0 0.000000
16 -871.779541 -349.078796 79.125000 0.000000 -61.000000 0.000000 0.000000 0.000000 1.000000 0.000000 -61.000000 1.000000 2 0 0.000000
15 -884.085754 -250.377624 79.125000 0.000000 0.000000 0.000000 0.000000 0.000000 1.000000 0.000000 0.000000 1.000000 2 0 0.000000
4 -2647.802001 4952.889648 224.875000 0.000000 90.000000 180.000000 0.000000 0.000000 -1.000000 1.000000 90.000000 0.000000 2 0 0.000000
4 -2641.390625 4907.310546 224.875000 0.000000 99.000000 180.000000 0.000000 0.000000 -1.000000 1.000000 99.000000 0.000000 2 0 0.000000
16 -3151.674560 4837.862304 23.125000 0.000000 125.000000 0.000000 0.000000 0.000000 1.000000 0.000000 125.000000 1.000000 2 0 0.000000
