15 963.949462 -1126.018432 -205.741653 0.000000 0.000000 0.000000 0.000000 0.000000 0.000000 0.000000 0.000000 1.000000 2 0 0.000000
16 2395.782470 -1451.320678 -200.274993 0.000000 -89.000000 0.000000 0.000000 0.000000 1.000000 0.000000 -89.000000 1.000000 0 0 0.000000
11 805.126403 -1899.448242 -183.875000 0.000000 110.000000 0.000000 0.000000 0.000000 1.000000 0.000000 110.000000 1.000000 2 0 0.000000
10 800.564819 -1826.776123 -203.875000 0.000000 108.000000 0.000000 0.000000 0.000000 1.000000 -51.651145 186.797653 1.000000 1 0 0.000000
11 859.370666 -1875.730346 -173.553497 0.000000 89.000000 0.000000 0.000000 -0.707106 0.707106 0.000000 89.000000 1.000000 2 0 0.000000
11 893.499389 -1217.587280 -183.875000 0.000000 0.000000 0.000000 0.000000 0.000000 1.000000 0.000000 0.000000 1.000000 2 0 0.000000
16 1754.971191 -405.161132 23.125000 0.000000 16.000000 0.000000 0.000000 0.000000 1.000000 0.000000 16.000000 1.000000 0 0 0.000000
11 809.614990 -1183.017822 -183.875000 0.000000 16.000000 0.000000 0.000000 0.000000 1.000000 0.000000 16.000000 1.000000 2 0 0.000000
11 738.110656 -1153.982299 -183.875000 0.000000 -5.000000 0.000000 0.000000 0.000000 1.000000 0.000000 -5.000000 1.000000 2 0 0.000000
13 876.319641 -1216.730224 -130.750000 0.000000 29.000000 0.000000 0.000000 0.000000 1.000000 0.000000 29.000000 1.000000 0 0 0.000000
13 785.103454 -1156.406250 -130.750000 0.000000 -6.000000 0.000000 0.000000 0.000000 1.000000 0.000000 -6.000000 1.000000 0 0 0.000000
11 849.786254 -1195.896850 -183.875000 0.000000 51.000000 0.000000 0.000000 0.000000 1.000000 0.000000 51.000000 1.000000 2 0 0.000000
13 818.177978 -1149.450317 -130.750000 0.000000 -8.000000 0.000000 0.000000 0.000000 1.000000 0.000000 -8.000000 1.000000 0 0 0.000000
13 849.786254 -1195.896850 -130.750000 0.000000 51.000000 0.000000 0.000000 0.000000 1.000000 0.000000 51.000000 1.000000 0 0 0.000000
11 757.478027 -1065.477294 -167.875000 0.000000 28.000000 0.000000 0.000000 0.000000 1.000000 0.000000 28.000000 1.000000 2 0 0.000000
11 1176.092285 -1638.929565 -183.875000 0.000000 -104.000000 0.000000 0.000000 0.000000 1.000000 0.000000 -104.000000 1.000000 2 0 0.000000
11 1097.829345 -1578.257812 -183.875000 0.000000 -110.000000 0.000000 0.000000 0.000000 1.000000 0.000000 -110.000000 1.000000 2 0 0.000000
14 1110.275878 -1654.308959 -216.875000 0.000000 -111.000000 0.000000 0.000000 0.000000 1.000000 0.000000 -111.000000 1.000000 1 0 0.000000
11 1050.349365 -1561.907836 -183.875000 0.000000 -134.000000 0.000000 0.000000 0.000000 1.000000 0.000000 -134.000000 1.000000 2 0 0.000000
11 1184.371582 -1695.423950 -183.875000 0.000000 -119.000000 0.000000 0.000000 0.000000 1.000000 0.000000 -119.000000 1.000000 2 0 0.000000
15 1192.798217 -1650.827392 -128.750000 0.000000 -108.000000 0.000000 0.000000 0.000000 1.000000 0.000000 -108.000000 1.000000 2 0 0.000000
15 1122.410644 -1574.175781 -128.750000 0.000000 -117.000000 0.000000 0.000000 0.000000 1.000000 0.000000 -117.000000 1.000000 2 0 0.000000
15 1034.935913 -1551.094848 -96.875000 0.000000 -132.000000 0.000000 0.000000 0.000000 1.000000 0.000000 -132.000000 1.000000 0 0 0.000000
15 1032.285888 -1556.942993 -192.875000 0.000000 -114.000000 0.000000 0.000000 0.000000 1.000000 0.000000 -114.000000 1.000000 2 0 0.000000
9 1232.328369 -1211.515625 -219.875000 0.000000 78.000000 0.000000 0.000000 0.000000 1.000000 0.000000 78.000000 1.000000 8 0 0.000000
11 1122.147094 -1590.253051 -183.875000 0.000000 -115.000000 0.000000 0.000000 0.000000 1.000000 0.000000 -115.000000 1.000000 2 0 0.000000
9 572.721252 -2584.084472 -208.453659 0.000000 -80.000000 0.000000 -0.022622 -0.093338 0.995377 0.000000 -80.000000 1.000000 8 0 0.000000
11 2332.161132 -2511.171875 -167.875000 0.000000 -105.000000 0.000000 0.000000 0.000000 1.000000 0.000000 -105.000000 1.000000 2 0 0.000000
11 2383.833251 -2435.788085 -183.875000 0.000000 -76.000000 0.000000 0.000000 0.000000 1.000000 0.000000 -76.000000 1.000000 2 0 0.000000
11 2330.621337 -2461.979980 -183.875000 0.000000 -54.000000 0.000000 0.000000 0.000000 1.000000 0.000000 -54.000000 1.000000 2 0 0.000000
9 2370.107177 -2484.328369 -219.875000 0.000000 -66.000000 0.000000 0.000000 0.000000 1.000000 0.000000 -66.000000 1.000000 7 0 0.000000
15 2451.972900 -2459.601806 -183.425048 0.000000 41.000000 0.000000 0.000000 -0.707106 0.707106 0.000000 41.000000 1.000000 2 0 0.000000
15 2452.527832 -2460.238037 -48.875000 0.000000 40.000000 0.000000 0.000000 0.000000 1.000000 0.000000 40.000000 1.000000 2 0 0.000000
15 2424.315429 -2567.253906 -200.875000 0.000000 -59.000000 0.000000 0.000000 0.000000 1.000000 0.000000 -59.000000 1.000000 2 0 0.000000
15 2424.315429 -2567.253906 -80.875000 0.000000 -59.000000 0.000000 0.000000 0.000000 1.000000 0.000000 -59.000000 1.000000 2 0 0.000000
9 576.553100 -1746.807250 -205.956008 0.000000 2.000000 0.000000 -0.037957 0.139172 0.989540 0.000000 2.000000 1.000000 7 0 0.000000
6 459.908386 -1753.114501 -207.049346 0.000000 -17.000000 0.000000 -0.037957 0.139172 0.989540 0.000000 -17.000000 1.000000 0 0 0.000000
15 1066.063964 -1726.137817 -208.875000 0.000000 90.000000 0.000000 0.000000 0.000000 1.000000 0.000000 90.000000 1.000000 2 0 0.000000
15 1184.350341 -1747.390014 -208.875000 0.000000 78.000000 0.000000 0.000000 0.000000 1.000000 0.000000 78.000000 1.000000 2 0 0.000000
15 1285.166015 -1722.790283 -192.875000 0.000000 81.000000 0.000000 0.000000 0.000000 1.000000 0.000000 81.000000 1.000000 2 0 0.000000
9 2371.227050 -1216.288208 -219.875000 0.000000 -62.000000 0.000000 0.000000 0.000000 1.000000 0.000000 -62.000000 1.000000 6 0 0.000000
15 2263.327148 -1042.997802 -72.875000 0.000000 0.000000 0.000000 0.000000 0.000000 1.000000 0.000000 0.000000 1.000000 2 0 0.000000
15 603.742004 -1043.352416 -192.875000 0.000000 116.000000 0.000000 0.000000 0.000000 1.000000 0.000000 116.000000 1.000000 2 0 0.000000
11 420.145812 -416.634887 -183.875000 0.000000 -109.000000 0.000000 0.000000 0.000000 1.000000 0.000000 -109.000000 1.000000 2 0 0.000000
11 603.696166 -643.839843 -183.875000 0.000000 88.000000 0.000000 0.000000 0.000000 1.000000 0.000000 88.000000 1.000000 2 0 0.000000
11 665.314697 -648.781005 -183.875000 0.000000 79.000000 0.000000 0.000000 0.000000 1.000000 0.000000 79.000000 1.000000 2 0 0.000000
1 259.539428 -1364.567016 -197.362640 0.000000 -166.000000 0.000000 0.707106 0.000000 0.707106 0.000000 -166.000000 1.000000 0 0 0.000000
9 336.521270 -1348.211181 -219.875000 0.000000 -150.000000 0.000000 0.000000 0.000000 1.000000 0.000000 -150.000000 1.000000 0 0 0.000000
15 957.120971 -1118.179199 -198.002456 0.000000 -6.000000 0.000000 0.000000 -0.707106 0.707106 0.000000 -6.000000 1.000000 2 0 0.000000
15 955.970703 -1309.676879 -202.146377 0.000000 -9.000000 0.000000 0.000000 0.707106 0.707106 0.000000 -9.000000 1.000000 2 0 0.000000
15 969.368652 -1205.556152 -208.875000 0.000000 3.000000 0.000000 0.000000 0.000000 1.000000 0.000000 3.000000 1.000000 2 0 0.000000
11 919.040954 -660.545654 -182.368881 0.000000 -1.000000 0.000000 0.000000 -0.707106 0.707106 0.000000 -1.000000 1.000000 2 0 0.000000
11 918.953247 -747.843444 -181.979721 0.000000 -1.000000 0.000000 0.000000 0.707106 0.707106 0.000000 -1.000000 1.000000 2 0 0.000000
13 1589.107177 -703.273986 -210.875000 0.000000 0.000000 0.000000 0.000000 0.000000 1.000000 0.000000 0.000000 1.000000 0 0 0.000000
13 2368.135498 -836.373657 -210.875000 0.000000 90.000000 0.000000 0.000000 0.000000 1.000000 0.000000 90.000000 1.000000 0 0 0.000000
16 2205.941406 -777.469665 -208.875000 0.000000 0.000000 0.000000 0.000000 0.000000 1.000000 0.000000 0.000000 1.000000 0 0 0.000000
13 2249.878173 -1343.805053 -210.875000 0.000000 179.000000 0.000000 0.000000 0.000000 1.000000 0.000000 179.000000 1.000000 0 0 0.000000
10 2305.566650 -931.839660 -203.875000 0.000000 90.000000 0.000000 0.000000 0.000000 1.000000 0.000000 90.000000 1.000000 2 0 0.000000
13 2181.857666 -771.871643 -170.750000 0.000000 -91.000000 0.000000 0.000000 0.000000 1.000000 0.000000 -91.000000 1.000000 0 0 0.000000
13 2339.741943 -1451.992675 -202.875000 0.000000 -89.000000 0.000000 0.000000 0.000000 1.000000 0.000000 -89.000000 1.000000 0 0 0.000000
16 2453.272949 -1427.553955 -208.875000 0.000000 -47.000000 0.000000 0.000000 0.000000 1.000000 0.000000 -47.000000 1.000000 0 0 0.000000
13 2460.846679 -1345.445312 -202.875000 0.000000 0.000000 0.000000 0.000000 0.000000 1.000000 0.000000 0.000000 1.000000 0 0 0.000000
13 2457.140625 -1314.062988 -202.875000 0.000000 0.000000 0.000000 0.000000 0.000000 1.000000 0.000000 0.000000 1.000000 0 0 0.000000
6 1114.604614 -1115.157592 -214.875000 0.000000 174.000000 0.000000 0.000000 0.000000 1.000000 0.000000 174.000000 1.000000 0 0 0.000000
11 2483.553955 -944.190673 -175.875000 0.000000 44.000000 0.000000 0.000000 0.000000 1.000000 0.000000 44.000000 1.000000 2 0 0.000000
11 2470.871093 -1066.322998 -175.875000 0.000000 0.000000 0.000000 0.000000 0.000000 1.000000 0.000000 0.000000 1.000000 2 0 0.000000
16 2378.441406 -954.758056 -208.875000 0.000000 60.000000 0.000000 0.000000 0.000000 1.000000 0.000000 60.000000 1.000000 0 0 0.000000
11 2366.011962 -902.215759 -183.875000 0.000000 72.000000 0.000000 0.000000 0.000000 1.000000 0.000000 72.000000 1.000000 2 0 0.000000
14 2481.972900 -1005.197387 -208.875000 0.000000 -3.000000 0.000000 0.000000 0.000000 1.000000 0.000000 -3.000000 1.000000 1 0 0.000000
9 1482.123046 -831.073974 -219.875000 0.000000 -49.000000 0.000000 0.000000 0.000000 1.000000 0.000000 -49.000000 1.000000 1 0 0.000000
9 1103.735107 -591.290832 -379.875000 0.000000 139.000000 0.000000 0.000000 0.000000 1.000000 0.000000 139.000000 1.000000 1 0 0.000000
14 1502.345336 -852.788085 -376.875000 0.000000 -41.000000 0.000000 0.000000 0.000000 1.000000 0.000000 -41.000000 1.000000 1 0 0.000000
16 1410.196899 -613.733703 -368.875000 0.000000 20.000000 0.000000 0.000000 0.000000 1.000000 0.000000 20.000000 1.000000 0 0 0.000000
16 1125.491699 -800.623901 -368.875000 0.000000 -144.000000 0.000000 0.000000 0.000000 1.000000 0.000000 -144.000000 1.000000 0 0 0.000000
9 341.907226 -624.863342 -203.875000 0.000000 -162.000000 0.000000 0.000000 0.000000 1.000000 0.000000 -162.000000 1.000000 2 0 0.000000
9 875.193664 -1131.695800 -219.875000 0.000000 8.000000 0.000000 0.000000 0.000000 1.000000 0.000000 8.000000 1.000000 2 0 0.000000
15 450.522888 -740.375427 15.125000 0.000000 0.000000 0.000000 0.000000 0.000000 1.000000 0.000000 0.000000 1.000000 2 0 0.000000
15 220.364639 -892.203125 15.125000 0.000000 -177.000000 0.000000 0.000000 0.000000 1.000000 0.000000 -177.000000 1.000000 2 0 0.000000
15 794.545654 -1207.465332 18.722484 0.000000 -81.000000 0.000000 -0.707106 0.000000 0.707106 0.000000 -81.000000 1.000000 2 0 0.000000
15 684.835083 -1223.443969 39.609275 0.000000 84.000000 0.000000 0.894427 0.000000 0.447213 0.000000 84.000000 1.000000 2 0 0.000000
15 2129.860107 -1536.108642 -208.875000 0.000000 -93.000000 0.000000 0.000000 0.000000 1.000000 0.000000 -93.000000 1.000000 2 0 0.000000
15 1963.723144 -1552.500976 -208.875000 0.000000 -89.000000 0.000000 0.000000 0.000000 1.000000 0.000000 -89.000000 1.000000 2 0 0.000000
15 1587.252075 -2014.153320 -208.875000 0.000000 20.000000 0.000000 0.000000 0.000000 1.000000 0.000000 20.000000 1.000000 2 0 0.000000
15 1867.229858 -1346.784790 -208.875000 0.000000 -2.000000 0.000000 0.000000 0.000000 1.000000 0.000000 -2.000000 1.000000 2 0 0.000000
15 1579.151977 -2098.648193 -208.875000 0.000000 -3.000000 0.000000 0.000000 0.000000 1.000000 0.000000 -3.000000 1.000000 2 0 0.000000
15 1573.408569 -2185.566162 -208.875000 0.000000 -3.000000 0.000000 0.000000 0.000000 1.000000 0.000000 -3.000000 1.000000 2 0 0.000000
15 1567.392211 -2278.726318 -208.875000 0.000000 -3.000000 0.000000 0.000000 0.000000 1.000000 0.000000 -3.000000 1.000000 2 0 0.000000
15 1582.413330 -2362.694824 -208.875000 0.000000 -3.000000 0.000000 0.000000 0.000000 1.000000 0.000000 -3.000000 1.000000 2 0 0.000000
11 1819.885742 -2028.563964 -183.875000 0.000000 -160.000000 0.000000 0.000000 0.000000 1.000000 0.000000 -160.000000 1.000000 2 0 0.000000
11 1822.693237 -1926.308349 -183.875000 0.000000 146.000000 0.000000 0.000000 0.000000 1.000000 0.000000 146.000000 1.000000 2 0 0.000000
11 1814.325561 -1978.919311 -183.875000 0.000000 177.000000 0.000000 0.000000 0.000000 1.000000 0.000000 177.000000 1.000000 2 0 0.000000
11 1886.815307 -2050.833251 -183.875000 0.000000 175.000000 0.000000 0.000000 0.000000 1.000000 0.000000 175.000000 1.000000 2 0 0.000000
11 1963.683593 -2058.608398 -183.875000 0.000000 108.000000 0.000000 0.000000 0.000000 1.000000 0.000000 108.000000 1.000000 2 0 0.000000
11 1962.914306 -2003.824462 -183.875000 0.000000 175.000000 0.000000 0.000000 0.000000 1.000000 0.000000 175.000000 1.000000 2 0 0.000000
11 1977.330322 -1941.021972 -183.875000 0.000000 -91.000000 0.000000 0.000000 0.000000 1.000000 0.000000 -91.000000 1.000000 2 0 0.000000
11 1910.947021 -1893.217895 -183.875000 0.000000 -98.000000 0.000000 0.000000 0.000000 1.000000 0.000000 -98.000000 1.000000 2 0 0.000000
9 1902.423950 -1978.855102 -219.875000 0.000000 -122.000000 0.000000 0.000000 0.000000 1.000000 0.000000 -122.000000 1.000000 3 0 0.000000
16 1961.476196 -1878.012573 -208.875000 0.000000 -120.000000 0.000000 0.000000 0.000000 1.000000 0.000000 -120.000000 1.000000 0 0 0.000000
16 2028.699707 -1988.311767 -208.875000 0.000000 159.000000 0.000000 0.000000 0.000000 1.000000 0.000000 159.000000 1.000000 0 0 0.000000
15 2068.336669 -1842.486572 -184.875000 0.000000 148.000000 0.000000 0.000000 0.000000 1.000000 0.000000 148.000000 1.000000 2 0 0.000000
15 1789.667236 -1825.274780 -184.875000 0.000000 -167.000000 0.000000 0.000000 0.000000 1.000000 0.000000 -167.000000 1.000000 2 0 0.000000
15 1894.526000 -2133.410400 -200.875000 0.000000 85.000000 0.000000 0.000000 0.000000 1.000000 0.000000 85.000000 1.000000 2 0 0.000000
15 2029.800048 -2334.885742 -200.875000 0.000000 175.000000 0.000000 0.000000 0.000000 1.000000 0.000000 175.000000 1.000000 2 0 0.000000
9 1192.339965 -2458.972900 -83.875000 0.000000 128.000000 0.000000 0.000000 0.000000 1.000000 0.000000 128.000000 1.000000 3 0 0.000000
11 1027.563354 -1814.329345 -47.875000 0.000000 76.000000 0.000000 0.000000 0.000000 1.000000 0.000000 76.000000 1.000000 2 0 0.000000
11 1123.143432 -1853.945922 -47.875000 0.000000 51.000000 0.000000 0.000000 0.000000 1.000000 0.000000 51.000000 1.000000 2 0 0.000000
14 1097.218994 -1775.365356 -56.875000 0.000000 139.000000 0.000000 0.000000 0.000000 1.000000 0.000000 139.000000 1.000000 1 0 0.000000
11 361.054687 -365.790649 -183.875000 0.000000 -130.000000 0.000000 0.000000 0.000000 1.000000 0.000000 -130.000000 1.000000 2 0 0.000000
11 309.625885 -296.382781 -183.875000 0.000000 -153.000000 0.000000 0.000000 0.000000 1.000000 0.000000 -153.000000 1.000000 2 0 0.000000
11 254.875305 -237.511322 -183.875000 0.000000 74.000000 0.000000 0.000000 0.000000 1.000000 0.000000 74.000000 1.000000 2 0 0.000000
11 231.764419 -172.036361 -183.875000 0.000000 -179.000000 0.000000 0.000000 0.000000 1.000000 0.000000 -179.000000 1.000000 2 0 0.000000
14 122.351882 -108.520027 -216.875000 0.000000 47.000000 0.000000 0.000000 0.000000 1.000000 0.000000 47.000000 1.000000 1 0 0.000000
16 0.127619 -382.771514 -208.875000 0.000000 -61.000000 0.000000 0.000000 0.000000 1.000000 0.000000 -61.000000 1.000000 0 0 0.000000
13 97.915718 -337.945312 -210.875000 0.000000 -93.000000 0.000000 0.000000 0.000000 1.000000 0.000000 -93.000000 1.000000 0 0 0.000000
13 107.954353 -194.524780 -210.875000 0.000000 -6.000000 0.000000 0.000000 0.000000 1.000000 0.000000 -6.000000 1.000000 0 0 0.000000
13 4.359596 -185.882690 -210.875000 0.000000 -5.000000 0.000000 0.000000 0.000000 1.000000 0.000000 -5.000000 1.000000 0 0 0.000000
11 -53.964584 -187.234268 -167.875015 0.000000 88.000000 0.000000 0.000000 0.000000 1.000000 0.000000 88.000000 1.000000 2 0 0.000000
11 56.730430 -191.966598 -183.875000 0.000000 83.000000 0.000000 0.000000 0.000000 1.000000 0.000000 83.000000 1.000000 2 0 0.000000
16 -25.605709 -101.799255 -208.875000 0.000000 75.000000 0.000000 0.000000 0.000000 1.000000 0.000000 75.000000 1.000000 0 0 0.000000
14 757.522216 -1068.907592 7.125000 0.000000 -93.000000 0.000000 0.000000 0.000000 1.000000 0.000000 -93.000000 1.000000 0 0 0.000000
14 1298.147216 -2507.716308 -80.875000 0.000000 -147.000000 0.000000 0.000000 0.000000 1.000000 0.000000 -147.000000 1.000000 1 0 0.000000
11 1863.608764 -1895.600097 -183.875000 0.000000 113.000000 0.000000 0.000000 0.000000 1.000000 0.000000 113.000000 1.000000 2 0 0.000000
16 194.002136 -1173.860351 -160.875000 0.000000 -175.000000 0.000000 0.000000 0.000000 1.000000 0.000000 -175.000000 1.000000 0 0 0.000000
13 1728.274291 -1451.986206 -210.875000 0.000000 89.000000 0.000000 0.000000 0.000000 1.000000 0.000000 89.000000 1.000000 0 0 0.000000
16 1649.473388 -1494.360351 -208.875000 0.000000 104.000000 0.000000 0.000000 0.000000 1.000000 0.000000 104.000000 1.000000 0 0 0.000000
16 1576.956420 -1367.396850 -208.875000 0.000000 -28.000000 0.000000 0.000000 0.000000 1.000000 0.000000 -28.000000 1.000000 0 0 0.000000
11 1507.574218 -1308.089233 -183.875000 0.000000 -45.000000 0.000000 0.000000 0.000000 1.000000 0.000000 -45.000000 1.000000 2 0 0.000000
11 1520.076782 -1374.310302 -183.875000 0.000000 -4.000000 0.000000 0.000000 0.000000 1.000000 0.000000 -4.000000 1.000000 2 0 0.000000
15 1916.153564 -860.875854 -176.875000 0.000000 79.000000 0.000000 0.000000 0.000000 1.000000 0.000000 79.000000 1.000000 2 0 0.000000
15 2056.342529 -1231.135009 -208.875000 0.000000 -36.000000 0.000000 0.000000 0.000000 1.000000 0.000000 -36.000000 1.000000 2 0 0.000000
15 2056.342529 -1231.135009 -80.875000 0.000000 -36.000000 0.000000 0.000000 0.000000 1.000000 0.000000 -36.000000 1.000000 2 0 0.000000
15 2280.472900 -1842.442016 -184.875000 0.000000 56.000000 0.000000 0.000000 0.000000 1.000000 0.000000 56.000000 1.000000 2 0 0.000000
15 2429.282714 -1971.046997 -208.875000 0.000000 9.000000 0.000000 0.000000 0.000000 1.000000 0.000000 9.000000 1.000000 2 0 0.000000
15 2429.282714 -1971.046997 -88.875000 0.000000 9.000000 0.000000 0.000000 0.000000 1.000000 0.000000 9.000000 1.000000 2 0 0.000000
15 1690.739379 -1868.351928 -200.875000 0.000000 95.000000 0.000000 0.000000 0.000000 1.000000 0.000000 95.000000 1.000000 2 0 0.000000
11 1173.375732 -2593.850341 -183.875000 0.000000 -93.000000 0.000000 0.000000 0.000000 1.000000 0.000000 -93.000000 1.000000 2 0 0.000000
11 1257.231201 -2591.354248 -183.875000 0.000000 -90.000000 0.000000 0.000000 0.000000 1.000000 0.000000 -90.000000 1.000000 2 0 0.000000
11 1098.721191 -2595.451904 -183.875000 0.000000 -92.000000 0.000000 0.000000 0.000000 1.000000 0.000000 -92.000000 1.000000 2 0 0.000000
11 1214.264160 -2593.588867 -183.875000 0.000000 -89.000000 0.000000 0.000000 0.000000 1.000000 0.000000 -89.000000 1.000000 2 0 0.000000
11 1049.285888 -2604.429931 -183.875000 0.000000 -86.000000 0.000000 0.000000 0.000000 1.000000 0.000000 -86.000000 1.000000 2 0 0.000000
14 1218.999755 -2653.062255 -216.875000 0.000000 6.000000 0.000000 0.000000 0.000000 1.000000 0.000000 6.000000 1.000000 1 0 0.000000
15 913.339965 -2497.517089 -184.875000 0.000000 -124.000000 0.000000 0.000000 0.000000 1.000000 0.000000 -124.000000 1.000000 2 0 0.000000
16 2374.594482 -1008.454895 -208.875000 0.000000 58.000000 0.000000 0.000000 0.000000 1.000000 0.000000 58.000000 1.000000 0 0 0.000000
16 2390.857177 -1067.166992 -208.875000 0.000000 43.000000 0.000000 0.000000 0.000000 1.000000 0.000000 43.000000 1.000000 0 0 0.000000
16 2349.982910 -913.313354 -208.875000 0.000000 59.000000 0.000000 0.000000 0.000000 1.000000 0.000000 59.000000 1.000000 0 0 0.000000
16 2349.982910 -913.313354 -128.750000 0.000000 59.000000 0.000000 0.000000 0.000000 1.000000 0.000000 59.000000 1.000000 0 0 0.000000
13 2373.467773 -990.571411 -170.750000 0.000000 60.000000 0.000000 0.000000 0.000000 1.000000 0.000000 60.000000 1.000000 0 0 0.000000
13 2386.060058 -1072.121215 -170.750000 0.000000 36.000000 0.000000 0.000000 0.000000 1.000000 0.000000 36.000000 1.000000 0 0 0.000000
16 2397.007324 -1458.885498 -200.875000 0.000000 -90.000000 0.000000 0.000000 0.000000 1.000000 0.000000 -90.000000 1.000000 0 0 0.000000
16 2397.007324 -1458.885498 -160.750000 0.000000 -90.000000 0.000000 0.000000 0.000000 1.000000 0.000000 -90.000000 1.000000 0 0 0.000000
16 2444.219482 -1075.791870 -120.750000 0.000000 58.000000 0.000000 0.000000 0.000000 1.000000 0.000000 58.000000 1.000000 0 0 0.000000
16 2168.781250 -1358.664306 -208.875000 0.000000 -5.000000 0.000000 0.000000 0.000000 1.000000 0.000000 -5.000000 1.000000 0 0 0.000000
11 1772.449951 -912.073974 -183.875000 0.000000 112.000000 0.000000 0.000000 0.000000 1.000000 0.000000 112.000000 1.000000 2 0 0.000000
11 1702.441040 -994.272277 -183.875000 0.000000 112.000000 0.000000 0.000000 0.000000 1.000000 0.000000 112.000000 1.000000 2 0 0.000000
14 1687.745849 -918.546447 -216.875000 0.000000 142.000000 0.000000 0.000000 0.000000 1.000000 0.000000 142.000000 1.000000 0 0 0.000000
15 2240.074951 -1217.155029 -208.875000 0.000000 -23.000000 0.000000 0.000000 0.000000 1.000000 0.000000 -23.000000 1.000000 2 0 0.000000
15 2240.074951 -1217.155029 -80.875000 0.000000 -23.000000 0.000000 0.000000 0.000000 1.000000 0.000000 -23.000000 1.000000 0 0 0.000000
15 2178.321289 -1056.416259 -168.875000 0.000000 79.000000 0.000000 0.000000 0.000000 1.000000 0.000000 79.000000 1.000000 2 0 0.000000
15 2241.543701 -1061.790893 -168.875000 0.000000 61.000000 0.000000 0.000000 0.000000 1.000000 0.000000 61.000000 1.000000 2 0 0.000000
15 2187.939453 -1136.663330 -200.691925 0.000000 -8.000000 0.000000 0.000000 -0.447213 0.894427 0.000000 -8.000000 1.000000 2 0 0.000000
15 1902.038940 -1051.569946 15.125001 0.000000 -87.000000 0.000000 0.000000 0.000000 1.000000 0.000000 -87.000000 1.000000 2 0 0.000000
15 1979.270874 -1050.743652 47.125000 0.000000 -75.000000 0.000000 0.000000 0.000000 1.000000 0.000000 -75.000000 1.000000 2 0 0.000000
15 1882.769409 -857.789672 15.124998 0.000000 115.000000 0.000000 0.000000 0.000000 1.000000 0.000000 115.000000 1.000000 2 0 0.000000
15 1882.769409 -857.789672 125.250000 0.000000 115.000000 0.000000 0.000000 0.000000 1.000000 0.000000 115.000000 1.000000 2 0 0.000000
15 1999.469360 -830.452880 15.125000 0.000000 86.000000 0.000000 0.000000 0.000000 1.000000 0.000000 86.000000 1.000000 2 0 0.000000
15 2070.929931 -816.556152 37.125000 0.000000 91.000000 0.000000 0.000000 0.000000 1.000000 0.000000 91.000000 1.000000 2 0 0.000000
15 2205.400146 -852.566162 -112.875000 0.000000 0.000000 0.000000 0.000000 0.000000 1.000000 0.000000 0.000000 1.000000 2 0 0.000000
15 2205.400146 -852.566162 15.124998 0.000000 0.000000 0.000000 0.000000 0.000000 1.000000 0.000000 0.000000 1.000000 2 0 0.000000
13 2191.694580 -868.778808 123.250000 0.000000 46.000000 0.000000 0.000000 0.000000 1.000000 0.000000 46.000000 1.000000 0 0 0.000000
11 1430.285888 -1711.526733 40.125000 0.000000 -178.000000 0.000000 0.000000 0.000000 1.000000 0.000000 -178.000000 1.000000 2 0 0.000000
11 1431.906616 -1634.654541 40.125000 0.000000 177.000000 0.000000 0.000000 0.000000 1.000000 0.000000 177.000000 1.000000 2 0 0.000000
15 1449.058349 -1671.245849 95.250000 0.000000 0.000000 0.000000 0.000000 0.000000 1.000000 0.000000 0.000000 1.000000 2 0 0.000000
11 1756.594604 -1535.493408 40.125000 0.000000 -67.000000 0.000000 0.000000 0.000000 1.000000 0.000000 -67.000000 1.000000 2 0 0.000000
11 1682.825317 -1589.670898 40.125000 0.000000 -67.000000 0.000000 0.000000 0.000000 1.000000 0.000000 -67.000000 1.000000 2 0 0.000000
11 1637.220581 -1673.511230 40.125000 0.000000 -8.000000 0.000000 0.000000 0.000000 1.000000 0.000000 -8.000000 1.000000 2 0 0.000000
11 1624.594970 -1730.425415 40.125000 0.000000 -31.000000 0.000000 0.000000 0.000000 1.000000 0.000000 -31.000000 1.000000 2 0 0.000000
6 1754.259643 -1712.174194 9.125000 0.000000 -80.000000 0.000000 0.000000 0.000000 1.000000 0.000000 -80.000000 1.000000 0 0 0.000000
11 1688.305053 -1726.002807 40.125000 0.000000 -122.000000 0.000000 0.000000 0.000000 1.000000 0.000000 -122.000000 1.000000 2 0 0.000000
9 1744.694213 -1715.464965 84.250000 0.000000 -91.000000 0.000000 0.000000 0.000000 1.000000 0.000000 -91.000000 1.000000 4 0 0.000000
15 2056.572753 -1090.329345 133.926132 0.000000 136.000000 0.000000 -0.447213 0.000000 0.894427 0.000000 136.000000 1.000000 2 0 0.000000
15 2168.246582 -1094.998657 140.140380 0.000000 74.000000 0.000000 0.000000 -0.447213 0.894427 0.000000 74.000000 1.000000 2 0 0.000000
14 2041.228637 -1108.086181 839.125000 0.000000 -125.000000 0.000000 0.000000 0.000000 1.000000 0.000000 -125.000000 1.000000 0 0 0.000000
14 2047.668457 -940.418029 839.125000 0.000000 117.000000 0.000000 0.000000 0.000000 1.000000 0.000000 117.000000 1.000000 0 0 0.000000
15 2434.105468 -945.044677 463.125000 0.000000 92.000000 0.000000 0.000000 0.000000 1.000000 0.000000 92.000000 1.000000 2 0 0.000000
16 1268.303466 -948.590637 543.125000 0.000000 90.000000 0.000000 0.000000 0.000000 1.000000 0.000000 90.000000 1.000000 0 0 0.000000
6 1268.303466 -948.590637 577.250000 0.000000 90.000000 0.000000 0.000000 0.000000 1.000000 0.000000 90.000000 1.000000 0 0 0.000000
14 1348.991210 -1102.880981 615.125000 0.000000 -70.000000 0.000000 0.000000 0.000000 1.000000 0.000000 -70.000000 1.000000 1 0 0.000000
16 1427.860351 -1142.719848 543.125000 0.000000 -91.000000 0.000000 0.000000 0.000000 1.000000 0.000000 -91.000000 1.000000 0 0 0.000000
16 1422.607788 -900.193115 543.125000 0.000000 90.000000 0.000000 0.000000 0.000000 1.000000 0.000000 90.000000 1.000000 0 0 0.000000
15 1615.210205 -1010.899841 367.125000 0.000000 -73.000000 0.000000 0.000000 0.000000 1.000000 0.000000 -73.000000 1.000000 2 0 0.000000
15 1172.981079 -1220.814331 279.125000 0.000000 1.000000 0.000000 0.000000 0.000000 1.000000 0.000000 1.000000 1.000000 2 0 0.000000
15 1204.327392 -766.139953 367.125000 0.000000 40.000000 0.000000 0.000000 0.000000 1.000000 0.000000 40.000000 1.000000 2 0 0.000000
15 1123.476196 -746.863159 367.125000 0.000000 81.000000 0.000000 0.000000 0.000000 1.000000 0.000000 81.000000 1.000000 2 0 0.000000
15 1321.691772 -746.559143 367.125000 0.000000 153.000000 0.000000 0.000000 0.000000 1.000000 0.000000 153.000000 1.000000 2 0 0.000000
14 2701.650634 -642.518676 597.815429 0.000000 -3.000000 0.000000 0.000000 0.364399 0.931242 0.000000 -3.000000 1.000000 1 0 0.000000
15 2147.583007 -631.893615 560.283203 0.000000 172.000000 0.000000 0.000000 -0.707106 0.707106 0.000000 172.000000 1.000000 2 0 0.000000
13 1362.896850 -1390.003417 -202.875000 0.000000 -137.000000 0.000000 0.000000 0.000000 1.000000 0.000000 -137.000000 1.000000 0 0 0.000000
14 1305.830444 445.336853 20.007184 0.000000 -83.000000 0.000000 -0.707106 0.000000 0.707106 0.000000 -83.000000 1.000000 1 0 0.000000
10 1627.422851 -1036.235595 20.125000 0.000000 129.000000 0.000000 0.000000 0.000000 1.000000 0.000000 129.000000 1.000000 2 0 0.000000
15 0.182538 -273.005310 15.125000 0.000000 4.000000 0.000000 0.000000 0.000000 1.000000 0.000000 4.000000 1.000000 2 0 0.000000
15 54.797985 -85.455787 15.125000 0.000000 95.000000 0.000000 0.000000 0.000000 1.000000 0.000000 95.000000 1.000000 2 0 0.000000
9 1799.545410 -516.747558 164.922637 0.000000 9.000000 0.000000 0.000000 0.707106 0.707106 0.000000 9.000000 1.000000 4 0 0.000000
14 1650.378417 -511.293304 158.882446 0.000000 174.000000 0.000000 0.000000 -0.707106 0.707106 0.000000 174.000000 1.000000 2 0 0.000000
16 1785.978393 -348.686401 79.125000 0.000000 80.000000 0.000000 0.000000 0.000000 1.000000 0.000000 80.000000 1.000000 0 0 0.000000
13 1461.696899 -436.892883 13.124999 0.000000 -10.000000 0.000000 0.000000 0.000000 1.000000 0.000000 -10.000000 1.000000 0 0 0.000000
15 1413.043945 -624.069152 15.125000 0.000000 -132.000000 0.000000 0.000000 0.000000 1.000000 0.000000 -132.000000 1.000000 2 0 0.000000
15 1343.150268 -606.991027 19.125001 0.000000 -102.000000 0.000000 0.000000 0.000000 1.000000 0.000000 -102.000000 1.000000 2 0 0.000000
15 1344.153320 -519.370971 19.125001 0.000000 170.000000 0.000000 0.000000 0.000000 1.000000 0.000000 170.000000 1.000000 2 0 0.000000
15 1277.535156 372.772979 15.125000 0.000000 89.000000 0.000000 0.000000 0.000000 1.000000 0.000000 89.000000 1.000000 2 0 0.000000
14 1281.205200 -520.064208 199.125000 0.000000 82.000000 0.000000 0.000000 0.000000 1.000000 0.000000 82.000000 1.000000 1 0 0.000000
15 1277.691284 -1260.976684 15.125000 0.000000 87.000000 0.000000 0.000000 0.000000 1.000000 0.000000 87.000000 1.000000 2 0 0.000000
15 196.030838 -331.092041 31.125000 0.000000 -45.000000 0.000000 0.000000 0.000000 1.000000 0.000000 -45.000000 1.000000 2 0 0.000000
15 178.885604 -173.213516 31.125000 0.000000 37.000000 0.000000 0.000000 0.000000 1.000000 0.000000 37.000000 1.000000 2 0 0.000000
13 418.383697 -91.734230 29.125001 0.000000 88.000000 0.000000 0.000000 0.000000 1.000000 0.000000 88.000000 1.000000 0 0 0.000000
13 477.652465 -91.815948 29.125001 0.000000 88.000000 0.000000 0.000000 0.000000 1.000000 0.000000 88.000000 1.000000 0 0 0.000000
13 536.592590 -211.460769 29.125001 0.000000 2.000000 0.000000 0.000000 0.000000 1.000000 0.000000 2.000000 1.000000 0 0 0.000000
13 521.485229 -289.816314 29.125001 0.000000 1.000000 0.000000 0.000000 0.000000 1.000000 0.000000 1.000000 1.000000 0 0 0.000000
9 -72.691894 -439.704315 4.125000 0.000000 -83.000000 0.000000 0.000000 0.000000 1.000000 0.000000 -83.000000 1.000000 5 0 0.000000
9 464.882781 72.591529 4.125000 0.000000 -120.000000 0.000000 0.000000 0.000000 1.000000 0.000000 -120.000000 1.000000 5 0 0.000000
15 894.929687 630.578002 15.125000 0.000000 172.000000 0.000000 0.000000 0.000000 1.000000 0.000000 172.000000 1.000000 2 0 0.000000
5 574.933227 -48.875000 78.580772 0.000000 14.000000 -75.000000 0.000000 1.000000 0.000000 0.000000 14.000000 0.000000 2 0 0.000000
5 625.436035 -48.875000 120.994644 0.000000 -5.000000 -93.000000 0.000000 1.000000 0.000000 0.000000 -5.000000 0.000000 2 0 0.000000
15 153.821807 631.466125 15.125000 0.000000 16.000000 0.000000 0.000000 0.000000 1.000000 0.000000 16.000000 1.000000 2 0 0.000000
14 -255.375625 177.893203 215.125000 0.000000 0.000000 0.000000 0.000000 0.000000 1.000000 0.000000 0.000000 1.000000 0 0 0.000000
15 226.695632 278.303680 154.291946 0.000000 -5.000000 0.000000 0.447213 0.000000 0.894427 0.000000 -5.000000 1.000000 2 0 0.000000
11 651.514831 165.046569 200.125000 0.000000 0.000000 0.000000 0.000000 0.000000 1.000000 0.000000 0.000000 1.000000 2 0 0.000000
11 649.741149 83.405334 200.125000 0.000000 -1.000000 0.000000 0.000000 0.000000 1.000000 0.000000 -1.000000 1.000000 2 0 0.000000
13 750.401672 93.450073 186.090789 0.000000 178.000000 0.000000 -0.111111 0.444444 0.888888 0.000000 178.000000 1.000000 0 0 0.000000
13 751.905029 161.972167 185.989837 0.000000 178.000000 0.000000 -0.111111 -0.444444 0.888888 0.000000 178.000000 1.000000 0 0 0.000000
14 145.972488 47.581539 455.125000 0.000000 3.000000 0.000000 0.000000 0.000000 1.000000 0.000000 3.000000 1.000000 0 0 0.000000
16 -45.387065 -74.227561 175.125000 0.000000 -149.000000 0.000000 0.000000 0.000000 1.000000 0.000000 -149.000000 1.000000 0 0 0.000000
10 316.356384 -528.269958 20.125000 0.000000 176.000000 0.000000 0.000000 0.000000 1.000000 0.000000 176.000000 1.000000 2 0 0.000000
16 448.101928 233.478942 30.588798 0.000000 177.000000 0.000000 0.447213 0.000000 0.894427 0.000000 177.000000 1.000000 0 0 0.000000
16 403.758483 239.878463 52.760520 0.000000 -12.000000 0.000000 0.447213 0.000000 0.894427 0.000000 -12.000000 1.000000 0 0 0.000000
16 374.011718 230.643997 67.633903 0.000000 -42.000000 0.000000 0.447213 0.000000 0.894427 0.000000 -42.000000 1.000000 0 0 0.000000
16 296.191925 234.547210 106.543800 0.000000 178.000000 0.000000 0.447213 0.000000 0.894427 0.000000 178.000000 1.000000 0 0 0.000000
16 322.544311 238.336212 93.367607 0.000000 178.000000 0.000000 0.447213 0.000000 0.894427 0.000000 178.000000 1.000000 0 0 0.000000
15 298.493682 237.442199 133.492614 0.000000 178.000000 0.000000 0.000000 0.000000 1.000000 0.000000 178.000000 1.000000 2 0 0.000000
15 296.578887 303.000885 87.124992 0.000000 177.000000 0.000000 0.000000 0.000000 1.000000 0.000000 177.000000 1.000000 2 0 0.000000
16 355.370788 297.574279 76.954368 0.000000 178.000000 0.000000 0.447213 0.000000 0.894427 0.000000 178.000000 1.000000 0 0 0.000000
16 402.315521 298.611175 53.482002 0.000000 175.000000 0.000000 0.447213 0.000000 0.894427 0.000000 175.000000 1.000000 0 0 0.000000
16 440.846710 301.023712 34.216407 0.000000 168.000000 0.000000 0.447213 0.000000 0.894427 0.000000 168.000000 1.000000 0 0 0.000000
15 325.936340 238.687805 107.758903 0.000000 -175.000000 0.000000 0.000000 0.000000 1.000000 0.000000 -175.000000 1.000000 2 0 0.000000
14 948.475524 818.366149 7.125000 0.000000 26.000000 0.000000 0.000000 0.000000 1.000000 0.000000 26.000000 1.000000 1 0 0.000000
16 -219.684204 -15.415760 15.125000 0.000000 -61.000000 0.000000 0.000000 0.000000 1.000000 0.000000 -61.000000 1.000000 0 0 0.000000
14 -386.972015 -79.834465 7.125000 0.000000 -116.000000 0.000000 0.000000 0.000000 1.000000 0.000000 -116.000000 1.000000 0 0 0.000000
6 508.876098 830.416564 -150.875000 0.000000 94.000000 0.000000 0.000000 0.000000 1.000000 0.000000 94.000000 1.000000 0 0 0.000000
16 673.090332 -177.122406 -208.875000 0.000000 -62.000000 0.000000 0.000000 0.000000 1.000000 0.000000 -62.000000 1.000000 0 0 0.000000
16 709.458007 -240.106872 -208.875000 0.000000 -62.000000 0.000000 0.000000 0.000000 1.000000 0.000000 -62.000000 1.000000 0 0 0.000000
16 739.860412 -293.620300 -208.875000 0.000000 -62.000000 0.000000 0.000000 0.000000 1.000000 0.000000 -62.000000 1.000000 0 0 0.000000
16 769.264038 -343.218841 -208.875000 0.000000 -61.000000 0.000000 0.000000 0.000000 1.000000 0.000000 -61.000000 1.000000 0 0 0.000000
16 794.985229 -289.819091 -208.875000 0.000000 -83.000000 0.000000 0.000000 0.000000 1.000000 0.000000 -83.000000 1.000000 0 0 0.000000
16 814.620666 -224.633407 -208.875000 0.000000 -74.000000 0.000000 0.000000 0.000000 1.000000 0.000000 -74.000000 1.000000 0 0 0.000000
16 711.522521 -349.825683 -208.875000 0.000000 -75.000000 0.000000 0.000000 0.000000 1.000000 0.000000 -75.000000 1.000000 0 0 0.000000
16 666.712524 -345.666870 -208.875000 0.000000 -101.000000 0.000000 0.000000 0.000000 1.000000 0.000000 -101.000000 1.000000 0 0 0.000000
12 876.428771 -487.550262 -146.875000 0.000000 45.000000 0.000000 0.000000 0.000000 1.000000 0.000000 45.000000 1.000000 0 0 0.000000
14 660.527893 -100.735054 -152.875000 0.000000 110.000000 0.000000 0.000000 0.000000 1.000000 0.000000 110.000000 1.000000 0 0 0.000000
13 385.739715 29.814102 -210.875000 0.000000 -87.000000 0.000000 0.000000 0.000000 1.000000 0.000000 -87.000000 1.000000 0 0 0.000000
16 380.625885 -72.497016 -208.875000 0.000000 88.000000 0.000000 0.000000 0.000000 1.000000 0.000000 88.000000 1.000000 0 0 0.000000
11 544.728515 -211.195587 -183.875000 0.000000 0.000000 0.000000 0.000000 0.000000 1.000000 0.000000 0.000000 1.000000 2 0 0.000000
11 537.892395 -295.316528 -183.875000 0.000000 -1.000000 0.000000 0.000000 0.000000 1.000000 0.000000 -1.000000 1.000000 2 0 0.000000
11 243.209304 252.027664 -119.875000 0.000000 -93.000000 0.000000 0.000000 0.000000 1.000000 0.000000 -93.000000 1.000000 2 0 0.000000
11 294.750488 250.742218 -119.875000 0.000000 -88.000000 0.000000 0.000000 0.000000 1.000000 0.000000 -88.000000 1.000000 2 0 0.000000
11 360.297485 252.614089 -119.875000 0.000000 -89.000000 0.000000 0.000000 0.000000 1.000000 0.000000 -89.000000 1.000000 2 0 0.000000
11 433.743713 253.318099 -119.875000 0.000000 -89.000000 0.000000 0.000000 0.000000 1.000000 0.000000 -89.000000 1.000000 2 0 0.000000
11 492.115814 253.899093 -119.875000 0.000000 -89.000000 0.000000 0.000000 0.000000 1.000000 0.000000 -89.000000 1.000000 2 0 0.000000
11 554.309448 254.521224 -119.875000 0.000000 -89.000000 0.000000 0.000000 0.000000 1.000000 0.000000 -89.000000 1.000000 2 0 0.000000
11 605.826477 255.117294 -119.875000 0.000000 -89.000000 0.000000 0.000000 0.000000 1.000000 0.000000 -89.000000 1.000000 2 0 0.000000
11 321.261077 209.465438 -39.750000 0.000000 -31.000000 0.000000 0.000000 0.000000 1.000000 0.000000 -31.000000 1.000000 2 0 0.000000
11 393.587280 220.950744 -39.750000 0.000000 -19.000000 0.000000 0.000000 0.000000 1.000000 0.000000 -19.000000 1.000000 2 0 0.000000
11 475.888031 217.226409 -39.750000 0.000000 -24.000000 0.000000 0.000000 0.000000 1.000000 0.000000 -24.000000 1.000000 2 0 0.000000
11 556.289062 198.723205 -129.498641 0.000000 -38.000000 0.000000 0.000000 -0.447213 0.894427 0.000000 -38.000000 1.000000 2 0 0.000000
11 240.092590 203.601760 -127.059356 0.000000 -147.000000 0.000000 0.000000 -0.447213 0.894427 0.000000 -147.000000 1.000000 2 0 0.000000
11 323.203887 207.342102 -39.750000 0.000000 -35.000000 0.000000 0.000000 0.000000 1.000000 0.000000 -35.000000 1.000000 0 0 0.000000
11 167.926940 261.675872 -119.875000 0.000000 -93.000000 0.000000 0.000000 0.000000 1.000000 0.000000 -93.000000 1.000000 2 0 0.000000
15 1268.911010 -124.776199 350.095245 0.000000 179.000000 0.000000 -0.447213 0.000000 0.894427 0.000000 179.000000 1.000000 2 0 0.000000
15 1463.567016 -73.503623 439.125000 0.000000 50.000000 0.000000 0.000000 0.000000 1.000000 0.000000 50.000000 1.000000 2 0 0.000000
15 1465.700195 -152.206848 455.125000 0.000000 171.000000 0.000000 0.000000 0.000000 1.000000 0.000000 171.000000 1.000000 2 0 0.000000
15 1462.308959 -155.106811 415.125000 0.000000 -3.000000 0.000000 0.000000 0.000000 1.000000 0.000000 -3.000000 1.000000 2 0 0.000000
15 1080.570678 -92.599533 255.925064 0.000000 -93.000000 0.000000 -0.447213 0.000000 0.894427 0.000000 -93.000000 1.000000 2 0 0.000000
15 1204.102050 295.744537 564.074707 0.000000 97.000000 0.000000 0.707106 0.000000 0.707106 0.000000 97.000000 1.000000 2 0 0.000000
15 1372.239257 289.053680 580.416015 0.000000 73.000000 0.000000 -0.707106 0.000000 0.707106 0.000000 73.000000 1.000000 2 0 0.000000
15 1286.855346 298.264099 559.125000 0.000000 89.000000 0.000000 0.000000 0.000000 1.000000 0.000000 89.000000 1.000000 2 0 0.000000
15 1146.851318 259.225341 559.125000 0.000000 96.000000 0.000000 0.000000 0.000000 1.000000 0.000000 96.000000 1.000000 2 0 0.000000
11 1301.434326 392.866271 584.125000 0.000000 -92.000000 0.000000 0.000000 0.000000 1.000000 0.000000 -92.000000 1.000000 0 0 0.000000
16 1303.160400 445.344390 559.125000 0.000000 -92.000000 0.000000 0.000000 0.000000 1.000000 0.000000 -92.000000 1.000000 0 0 0.000000
11 682.425231 595.793762 602.382995 0.000000 -175.000000 0.000000 0.000000 0.707106 0.707106 0.000000 -175.000000 1.000000 2 0 0.000000
11 667.140930 643.026977 577.317687 0.000000 177.000000 0.000000 -0.707106 0.000000 0.707106 0.000000 177.000000 1.000000 2 0 0.000000
11 684.817749 694.263671 584.125000 0.000000 162.000000 0.000000 0.000000 0.000000 1.000000 0.000000 162.000000 1.000000 2 0 0.000000
15 618.536499 589.767639 522.713256 0.000000 -32.000000 0.000000 -0.707106 0.000000 0.707106 0.000000 -32.000000 1.000000 2 0 0.000000
15 620.771484 704.147949 524.948242 0.000000 30.000000 0.000000 -0.707106 0.000000 0.707106 0.000000 30.000000 1.000000 2 0 0.000000
16 1049.380859 -66.181884 366.050079 0.000000 133.000000 0.000000 0.000000 0.000000 1.000000 0.000000 133.000000 1.000000 0 1 0.000000
11 2332.161132 -2511.171875 -87.750000 0.000000 -105.000000 0.000000 0.000000 0.000000 1.000000 0.000000 -105.000000 1.000000 2 1 0.000000
11 2383.833251 -2435.788085 -103.750000 0.000000 -76.000000 0.000000 0.000000 0.000000 1.000000 0.000000 -76.000000 1.000000 2 1 0.000000
11 2330.621337 -2461.979980 -103.750000 0.000000 -54.000000 0.000000 0.000000 0.000000 1.000000 0.000000 -54.000000 1.000000 2 1 0.000000
9 2303.930908 -937.240661 -179.750000 0.000000 93.000000 0.000000 0.000000 0.000000 1.000000 0.000000 93.000000 1.000000 6 1 0.000000
16 603.953430 -653.187927 -128.750000 0.000000 88.000000 0.000000 0.000000 0.000000 1.000000 0.000000 88.000000 1.000000 0 1 0.000000
16 664.258178 -660.267883 -128.750000 0.000000 76.000000 0.000000 0.000000 0.000000 1.000000 0.000000 76.000000 1.000000 0 1 0.000000
11 2425.232910 -907.514038 -183.875000 0.000000 46.000000 0.000000 0.000000 0.000000 1.000000 0.000000 46.000000 1.000000 2 1 0.000000
11 2366.011962 -902.215759 -103.750000 0.000000 72.000000 0.000000 0.000000 0.000000 1.000000 0.000000 72.000000 1.000000 2 1 0.000000
11 1819.885742 -2028.563964 -103.750000 0.000000 -160.000000 0.000000 0.000000 0.000000 1.000000 0.000000 -160.000000 1.000000 2 1 0.000000
11 1822.693237 -1926.308349 -103.750000 0.000000 146.000000 0.000000 0.000000 0.000000 1.000000 0.000000 146.000000 1.000000 2 1 0.000000
11 1814.325561 -1978.919311 -103.750000 0.000000 177.000000 0.000000 0.000000 0.000000 1.000000 0.000000 177.000000 1.000000 2 1 0.000000
11 1886.815307 -2050.833251 -103.750000 0.000000 175.000000 0.000000 0.000000 0.000000 1.000000 0.000000 175.000000 1.000000 2 1 0.000000
11 1963.683593 -2058.608398 -103.750000 0.000000 108.000000 0.000000 0.000000 0.000000 1.000000 0.000000 108.000000 1.000000 2 1 0.000000
11 1962.914306 -2003.824462 -103.750000 0.000000 175.000000 0.000000 0.000000 0.000000 1.000000 0.000000 175.000000 1.000000 2 1 0.000000
11 1977.330322 -1941.021972 -103.750000 0.000000 -91.000000 0.000000 0.000000 0.000000 1.000000 0.000000 -91.000000 1.000000 2 1 0.000000
11 1910.947021 -1893.217895 -103.750000 0.000000 -98.000000 0.000000 0.000000 0.000000 1.000000 0.000000 -98.000000 1.000000 2 1 0.000000
15 2029.800048 -2334.885742 -71.440567 0.000000 175.000000 0.000000 0.000000 -0.554703 0.832047 0.000000 175.000000 1.000000 2 1 0.000000
15 1894.526000 -2133.410400 -152.875000 0.000000 85.000000 0.000000 0.000000 0.000000 1.000000 0.000000 85.000000 1.000000 2 1 0.000000
11 1027.563354 -1814.329345 32.250000 0.000000 76.000000 0.000000 0.000000 0.000000 1.000000 0.000000 76.000000 1.000000 2 1 0.000000
11 1123.143432 -1853.945922 32.250003 0.000000 51.000000 0.000000 0.000000 0.000000 1.000000 0.000000 51.000000 1.000000 2 1 0.000000
11 1863.608764 -1895.600097 -103.750000 0.000000 113.000000 0.000000 0.000000 0.000000 1.000000 0.000000 113.000000 1.000000 2 1 0.000000
15 1690.739379 -1868.351928 -90.750000 0.000000 95.000000 0.000000 0.000000 0.000000 1.000000 0.000000 95.000000 1.000000 2 1 0.000000
11 1257.231201 -2591.354248 -103.750000 0.000000 -90.000000 0.000000 0.000000 0.000000 1.000000 0.000000 -90.000000 1.000000 2 1 0.000000
11 1173.375732 -2593.850341 -103.750000 0.000000 -93.000000 0.000000 0.000000 0.000000 1.000000 0.000000 -93.000000 1.000000 2 1 0.000000
11 1098.721191 -2595.451904 -103.750000 0.000000 -92.000000 0.000000 0.000000 0.000000 1.000000 0.000000 -92.000000 1.000000 2 1 0.000000
11 1214.264160 -2593.588867 -103.750000 0.000000 -89.000000 0.000000 0.000000 0.000000 1.000000 0.000000 -89.000000 1.000000 2 1 0.000000
11 1049.285888 -2604.429931 -103.750000 0.000000 -86.000000 0.000000 0.000000 0.000000 1.000000 0.000000 -86.000000 1.000000 2 1 0.000000
11 1772.449951 -912.073974 -103.750000 0.000000 112.000000 0.000000 0.000000 0.000000 1.000000 0.000000 112.000000 1.000000 2 1 0.000000
11 1702.441040 -994.272277 -103.750000 0.000000 112.000000 0.000000 0.000000 0.000000 1.000000 0.000000 112.000000 1.000000 2 1 0.000000
15 1979.270874 -1050.743652 157.250000 0.000000 -75.000000 0.000000 0.000000 0.000000 1.000000 0.000000 -75.000000 1.000000 2 1 0.000000
15 1999.469360 -830.452880 125.250000 0.000000 86.000000 0.000000 0.000000 0.000000 1.000000 0.000000 86.000000 1.000000 2 1 0.000000
15 2070.929931 -816.556152 147.250000 0.000000 91.000000 0.000000 0.000000 0.000000 1.000000 0.000000 91.000000 1.000000 2 1 0.000000
13 1611.618408 -1702.586181 93.250000 0.000000 -33.000000 0.000000 0.000000 0.000000 1.000000 0.000000 -33.000000 1.000000 0 1 0.000000
13 1659.092285 -1636.247680 93.250000 0.000000 -56.000000 0.000000 0.000000 0.000000 1.000000 0.000000 -56.000000 1.000000 0 1 0.000000
13 1730.059936 -1536.580200 93.250000 0.000000 0.000000 0.000000 0.000000 0.000000 1.000000 0.000000 0.000000 1.000000 0 1 0.000000
15 2056.572753 -1090.329345 244.051132 0.000000 136.000000 0.000000 0.000000 0.000000 1.000000 0.000000 136.000000 1.000000 2 1 0.000000
15 2193.052978 -1096.220214 250.265380 0.000000 72.000000 0.000000 0.000000 0.000000 1.000000 0.000000 72.000000 1.000000 2 1 0.000000
15 2142.456054 -686.435791 598.612548 0.000000 -173.000000 0.000000 0.000000 0.707106 0.707106 0.000000 -173.000000 1.000000 2 1 0.000000
15 2144.998779 -585.211608 606.965209 0.000000 172.000000 0.000000 0.000000 -0.707106 0.707106 0.000000 172.000000 1.000000 2 1 0.000000
15 1413.043945 -624.069152 79.125000 0.000000 -132.000000 0.000000 0.000000 0.000000 1.000000 0.000000 -132.000000 1.000000 2 1 0.000000
13 530.269165 -199.993942 89.250000 0.000000 15.000000 0.000000 0.000000 0.000000 1.000000 0.000000 15.000000 1.000000 0 1 0.000000
13 526.094238 -269.819580 89.250000 0.000000 -4.000000 0.000000 0.000000 0.000000 1.000000 0.000000 -4.000000 1.000000 0 1 0.000000
13 500.490692 -347.066986 89.250000 0.000000 -36.000000 0.000000 0.000000 0.000000 1.000000 0.000000 -36.000000 1.000000 0 1 0.000000
11 651.514831 165.046569 280.250000 0.000000 0.000000 0.000000 0.000000 0.000000 1.000000 0.000000 0.000000 1.000000 2 1 0.000000
11 649.741149 83.405334 280.250000 0.000000 -1.000000 0.000000 0.000000 0.000000 1.000000 0.000000 -1.000000 1.000000 2 1 0.000000
15 1463.567016 -73.503860 492.887786 0.000000 50.000000 0.000000 0.000000 -0.447213 0.894427 0.000000 50.000000 1.000000 2 1 0.000000
13 824.393676 -1193.244628 -130.750000 0.000000 26.000000 0.000000 0.000000 0.000000 1.000000 0.000000 26.000000 1.000000 0 2 0.000000
16 1054.849365 -61.258476 406.175079 0.000000 132.000000 0.000000 0.000000 0.000000 1.000000 0.000000 132.000000 1.000000 0 2 0.000000
11 2332.161132 -2511.171875 -7.624996 0.000000 -105.000000 0.000000 0.000000 0.000000 1.000000 0.000000 -105.000000 1.000000 2 2 0.000000
11 2383.833251 -2435.788085 -23.624998 0.000000 -76.000000 0.000000 0.000000 0.000000 1.000000 0.000000 -76.000000 1.000000 2 2 0.000000
11 2330.621337 -2461.979980 -23.624998 0.000000 -54.000000 0.000000 0.000000 0.000000 1.000000 0.000000 -54.000000 1.000000 2 2 0.000000
11 1819.885742 -2028.563964 -23.625003 0.000000 -160.000000 0.000000 0.000000 0.000000 1.000000 0.000000 -160.000000 1.000000 2 2 0.000000
15 1902.038940 -1051.569946 157.250000 0.000000 -87.000000 0.000000 0.000000 0.000000 1.000000 0.000000 -87.000000 1.000000 2 2 0.000000
15 2056.572753 -1090.329345 354.176147 0.000000 136.000000 0.000000 0.000000 0.000000 1.000000 0.000000 136.000000 1.000000 2 2 0.000000
15 2189.121337 -1124.805053 360.390380 0.000000 34.000000 0.000000 0.000000 0.000000 1.000000 0.000000 34.000000 1.000000 2 2 0.000000
15 2192.899902 -629.388977 717.090209 0.000000 173.000000 0.000000 0.000000 0.000000 1.000000 0.000000 173.000000 1.000000 2 2 0.000000
16 1070.526123 -71.129165 446.300079 0.000000 48.000000 0.000000 0.000000 0.000000 1.000000 0.000000 48.000000 1.000000 0 3 0.000000
16 1093.026245 -88.060134 486.425079 0.000000 50.000000 0.000000 0.000000 0.000000 1.000000 0.000000 50.000000 1.000000 0 4 0.000000
